195.55133175849915,9,73.99,0.943905215263,100.0,5.25564,0.0369124,0.0,0.0
393.8206114768982,19,76.92,0.628962258101,96.0,10.5268,0.040754,0.0,0.0
587.9223945140839,29,77.23,0.734846570492,91.0,21.2643,0.102081,0.0,0.0
780.7946555614471,39,73.34,0.858997790217,91.0,31.743,0.157397,0.0,0.0
973.1266148090363,49,66.78,1.10832444012,84.0,35.7717,0.456389,0.0,0.0
1166.0155606269836,59,67.95,1.18461831033,85.0,40.7803,0.613973,0.0,0.0
1358.5243890285492,69,61.09,1.41200764179,72.0,43.3909,0.962976,0.0,0.0
1551.5580208301544,79,65.92,1.34027595758,78.0,50.9741,0.760011,0.0,0.0
1744.742656469345,89,67.45,1.2836849761,85.0,53.1819,0.728102,0.0,0.0
1938.5640816688538,99,62.43,1.47160497069,77.0,55.3148,0.947635,0.0,0.0
2131.410891532898,109,59.3,1.63257401943,68.0,56.0306,1.1713,0.0,0.0
2324.971883535385,119,53.6,1.52204982519,60.0,58.0982,1.14027,0.0,0.0
2518.9128510951996,129,54.54,1.4874068141,65.0,60.1233,1.07913,0.0,0.0
2712.6929790973663,139,54.7,1.50737871528,61.0,61.6211,1.13166,0.0,0.0
2905.6565017700195,149,52.43,1.54066707253,57.0,66.2576,1.18409,0.0,0.0
3099.0085875988007,159,52.89,1.52936047196,59.0,65.7139,1.18757,0.0,0.0
3291.79412317276,169,52.72,1.54386551499,57.0,67.1602,1.23689,0.0,0.0
3484.3448803424835,179,51.64,1.53213730335,57.0,69.4097,1.23078,0.0,0.0
3678.1367406845093,189,52.26,1.55267240167,56.0,67.101,1.23917,0.0,0.0
3871.3951947689056,199,51.52,1.57679535508,57.0,68.7868,1.27913,0.0,0.0
130,9,79.4499980164,0.972688980699,99.9999923706,7.74931,0.00175687,0.0,0.0
263,19,80.6099982452,1.00909500122,100.0,6.56572,0.00038283,0.0,0.0
396,29,84.7999993896,0.810522118509,99.9999923706,6.47257,0.00010926,0.0,0.0
529,39,86.4199990845,0.731629539728,100.0,6.16872,3.85158e-05,0.0,0.0
662,49,86.2000001526,0.78050440222,100.0,6.53537,2.5479e-05,0.0,0.0
795,59,88.1900016785,0.692512025237,99.9999923706,6.23977,2.78685e-05,0.0,0.0
928,69,88.7200006104,0.655106515139,99.9999923706,5.91369,9.07607e-06,0.0,0.0
1061,79,89.3100004578,0.638840678558,100.0,5.58884,1.44629e-05,0.0,0.0
1194,89,90.3100009918,0.605859086514,99.9999923706,5.45429,3.47011e-06,0.0,0.0
1328,99,90.5400013733,0.56549998641,100.0,5.99835,5.93858e-06,0.0,0.0
1460,109,90.620001297,0.57760325484,100.0,5.74703,3.71183e-06,0.0,0.0
1591,119,90.6500016022,0.606661866754,100.0,5.35245,1.94547e-06,0.0,0.0
1721,129,90.9100013733,0.585334787667,99.9999923706,4.96778,1.62716e-06,0.0,0.0
1850,139,91.7700019073,0.545232094228,100.0,5.37892,1.25526e-06,0.0,0.0
1979,149,91.1900016785,0.577683997452,100.0,5.14103,2.65825e-06,0.0,0.0
2105,159,91.5800020599,0.559776755869,100.0,5.342,2.43882e-06,0.0,0.0
2231,169,91.7400019836,0.559660584182,99.9999923706,5.39722,1.96214e-06,0.0,0.0
2355,179,91.9800012207,0.563621028922,100.0,5.14285,3.6105e-06,0.0,0.0
2480,189,91.9200006104,0.56187083669,100.0,5.47727,3.44513e-07,0.0,0.0
2605,199,91.9700026703,0.550643357113,100.0,5.01631,5.57897e-07,0.0,0.0
