240,4,4.88999839783,0.237211609334,7.62939453125e-06,17.8365,0.0172964,17.8192,0.0
436,9,3.27000038147,0.14356797576,0.0,13.6247,0.00392792,13.6208,0.0
606,14,2.63000167847,0.115148505997,7.62939453125e-06,12.5922,0.00159459,12.5906,0.0
779,19,2.22000190735,0.0987565782759,7.62939453125e-06,11.8136,0.000614169,11.813,0.0
951,24,2.09000221252,0.0988930943049,7.62939453125e-06,11.3109,0.000315805,11.3106,0.0
1121,29,2.10000190735,0.0948328874214,0.0,11.4645,0.000249297,11.4643,0.0
1294,34,2.17000259399,0.094797429028,0.0,11.2872,0.000116584,11.287,0.0
1464,39,2.02000167847,0.1097871025,0.0,10.8833,3.86433e-05,10.8833,0.0
1636,44,1.75000190735,0.0944050908159,0.0,10.6999,2.87476e-05,10.6998,0.0
1808,49,1.95000198364,0.0986623503489,7.62939453125e-06,10.8806,3.27631e-05,10.8805,0.0
1980,54,1.87000198364,0.0976804620784,0.0,10.5133,1.29659e-05,10.5133,0.0
2152,59,1.66000236511,0.0881642720185,0.0,10.3618,1.9533e-05,10.3618,0.0
2325,64,1.76000236511,0.104050009723,7.62939453125e-06,10.4959,8.9965e-06,10.4959,0.0
2495,69,1.73000160217,0.0914915878436,0.0,10.568,2.14559e-05,10.568,0.0
2668,74,1.94000289917,0.104165148677,0.0,10.1591,5.11983e-06,10.1591,0.0
2840,79,1.78000274658,0.0870098283072,0.0,10.0312,3.95533e-06,10.0312,0.0
3012,84,1.71000198364,0.095020452656,0.0,9.92832,5.94357e-06,9.92831,0.0
3184,89,1.67000221252,0.0969163307181,0.0,9.98125,3.53212e-06,9.98125,0.0
3356,94,1.75000228882,0.0917360917175,7.62939453125e-06,9.74017,4.82072e-06,9.74016,0.0
3529,99,1.64000320435,0.0999376542855,0.0,10.2828,2.27568e-06,10.2828,0.0
3702,104,1.55000228882,0.0882664536795,7.62939453125e-06,9.56915,4.44616e-06,9.56915,0.0
3876,109,1.4600025177,0.0948554231226,7.62939453125e-06,9.92408,5.90516e-06,9.92407,0.0
4047,114,1.63000228882,0.0917828066571,7.62939453125e-06,9.78437,3.79912e-06,9.78436,0.0
4220,119,1.48000228882,0.090050882904,0.0,9.50218,3.33536e-06,9.50218,0.0
4391,124,1.58000267029,0.10204552004,7.62939453125e-06,9.54504,2.38174e-06,9.54503,0.0
4562,129,1.5500025177,0.0938970716816,0.0,9.45192,5.18181e-06,9.45192,0.0
4735,134,1.43000274658,0.0843571000968,7.62939453125e-06,9.77246,2.27806e-06,9.77246,0.0
4908,139,1.54000190735,0.102318709602,7.62939453125e-06,9.87696,2.78112e-06,9.87696,0.0
5078,144,1.47000221252,0.0844165417319,7.62939453125e-06,9.33232,2.44848e-06,9.33231,0.0
5246,149,1.46000259399,0.0926995134581,7.62939453125e-06,9.34331,2.07421e-06,9.34331,0.0
5416,154,1.47000236511,0.0940547273279,0.0,9.23753,2.32573e-06,9.23753,0.0
5584,159,1.43000236511,0.0973768752187,0.0,9.28781,1.80839e-06,9.28781,0.0
5752,164,1.44000228882,0.0872489135468,0.0,9.33863,7.64042e-06,9.33862,0.0
5919,169,1.54000228882,0.0969556499971,0.0,9.5204,1.59977e-06,9.52039,0.0
6084,174,1.47000221252,0.0955828258791,0.0,9.37246,4.35113e-07,9.37246,0.0
6253,179,1.48000259399,0.0961508476164,7.62939453125e-06,9.18846,1.66414e-06,9.18846,0.0
6421,184,1.34000236511,0.0854444933841,0.0,9.34848,1.56516e-06,9.34847,0.0
6587,189,1.40000267029,0.0864055935355,0.0,9.07816,3.01219e-06,9.07816,0.0
6754,194,1.48000274658,0.0900708144292,7.62939453125e-06,9.23578,5.09022e-07,9.23578,0.0
6921,199,1.35000297546,0.089566822006,0.0,8.89361,1.7595e-06,8.89361,0.0
7087,204,1.41000267029,0.0976468294798,7.62939453125e-06,9.33716,5.47169e-07,9.33716,0.0
7253,209,1.33000282288,0.083914921607,0.0,9.31397,1.02162e-06,9.31397,0.0
7420,214,1.34000259399,0.092833649607,7.62939453125e-06,9.1701,6.41341e-07,9.17009,0.0
7587,219,1.32000282288,0.0925900057682,7.62939453125e-06,9.28337,5.26904e-07,9.28337,0.0
7754,224,1.49000228882,0.0864862026807,0.0,9.20474,1.77381e-06,9.20473,0.0
7923,229,1.40000259399,0.0998339878244,0.0,9.2526,3.34978e-07,9.2526,0.0
8090,234,1.48000221252,0.096904254842,7.62939453125e-06,8.93178,9.38166e-07,8.93178,0.0
8257,239,1.34000282288,0.0876006565358,7.62939453125e-06,9.1371,1.51274e-06,9.1371,0.0
8297,240,1.43000221252,0.0986084698056,7.62939453125e-06,8.99514,5.61474e-07,8.99514,0.0
8336,241,1.5000025177,0.0974123379217,7.62939453125e-06,9.39212,1.01922e-06,9.39212,0.0
8374,242,1.37000228882,0.101457392916,0.0,9.17505,9.26249e-07,9.17505,0.0
8413,243,1.40000312805,0.101452904286,7.62939453125e-06,9.38614,3.51667e-07,9.38614,0.0
8452,244,1.44000305176,0.0959173170841,7.62939453125e-06,9.23694,4.68492e-07,9.23694,0.0
8491,245,1.22000259399,0.0840694368285,7.62939453125e-06,9.36794,5.3048e-07,9.36794,0.0
8530,246,1.32000244141,0.0922894521601,7.62939453125e-06,8.9246,2.12067e-06,8.92459,0.0
8569,247,1.26000274658,0.0949562964226,7.62939453125e-06,8.80296,2.32458e-07,8.80296,0.0
8608,248,1.42000305176,0.0920328875413,7.62939453125e-06,9.046,2.92062e-07,9.046,0.0
8647,249,1.30000267029,0.0901343222553,7.62939453125e-06,9.24397,1.99547e-06,9.24396,0.0
