727,4,5.46000068665,0.258156335764,0.0,9.35581,0.0743315,8.93544,0.346036
1463,9,3.19000095367,0.150359923653,0.0,7.85857,0.0298463,7.35342,0.475304
2191,14,2.77000110626,0.128149891617,0.0,7.0154,0.0192693,6.65142,0.344708
2917,19,2.5200006485,0.117705956278,0.0,7.06657,0.0162306,6.71498,0.33535
3649,24,2.45000083923,0.111945969146,0.0,6.69528,0.0133604,6.27448,0.407449
4372,29,2.55000118256,0.114651863105,0.0,7.20614,0.012299,6.73628,0.457564
5097,34,2.2900005722,0.104766902146,0.0,6.7187,0.0105701,6.36404,0.344094
5828,39,2.22000087738,0.106095848545,0.0,6.77208,0.0106295,6.38546,0.37599
6563,44,2.13000171661,0.0958334835386,0.0,6.60876,0.00942525,6.19845,0.400888
7281,49,2.27000053406,0.103219963377,0.0,6.25784,0.00888482,6.00157,0.247377
8009,54,2.13000091553,0.0972805549949,0.0,6.34854,0.00819295,5.98237,0.357978
8717,59,2.12000102997,0.0957049916149,0.0,6.54775,0.00730835,6.01852,0.521922
9445,64,2.10000083923,0.0939196777996,0.0,6.53765,0.00732095,5.94258,0.58775
10174,69,2.07000068665,0.0931712569972,0.0,6.24652,0.00671451,5.81815,0.421654
10915,74,2.17000110626,0.0999213197781,0.0,6.18971,0.00696556,5.8611,0.321651
11665,79,2.2000012207,0.0979334638617,0.0,5.95645,0.00655432,5.78101,0.168888
12409,84,2.10000102997,0.0969124263269,0.0,6.08186,0.00595714,5.69846,0.37744
13154,89,2.07000102997,0.0970134458179,0.0,6.09683,0.0059663,5.6675,0.423365
13895,94,2.16000068665,0.10009027191,0.0,6.3368,0.00565541,5.92406,0.407085
14616,99,2.14000087738,0.0968292429624,0.0,6.06177,0.00532053,5.68235,0.374094
15255,104,2.10000106812,0.095492652317,0.0,5.86925,0.00544725,5.50585,0.357943
15897,109,2.10000102997,0.0993431664095,0.0,5.66254,0.0052104,5.3486,0.308733
16549,114,2.07000091553,0.092653845069,0.0,6.041,0.00516878,5.60875,0.42708
17196,119,2.01000099182,0.0937588227377,0.0,6.10966,0.00518471,5.65892,0.445558
17859,124,1.88000087738,0.0858256875514,0.0,5.78329,0.0048053,5.45715,0.321336
18526,129,1.98000110626,0.0914515115134,0.0,5.90672,0.00488623,5.48693,0.414899
19179,134,1.95000110626,0.089701961698,0.0,5.92712,0.00491149,5.54322,0.378988
19871,139,2.02000095367,0.0927757816203,0.0,6.1431,0.00487167,5.57108,0.567146
20526,144,1.95000095367,0.0946175502846,0.0,6.14042,0.00492166,5.65647,0.479029
21192,149,1.92000053406,0.0896307020145,0.0,6.15904,0.00443451,5.70384,0.450763
21860,154,2.02000099182,0.0936487743794,0.0,6.30227,0.00440346,5.82731,0.470555
22527,159,2.05000076294,0.0916896623909,0.0,5.98573,0.00473958,5.52003,0.460958
23188,164,2.05000110626,0.0926819422795,0.0,5.90092,0.00490275,5.46951,0.426498
23842,169,2.0400012207,0.0980775335128,0.0,5.99662,0.00441486,5.43718,0.555028
24413,174,2.00000106812,0.0937479028455,0.0,5.64538,0.00446918,5.33224,0.308674
24824,179,1.99000114441,0.0913875280297,0.0,6.00155,0.00436504,5.54152,0.455664
25230,184,1.95000114441,0.0901927970676,0.0,5.85209,0.00431988,5.34378,0.503982
25632,189,1.93000114441,0.0998945237393,0.0,5.77874,0.00420054,5.35784,0.416693
26036,194,1.82000083923,0.0943950001593,0.0,5.78344,0.00401403,5.32311,0.456314
26437,199,1.8700012207,0.0930697416747,0.0,5.88227,0.0041985,5.42948,0.448589
26844,204,1.91000053406,0.0950631233351,0.0,5.90963,0.00421511,5.3606,0.544813
27247,209,1.98000095367,0.0935295086494,0.0,5.65448,0.00386359,5.2494,0.401212
27648,214,2.04000091553,0.100877397009,0.0,5.95313,0.00396121,5.65363,0.295541
28048,219,1.97000091553,0.101115504375,0.0,5.87051,0.00416969,5.29425,0.572091
28447,224,1.85000080109,0.0929292868567,0.0,5.84538,0.00378168,5.25735,0.584249
28851,229,1.9700012207,0.0931394514802,0.0,5.77299,0.00383039,5.32024,0.448919
29250,234,1.92000076294,0.0943734810641,0.0,6.03729,0.00393977,5.62623,0.407124
29650,239,1.95000118256,0.0943979775417,0.0,5.84366,0.0039949,5.37155,0.468123
29734,240,1.97000095367,0.095003121011,0.0,5.70002,0.0040093,5.26266,0.433344
29820,241,1.96000148773,0.0958788983035,0.0,5.73428,0.00384271,5.45337,0.27707
29904,242,1.85000099182,0.0934292431106,0.0,6.00662,0.00384893,5.5115,0.49127
29989,243,1.92000076294,0.0941940875084,0.0,5.58124,0.00392165,5.14932,0.428
30075,244,1.92000072479,0.0952963221422,0.0,5.78073,0.00375478,5.27669,0.500283
30160,245,1.9500006485,0.102891415411,0.0,6.01678,0.00370342,5.50375,0.509322
30243,246,1.86000114441,0.0914070311468,0.0,5.53896,0.00370092,5.14516,0.390096
30328,247,1.9200012207,0.0993469940289,0.0,5.68002,0.00387375,5.26081,0.415338
30413,248,1.82000125885,0.0907349712215,0.0,5.75665,0.00370435,5.36886,0.384079
30497,249,1.97000106812,0.0939158638264,0.0,5.72685,0.00374388,5.37753,0.345575
