91,4,6.2299987793,0.281006630436,7.62939453125e-06,18.0253,0.0219077,18.0034,0.0
185,9,4.11999977112,0.171370062865,7.62939453125e-06,14.1464,0.00524868,14.1412,0.0
280,14,2.9300012207,0.124804890398,0.0,12.7106,0.00183972,12.7087,0.0
373,19,2.72000114441,0.117856555972,7.62939453125e-06,11.9165,0.000760752,11.9157,0.0
468,24,2.46000144958,0.106398713011,0.0,11.4659,0.000338101,11.4656,0.0
563,29,2.12000190735,0.0973629940813,7.62939453125e-06,11.6593,0.000207177,11.6591,0.0
657,34,1.96000213623,0.099918965695,0.0,11.1418,0.000150996,11.1417,0.0
751,39,2.13000221252,0.101475132965,7.62939453125e-06,11.0256,5.49498e-05,11.0256,0.0
845,44,2.11000190735,0.106098435886,0.0,11.4011,4.3841e-05,11.4011,0.0
939,49,2.00000175476,0.103906546761,7.62939453125e-06,10.6654,4.15476e-05,10.6653,0.0
1033,54,1.86000267029,0.0978461090568,0.0,10.096,2.22126e-05,10.096,0.0
1126,59,1.84000236511,0.0912866875646,0.0,10.7763,1.43329e-05,10.7763,0.0
1220,64,1.76000259399,0.100247696561,7.62939453125e-06,10.2189,1.19943e-05,10.2189,0.0
1315,69,1.65000244141,0.0968453157227,0.0,9.95377,9.76377e-06,9.95376,0.0
1410,74,1.77000244141,0.0950508054404,0.0,10.4792,8.97727e-06,10.4792,0.0
1505,79,1.85000244141,0.0959557244624,7.62939453125e-06,10.304,1.582e-05,10.304,0.0
1599,84,1.68000190735,0.0991941551946,7.62939453125e-06,10.3746,5.79558e-05,10.3745,0.0
1694,89,1.55000221252,0.0978907299995,0.0,10.314,6.20333e-06,10.314,0.0
1788,94,1.3900025177,0.0954292270058,0.0,10.2422,2.39247e-05,10.2421,0.0
1883,99,1.67000312805,0.100451925318,0.0,9.89546,4.99468e-06,9.89545,0.0
1977,104,1.46000244141,0.0909017066925,7.62939453125e-06,10.1336,3.7288e-06,10.1336,0.0
2072,109,1.58000305176,0.0860888007208,7.62939453125e-06,9.48618,2.73939e-06,9.48618,0.0
2164,114,1.45000274658,0.0921808249672,7.62939453125e-06,9.87005,2.11237e-06,9.87005,0.0
2259,119,1.44000259399,0.0834648600256,7.62939453125e-06,10.007,2.80853e-06,10.007,0.0
2353,124,1.56000259399,0.0913841152703,0.0,9.6916,2.31738e-06,9.6916,0.0
2447,129,1.44000259399,0.0910314337123,0.0,9.48278,2.00628e-06,9.48278,0.0
2534,134,1.33000335693,0.0830888393917,7.62939453125e-06,9.34277,1.96216e-06,9.34277,0.0
2604,139,1.51000282288,0.0936873518582,7.62939453125e-06,9.531,1.52587e-06,9.531,0.0
2674,144,1.41000259399,0.0898355722519,0.0,9.34549,2.7819e-05,9.34546,0.0
2743,149,1.35000267029,0.0946244049867,7.62939453125e-06,10.3944,1.17898e-06,10.3944,0.0
2813,154,1.60000205994,0.0972424062014,0.0,9.41037,2.06827e-06,9.41037,0.0
2882,159,1.45000312805,0.0861804443569,7.62939453125e-06,9.57,9.52478e-07,9.57,0.0
2952,164,1.36000289917,0.0968956767611,7.62939453125e-06,9.35402,1.93832e-06,9.35402,0.0
3022,169,1.55000244141,0.0983155567077,0.0,9.43905,4.80715e-06,9.43904,0.0
3090,174,1.28000274658,0.085590493463,0.0,9.48816,2.46991e-06,9.48816,0.0
3160,179,1.37000312805,0.0898831702233,0.0,9.50893,1.30652e-06,9.50892,0.0
3230,184,1.33000297546,0.0874327935124,0.0,9.96996,1.04069e-06,9.96995,0.0
3300,189,1.40000221252,0.102126649501,7.62939453125e-06,9.39964,1.70109e-06,9.39964,0.0
3370,194,1.4800025177,0.0992753325147,0.0,9.41321,3.99351e-07,9.41321,0.0
3440,199,1.37000244141,0.0906769880107,0.0,9.33065,6.97371e-07,9.33065,0.0
3510,204,1.41000228882,0.09813442819,0.0,9.9256,4.1538e-06,9.9256,0.0
3580,209,1.33000274658,0.0865244468691,0.0,9.365,2.16952e-06,9.365,0.0
3649,214,1.28000328064,0.0862591151216,7.62939453125e-06,9.22171,1.46983e-06,9.22171,0.0
3719,219,1.40000312805,0.0950789156667,0.0,9.48876,5.33934e-06,9.48875,0.0
3788,224,1.46000244141,0.0887443182513,0.0,9.12346,2.25657e-06,9.12346,0.0
3858,229,1.38000320435,0.102960161221,7.62939453125e-06,9.21166,5.60283e-07,9.21165,0.0
3925,234,1.34000305176,0.0864494877619,7.62939453125e-06,9.40274,9.62007e-07,9.40274,0.0
3995,239,1.3700025177,0.0921043368537,7.62939453125e-06,9.24047,1.69513e-06,9.24047,0.0
4011,240,1.35000236511,0.0900791133779,0.0,9.15263,6.18694e-07,9.15263,0.0
4026,241,1.38000297546,0.0940364062553,0.0,9.28832,8.20157e-07,9.28832,0.0
4041,242,1.42000289917,0.0910996690404,7.62939453125e-06,9.49253,7.20016e-07,9.49253,0.0
4057,243,1.38000259399,0.093742878652,0.0,9.15097,3.63587e-07,9.15097,0.0
4072,244,1.43000350952,0.0951174052269,7.62939453125e-06,9.25126,4.93526e-07,9.25126,0.0
4088,245,1.37000259399,0.0925928700121,7.62939453125e-06,9.13499,1.05023e-06,9.13498,0.0
4104,246,1.31000312805,0.0872252118738,7.62939453125e-06,9.27391,7.76049e-07,9.27391,0.0
4119,247,1.31000289917,0.0978292852032,0.0,9.39411,5.98401e-06,9.39411,0.0
4135,248,1.34000267029,0.0909149299003,0.0,9.29827,2.6416e-06,9.29827,0.0
4150,249,1.47000236511,0.0952593121524,0.0,9.17539,5.84124e-07,9.17539,0.0
