136,4,4.89000022888,0.212709626332,7.62939453125e-06,17.5528,0.0281187,17.4437,0.0809392
272,9,3.46000022888,0.157485546842,7.62939453125e-06,14.0135,0.0197717,13.9465,0.0472932
410,14,2.84000175476,0.130607339405,7.62939453125e-06,13.3432,0.0167559,13.2656,0.0608851
544,19,2.8800012207,0.126205710918,0.0,12.1974,0.0151629,12.0997,0.0825102
682,24,2.48000190735,0.114736364633,0.0,11.7559,0.0148455,11.6772,0.0637986
817,29,2.53000190735,0.110738622062,0.0,11.7684,0.0140691,11.6919,0.062367
955,34,2.50000175476,0.110513716079,7.62939453125e-06,11.2957,0.013303,11.2024,0.0800019
1090,39,2.30000267029,0.105536018796,0.0,11.504,0.0148378,11.4195,0.0697541
1229,44,2.36000244141,0.101498240121,7.62939453125e-06,10.9919,0.0128577,10.8802,0.0988629
1364,49,2.16000221252,0.101868557557,7.62939453125e-06,11.1121,0.012243,11.0564,0.043517
1503,54,2.37000183105,0.102765834816,0.0,10.9428,0.0119526,10.8437,0.0871273
1638,59,2.16000213623,0.0936812105402,7.62939453125e-06,10.8213,0.0109173,10.7267,0.0837305
1776,64,2.02000244141,0.0950892380252,7.62939453125e-06,10.3027,0.0109343,10.2339,0.057875
1910,69,1.98000228882,0.0906889582053,0.0,10.2672,0.011802,10.1829,0.0724901
2046,74,2.00000259399,0.0891993125714,7.62939453125e-06,10.3204,0.0118136,10.2474,0.0612673
2185,79,2.05000228882,0.0958191550709,7.62939453125e-06,10.5212,0.0106948,10.4145,0.0960261
2320,84,1.9400025177,0.0889798028395,7.62939453125e-06,10.2907,0.0112559,10.2222,0.0572212
2459,89,2.04000205994,0.0910452288017,0.0,10.2512,0.00981396,10.1445,0.0968932
2595,94,1.95000297546,0.0917540616915,0.0,9.94853,0.0098961,9.83902,0.0996091
2734,99,2.08000236511,0.0903986395709,7.62939453125e-06,10.0725,0.0102695,9.95506,0.107204
2870,104,1.93000289917,0.088816777356,0.0,10.2911,0.0100764,10.2228,0.0582148
3010,109,2.0600025177,0.08727489179,0.0,10.4321,0.0107055,10.3303,0.0910964
3146,114,2.16000244141,0.0916097631492,7.62939453125e-06,10.8703,0.010089,10.7847,0.0755123
3286,119,1.90000221252,0.0854572148994,0.0,10.0965,0.00999915,10.0076,0.0788977
3423,124,1.89000312805,0.0829634670727,7.62939453125e-06,9.50123,0.00996235,9.421,0.0702629
3561,129,1.90000328064,0.0834808939882,0.0,9.99594,0.00922832,9.91185,0.0748689
3697,134,1.94000297546,0.0840849076957,7.62939453125e-06,9.78669,0.00989783,9.66058,0.116217
3837,139,1.93000282288,0.08379717106,0.0,9.62687,0.0099505,9.52435,0.0925602
3973,144,1.98000205994,0.0858381881379,7.62939453125e-06,9.71108,0.00980576,9.62116,0.0801095
4112,149,1.99000274658,0.0870105238818,7.62939453125e-06,9.84753,0.00969387,9.72673,0.1111
4248,154,1.92000289917,0.0827540850267,7.62939453125e-06,9.75687,0.0101592,9.64101,0.105694
4387,159,1.80000343323,0.0797287954576,0.0,9.89713,0.00986109,9.81421,0.0730617
4523,164,1.83000289917,0.0809564930573,0.0,10.2387,0.00952981,10.1437,0.0854677
4662,169,1.94000335693,0.0829136500508,0.0,9.57498,0.00959859,9.42524,0.140148
4797,174,1.82000244141,0.0845695393905,0.0,9.45268,0.00979853,9.3545,0.0883813
4936,179,1.88000297546,0.0842813770846,0.0,9.54082,0.00882899,9.43323,0.0987609
5073,184,1.88000312805,0.0808683150262,7.62939453125e-06,9.53794,0.00936961,9.42686,0.101707
5209,189,1.87000267029,0.081214551609,0.0,9.52513,0.00859599,9.43971,0.0768217
5348,194,1.99000244141,0.0820569699258,0.0,9.51461,0.00943307,9.41594,0.0892453
5484,199,1.83000259399,0.0806347842142,0.0,9.10829,0.00912122,9.02096,0.078208
5623,204,1.77000289917,0.0805624807253,0.0,9.64166,0.00978971,9.51345,0.118421
5758,209,1.8200025177,0.0810680438764,0.0,9.44741,0.00906122,9.3534,0.084944
5897,214,1.87000267029,0.0786809189804,7.62939453125e-06,9.40179,0.00912369,9.31092,0.0817466
6033,219,1.83000312805,0.0821093565784,0.0,9.98414,0.00938831,9.89019,0.0845658
6172,224,1.82000305176,0.0806289955229,7.62939453125e-06,9.4712,0.00964739,9.35451,0.107043
6307,229,1.82000282288,0.0793778029829,0.0,9.42134,0.00940119,9.31971,0.0922291
6446,234,1.82000267029,0.0802096836641,0.0,9.40115,0.00982076,9.31516,0.0761694
6582,239,1.84000282288,0.0822433285043,7.62939453125e-06,9.56524,0.00988142,9.46787,0.087488
6611,240,1.82000289917,0.0795131660253,7.62939453125e-06,9.33326,0.00876412,9.24215,0.0823435
6641,241,1.8200025177,0.0825706981681,0.0,9.23441,0.00935358,9.11016,0.114894
6671,242,1.7600025177,0.0810985991545,7.62939453125e-06,9.23552,0.0095104,9.13991,0.0861012
6701,243,1.70000259399,0.0817051499523,7.62939453125e-06,9.02069,0.00898513,8.93099,0.0807134
6731,244,1.80000221252,0.0832971899025,7.62939453125e-06,9.86125,0.00921311,9.74576,0.10627
6761,245,1.74000343323,0.0783332674205,7.62939453125e-06,9.35821,0.00938027,9.26144,0.087385
6789,246,1.80000312805,0.0792829663679,0.0,9.25225,0.00971057,9.14447,0.098071
6819,247,1.75000312805,0.0793188171461,7.62939453125e-06,9.14161,0.00915239,8.99781,0.134655
6849,248,1.7600025177,0.080706416294,0.0,9.05618,0.00952871,8.95548,0.091175
6879,249,1.79000289917,0.0792123466544,0.0,9.37218,0.010081,9.29263,0.0694743
