174,4,5.81000076294,0.256716259383,0.0,13.8892,0.0365013,13.7717,0.0810348
362,9,4.13000049591,0.173502781466,0.0,10.6521,0.0210449,10.5459,0.0850969
560,14,3.42000091553,0.147572884932,0.0,9.69554,0.0205468,9.61305,0.0619411
761,19,2.97000087738,0.136715842355,0.0,9.85357,0.0169163,9.76833,0.0683226
967,24,2.78000091553,0.128170787301,0.0,9.09252,0.0155153,8.99837,0.0786331
1170,29,2.67000099182,0.125619926807,0.0,9.23435,0.015349,9.14273,0.0762728
1371,34,2.57000095367,0.120164856566,0.0,9.30142,0.0144338,9.1921,0.0948821
1562,39,2.52000087738,0.118500382546,0.0,8.50578,0.0143368,8.40966,0.0817819
1748,44,2.56000102997,0.118443621472,0.0,8.57567,0.0141796,8.45417,0.107325
1932,49,2.27000049591,0.112629221976,0.0,8.41357,0.0143192,8.27014,0.129114
2115,54,2.43000076294,0.111981637497,0.0,8.34928,0.0127921,8.22964,0.106841
2297,59,2.28000083923,0.10926199235,0.0,8.99499,0.0128498,8.87863,0.103514
2480,64,2.30000091553,0.104946774477,0.0,8.33101,0.0110875,8.16485,0.155072
2662,69,2.07000095367,0.107134370394,0.0,7.89072,0.0115623,7.78556,0.0935999
2849,74,2.29000072479,0.107059732098,0.0,7.89207,0.0118998,7.75868,0.121491
3039,79,2.19000091553,0.101036050869,0.0,7.78614,0.0114052,7.66805,0.106692
3229,84,2.19000114441,0.102768345084,0.0,7.83738,0.011082,7.73092,0.0953726
3419,89,2.10000110626,0.101156901494,0.0,8.04763,0.0114648,7.9226,0.113557
3611,94,2.30000110626,0.105569583457,0.0,7.98092,0.00999873,7.87443,0.0964908
3802,99,2.23000091553,0.107461940665,0.0,7.80558,0.0113491,7.64872,0.145514
3994,104,2.04000110626,0.101168931676,0.0,8.15515,0.0104196,8.02917,0.115555
4185,109,2.04000106812,0.0953901692014,0.0,7.73998,0.0114068,7.63047,0.098107
4377,114,2.01000118256,0.0974735576194,0.0,7.8495,0.010531,7.74556,0.0934079
4569,119,2.08000114441,0.0978863405343,0.0,7.78967,0.0101182,7.71103,0.0685249
4761,124,2.00000102997,0.0993621233199,0.0,8.19667,0.0108004,8.07839,0.107486
4954,129,2.24000099182,0.103678399129,0.0,8.08305,0.0105107,7.97856,0.0939801
5145,134,2.07000099182,0.096813907437,0.0,7.73722,0.00997049,7.62451,0.102732
5336,139,1.89000099182,0.0924746762775,0.0,7.77745,0.0111087,7.62716,0.139183
5530,144,2.05000061035,0.0945266402327,0.0,7.66541,0.00980367,7.55135,0.104264
5722,149,2.04000114441,0.0927298203297,0.0,7.78085,0.00899287,7.65986,0.112001
5914,154,1.84000106812,0.0938181619346,0.0,7.42934,0.00993131,7.25609,0.163316
6108,159,1.94000110626,0.0963082017936,0.0,7.82655,0.0094255,7.69963,0.117498
6301,164,1.98000072479,0.0962898200657,0.0,7.32741,0.010731,7.20533,0.11135
6495,169,1.8500005722,0.0932527055591,0.0,7.85486,0.00997754,7.7684,0.0764919
6688,174,1.91000076294,0.09207585603,0.0,7.55221,0.00963924,7.43104,0.111528
6882,179,1.98000106812,0.0929540047143,0.0,7.58917,0.0092428,7.49231,0.087614
7075,184,1.91000095367,0.0950289607421,0.0,8.06399,0.00981857,7.96234,0.0918258
7271,189,1.93000095367,0.0945293913689,0.0,7.89012,0.0101511,7.79191,0.0880671
7464,194,1.85000076294,0.0936400939897,0.0,7.52032,0.0103955,7.40168,0.108238
7657,199,1.94000137329,0.0909959154576,0.0,7.60602,0.00950667,7.51703,0.0794791
7850,204,1.9100005722,0.0947724694293,0.0,7.65337,0.00948523,7.57336,0.0705246
8044,209,1.86000087738,0.089341533836,0.0,7.80294,0.00920759,7.66387,0.129867
8237,214,1.88000106812,0.0898817420192,0.0,7.24462,0.00914386,7.14527,0.0902066
8431,219,1.85000102997,0.0938067168836,0.0,7.54411,0.0102276,7.42543,0.108452
8624,224,1.89000087738,0.0904540962912,0.0,7.31092,0.00940484,7.22234,0.0791774
8817,229,1.95000080109,0.0886236320902,0.0,7.78685,0.00884862,7.66213,0.115873
9010,234,1.79000083923,0.0932188057527,0.0,7.24769,0.00906601,7.12968,0.10894
9204,239,1.88000110626,0.0909395294078,0.0,7.5326,0.00914341,7.43852,0.0849416
9245,240,1.75000091553,0.0895298894774,0.0,7.46515,0.00968386,7.30103,0.154442
9287,241,1.8700006485,0.0908493728843,0.0,7.61545,0.0100633,7.4156,0.189787
9329,242,1.89000102997,0.089556953609,0.0,7.51827,0.00916287,7.36776,0.141352
9370,243,1.91000106812,0.0903743965551,0.0,7.2511,0.00873203,7.15172,0.0906525
9412,244,1.94000106812,0.0910409922712,0.0,7.25533,0.00912687,7.16155,0.0846573
9453,245,1.79000091553,0.0914946602099,0.0,7.65162,0.0100527,7.49566,0.145913
9494,246,1.89000099182,0.0921664164867,0.0,7.68428,0.00901963,7.57944,0.0958135
9535,247,1.86000102997,0.0917314052861,0.0,7.67909,0.00902332,7.53503,0.135034
9577,248,1.87000087738,0.090256512491,0.0,7.39133,0.00896527,7.25678,0.125585
9618,249,1.82000080109,0.0907135069929,0.0,7.31618,0.00943314,7.20443,0.102316
