154,4,4.60999954224,0.203263017535,0.0,6.49829,0.00182062,6.49647,0.0
312,9,3.62999961853,0.17996250038,7.62939453125e-06,6.22654,0.000272857,6.22627,0.0
469,14,2.79000099182,0.152298301058,0.0,5.33236,5.64173e-05,5.3323,0.0
626,19,2.54000106812,0.15620787308,7.62939453125e-06,4.87365,1.13841e-05,4.87364,0.0
784,24,2.57000160217,0.153637036653,7.62939453125e-06,5.12308,7.44203e-06,5.12307,0.0
940,29,2.36000137329,0.14291341912,0.0,5.17306,2.83715e-06,5.17306,0.0
1097,34,2.57000061035,0.149059367869,7.62939453125e-06,4.78226,2.63689e-06,4.78226,0.0
1252,39,2.3700012207,0.159298377074,7.62939453125e-06,5.09834,1.6093e-06,5.09834,0.0
1405,44,2.26000167847,0.149979365006,7.62939453125e-06,4.8994,7.54722e-06,4.89939,0.0
1559,49,2.36000198364,0.142480207888,7.62939453125e-06,5.08112,1.36136e-06,5.08112,0.0
1712,54,2.15000144958,0.14873503585,7.62939453125e-06,4.73903,3.44026e-06,4.73903,0.0
1866,59,2.13000076294,0.147175727881,7.62939453125e-06,4.96003,7.34324e-07,4.96003,0.0
2019,64,2.23000137329,0.148033725708,0.0,5.00936,1.04426e-06,5.00936,0.0
2173,69,2.16000221252,0.141079584817,7.62939453125e-06,4.45701,1.00492e-06,4.45701,0.0
2326,74,2.00000137329,0.148267402754,7.62939453125e-06,4.61198,1.5974e-07,4.61198,0.0
2479,79,2.26000083923,0.17012236068,0.0,4.34214,6.03191e-07,4.34214,0.0
2634,84,2.19000175476,0.167132920015,0.0,4.55532,1.95503e-07,4.55532,0.0
2787,89,2.18000106812,0.157954058504,0.0,4.02668,1.78814e-07,4.02668,0.0
2941,94,2.21000076294,0.154394812362,7.62939453125e-06,4.43352,1.50204e-07,4.43352,0.0
3095,99,2.15000205994,0.149292099345,7.62939453125e-06,4.3375,3.96965e-07,4.33749,0.0
3248,104,2.02000213623,0.153574159712,7.62939453125e-06,4.18817,2.86102e-08,4.18817,0.0
3402,109,2.09000175476,0.151729662917,7.62939453125e-06,4.67921,1.74045e-07,4.67921,0.0
3556,114,2.08000160217,0.149538196657,7.62939453125e-06,4.20702,1.15633e-07,4.20702,0.0
3710,119,2.06000114441,0.154188093236,0.0,4.4202,1.50203e-07,4.4202,0.0
3864,124,2.07000152588,0.145634306025,7.62939453125e-06,4.36729,3.45707e-08,4.36729,0.0
4019,129,2.19000160217,0.169316524863,0.0,4.31172,4.76837e-08,4.31172,0.0
4173,134,2.08000190735,0.154973034728,0.0,4.06166,3.09944e-08,4.06166,0.0
4326,139,2.12000183105,0.169761068876,7.62939453125e-06,4.08415,8.82146e-08,4.08415,0.0
4480,144,2.09000175476,0.159494740555,0.0,4.25645,1.74045e-07,4.25645,0.0
4634,149,1.99000175476,0.156946564312,7.62939453125e-06,4.25488,1.34817e-06,4.25488,0.0
4788,154,1.8300025177,0.15021836113,7.62939453125e-06,4.72429,1.00136e-07,4.72429,0.0
4941,159,1.96000160217,0.150058197737,0.0,4.6553,1.35898e-07,4.6553,0.0
5095,164,2.00000152588,0.154653246951,0.0,4.39512,1.60932e-07,4.39512,0.0
5248,169,2.05000221252,0.145510185603,0.0,4.01359,5.96046e-09,4.01359,0.0
5402,174,2.02000114441,0.167681487712,0.0,3.84338,4.07735e-06,3.84338,0.0
5554,179,2.01000152588,0.15499046301,7.62939453125e-06,4.00029,1.2993e-06,4.00029,0.0
5708,184,1.99000160217,0.154734757471,7.62939453125e-06,4.39424,2.26498e-08,4.39424,0.0
5861,189,2.0000012207,0.15732052752,0.0,4.0359,2.6226e-08,4.0359,0.0
6015,194,2.140001297,0.15988004117,7.62939453125e-06,4.12624,5.84125e-08,4.12624,0.0
6169,199,2.06000152588,0.15816797768,7.62939453125e-06,4.06774,5.00679e-08,4.06774,0.0
6322,204,1.92000144958,0.155353810123,0.0,4.41213,1.66893e-08,4.41213,0.0
6475,209,2.00000236511,0.159839966332,0.0,3.90542,1.07288e-08,3.90542,0.0
6628,214,2.09000167847,0.157947277267,7.62939453125e-06,5.09052,2.59873e-07,5.09052,0.0
6781,219,2.10000114441,0.164464209484,0.0,3.78244,4.76837e-09,3.78244,0.0
6935,224,1.96000190735,0.161707381929,0.0,4.18695,1.19209e-09,4.18695,0.0
7088,229,1.87000160217,0.146085990915,7.62939453125e-06,3.98729,2.86102e-08,3.98729,0.0
7242,234,1.85000244141,0.154288798779,7.62939453125e-06,3.97982,1.90735e-08,3.97982,0.0
7395,239,1.78000183105,0.146219112222,7.62939453125e-06,4.16427,9.53674e-09,4.16427,0.0
7428,240,1.83000190735,0.148552647821,7.62939453125e-06,3.99519,4.76837e-09,3.99519,0.0
7461,241,1.81000183105,0.138372487361,7.62939453125e-06,4.38909,2.38418e-08,4.38909,0.0
7494,242,1.88000160217,0.146016744552,0.0,3.99584,8.34465e-09,3.99584,0.0
7527,243,1.83000167847,0.140752408655,7.62939453125e-06,3.89231,7.15256e-09,3.89231,0.0
7560,244,1.82000198364,0.143912553425,7.62939453125e-06,4.20595,2.38419e-09,4.20595,0.0
7593,245,1.83000289917,0.133829887557,0.0,4.1184,1.19209e-08,4.1184,0.0
7626,246,1.78000183105,0.155382657157,7.62939453125e-06,4.1862,3.57628e-09,4.1862,0.0
7659,247,1.83000190735,0.137613252445,0.0,3.59944,3.33786e-08,3.59944,0.0
7692,248,1.84000137329,0.13861324147,7.62939453125e-06,3.76899,3.57628e-09,3.76899,0.0
7725,249,1.8600012207,0.141277786493,0.0,4.10704,1.19209e-08,4.10704,0.0
