296,4,8.5200005722,0.349974140041,0.0,13.2404,0.00731279,13.2331,0.0
605,9,5.50000061035,0.218264546413,0.0,11.1216,0.00197786,11.1196,0.0
911,14,4.63000076294,0.188730899962,0.0,10.0146,0.000516739,10.0141,0.0
1220,19,4.09000087738,0.180033565508,0.0,9.73493,0.000442294,9.73449,0.0
1527,24,3.7100006485,0.173084523696,0.0,9.47664,8.18146e-05,9.47656,0.0
1835,29,3.91000045776,0.20225557932,0.0,9.18956,5.69449e-05,9.1895,0.0
2142,34,3.46000099182,0.175738253288,0.0,8.48222,2.65148e-05,8.48219,0.0
2449,39,3.45000076294,0.181779803795,0.0,8.61752,1.50101e-05,8.6175,0.0
2752,44,3.5600005722,0.216718467624,0.0,8.60901,2.47877e-05,8.60898,0.0
3052,49,2.99000087738,0.166812961693,0.0,8.43729,5.88647e-06,8.43728,0.0
3351,54,2.9800012207,0.155201374179,0.0,8.12566,7.92707e-06,8.12566,0.0
3650,59,2.78000102997,0.155901357098,0.0,8.24537,7.77895e-06,8.24536,0.0
3950,64,2.72000106812,0.149549029783,0.0,8.18525,3.16618e-06,8.18524,0.0
4249,69,2.49000068665,0.126227269122,0.0,7.72386,1.45912e-06,7.72386,0.0
4550,74,2.37000095367,0.118760321684,0.0,8.40196,5.00187e-06,8.40195,0.0
4850,79,2.40000072479,0.131437525471,0.0,8.06333,1.49334e-05,8.06332,0.0
5149,84,1.93000049591,0.109271848335,0.0,7.60231,2.77994e-06,7.60231,0.0
5449,89,2.41000072479,0.139337236827,0.0,7.67623,5.87439e-06,7.67622,0.0
5742,94,2.08000080109,0.125839798403,0.0,7.45,1.25884e-06,7.45,0.0
6019,99,1.89000102997,0.118742245632,0.0,7.77452,1.65461e-06,7.77452,0.0
6296,104,1.95000099182,0.109696556004,0.0,7.80839,4.637e-06,7.80838,0.0
6574,109,2.05000102997,0.131700098254,0.0,7.76824,3.16132e-06,7.76823,0.0
6851,114,1.95000095367,0.135219530689,0.0,8.30943,7.1287e-07,8.30943,0.0
7131,119,2.11000099182,0.130529380073,0.0,7.42003,3.24249e-07,7.42003,0.0
7409,124,1.88000083923,0.118175598405,0.0,7.94698,4.36508e-06,7.94697,0.0
7686,129,1.74000110626,0.121895200621,0.0,7.62276,1.33513e-06,7.62276,0.0
7964,134,1.84000114441,0.133857427358,0.0,8.08632,7.41478e-07,8.08632,0.0
8241,139,1.67000087738,0.117451118999,0.0,7.76014,2.40803e-07,7.76014,0.0
8518,144,1.69000091553,0.125100064374,0.0,7.84231,2.16961e-07,7.84231,0.0
8795,149,1.71000080109,0.118238126649,0.0,7.28996,4.05311e-07,7.28996,0.0
9072,154,1.62000137329,0.107496953667,0.0,7.64559,1.85966e-07,7.64559,0.0
9349,159,1.57000080109,0.117339018601,0.0,7.32426,8.13004e-07,7.32426,0.0
9627,164,1.65000152588,0.114302324961,0.0,7.66861,1.52588e-07,7.66861,0.0
9904,169,1.57000087738,0.118676586966,0.0,7.34673,2.28157e-06,7.34673,0.0
10182,174,1.59000102997,0.113385502444,0.0,7.58769,2.36034e-07,7.58769,0.0
10460,179,1.72000083923,0.123692764168,0.0,7.35959,1.28746e-07,7.35959,0.0
10738,184,1.65000125885,0.117143045474,0.0,7.30352,3.64779e-07,7.30352,0.0
11019,189,1.55000110626,0.122345462438,0.0,7.79113,2.59876e-07,7.79113,0.0
11299,194,1.58000099182,0.112757119954,0.0,7.16021,1.30413e-06,7.16021,0.0
11577,199,1.43000118256,0.106844316931,0.0,7.74061,7.39097e-08,7.74061,0.0
11857,204,1.6400012207,0.124801563676,0.0,7.63422,9.29832e-08,7.63422,0.0
12137,209,1.60000118256,0.122980258095,0.0,7.49878,1.78814e-07,7.49878,0.0
12416,214,1.47000102997,0.113338804627,0.0,7.00041,1.28746e-07,7.00041,0.0
12697,219,1.56000102997,0.118235272843,0.0,7.39653,1.75707e-06,7.39653,0.0
12977,224,1.4900012207,0.110583428096,0.0,7.85985,3.79084e-07,7.85985,0.0
13257,229,1.60000106812,0.118109535203,0.0,7.24405,3.38553e-07,7.24405,0.0
13538,234,1.81000080109,0.13462481137,0.0,7.57887,7.70081e-07,7.57886,0.0
13818,239,1.73000083923,0.131865465085,0.0,7.42321,5.36436e-07,7.42321,0.0
13881,240,1.66000083923,0.116528629951,0.0,7.44589,2.14577e-08,7.44589,0.0
13945,241,1.62000068665,0.117126747153,0.0,7.40728,1.78814e-07,7.40728,0.0
14009,242,1.62000072479,0.119874422992,0.0,7.7957,7.15256e-08,7.7957,0.0
14072,243,1.61000080109,0.123123306775,0.0,7.13043,1.35898e-07,7.13043,0.0
14137,244,1.59000087738,0.108669960387,0.0,7.45361,2.14577e-08,7.45361,0.0
14200,245,1.66000133514,0.119910734914,0.0,7.3704,4.9114e-07,7.3704,0.0
14265,246,1.6300006485,0.119259787227,0.0,7.03578,9.29832e-08,7.03578,0.0
14329,247,1.6300005722,0.121344311128,0.0,7.20211,1.97887e-07,7.20211,0.0
14393,248,1.64000095367,0.126361483693,0.0,7.48395,6.19888e-08,7.48395,0.0
14457,249,1.68000095367,0.120635783976,0.0,7.2953,2.09808e-07,7.2953,0.0
