380,4,11.4800006485,0.408767306879,0.0,13.2811,0.00721362,13.2739,0.0
783,9,8.79000053406,0.313184897006,0.0,10.8242,0.00136269,10.8228,0.0
1183,14,6.52000110626,0.255539497705,0.0,10.3991,0.000532518,10.3986,0.0
1583,19,4.93000076294,0.203435236691,0.0,9.95219,0.000191552,9.952,0.0
1981,24,4.6000012207,0.20533508582,0.0,9.42694,0.000110579,9.42682,0.0
2380,29,3.02000106812,0.15624136335,0.0,9.31096,0.000109412,9.31085,0.0
2780,34,3.48000072479,0.1642390948,0.0,9.02704,1.8596e-05,9.02703,0.0
3178,39,2.86000106812,0.140773919139,0.0,8.7356,4.45307e-05,8.73556,0.0
3578,44,2.65000102997,0.146667948572,0.0,8.43354,1.02348e-05,8.43353,0.0
3976,49,2.50000087738,0.146188482484,0.0,8.56249,1.04376e-05,8.56248,0.0
4373,54,2.7600006485,0.152856005558,0.0,8.65396,7.33341e-06,8.65395,0.0
4766,59,2.32000095367,0.127110644459,0.0,8.15053,3.53333e-06,8.15052,0.0
5158,64,2.20000114441,0.126114913115,0.0,8.22144,5.45967e-06,8.22144,0.0
5543,69,2.23000083923,0.150004963961,0.0,8.29996,6.01998e-06,8.29995,0.0
5931,74,1.96000087738,0.120761835951,0.0,7.74861,1.90972e-06,7.74861,0.0
6318,79,2.33000106812,0.145778926407,0.0,8.04345,2.04801e-06,8.04345,0.0
6707,84,2.21000114441,0.136902644443,0.0,7.82518,3.27346e-06,7.82518,0.0
7091,89,2.00000110626,0.127880127569,0.0,7.828,2.07184e-06,7.828,0.0
7478,94,1.80000099182,0.123313113241,0.0,7.91658,3.30206e-06,7.91658,0.0
7865,99,1.88000114441,0.125356925745,0.0,7.48778,1.21593e-06,7.48778,0.0
8249,104,1.98000125885,0.141693592165,0.0,7.67806,1.62123e-06,7.67806,0.0
8637,109,1.85000110626,0.12574010747,0.0,7.68516,5.15197e-06,7.68516,0.0
9025,114,1.98000144958,0.139666623061,0.0,7.83016,3.20668e-06,7.83016,0.0
9412,119,1.71000072479,0.10985735567,0.0,7.16499,1.09626e-05,7.16498,0.0
9801,124,1.8800005722,0.122946482773,0.0,7.74162,1.54211e-05,7.74161,0.0
10189,129,1.88000076294,0.111598046453,0.0,7.60758,7.34328e-07,7.60758,0.0
10580,134,1.910001297,0.139868980111,0.0,7.46952,1.59417e-05,7.46951,0.0
10891,139,1.80000106812,0.122975947498,0.0,7.46281,2.95639e-07,7.46281,0.0
11191,144,1.84000102997,0.118608954641,0.0,7.44665,8.27308e-07,7.44665,0.0
11491,149,1.98000102997,0.128187026464,0.0,7.34419,7.2303e-06,7.34419,0.0
11791,154,1.75000144958,0.127094610411,0.0,7.44589,2.64644e-07,7.44589,0.0
12092,159,1.66000091553,0.126909760554,0.0,7.33124,6.69952e-07,7.33124,0.0
12392,164,1.83000080109,0.125239709895,0.0,8.02885,1.49487e-06,8.02885,0.0
12694,169,1.85000095367,0.126944463155,0.0,7.66527,3.29017e-07,7.66526,0.0
12998,174,1.69000099182,0.126477952159,0.0,7.77989,3.40938e-07,7.77989,0.0
13299,179,1.53000102997,0.115442100622,0.0,7.75327,4.17231e-07,7.75327,0.0
13577,184,1.67000102997,0.119212666352,0.0,7.32545,2.17191e-06,7.32545,0.0
13856,189,1.55000099182,0.125953760878,0.0,7.25222,3.69548e-07,7.25222,0.0
14134,194,1.70000095367,0.132019254461,0.0,7.6766,8.82148e-08,7.6766,0.0
14412,199,1.61000095367,0.119159803633,0.0,7.323,5.48362e-08,7.323,0.0
14689,204,1.85000099182,0.143587611283,0.0,7.03626,2.86101e-07,7.03626,0.0
14967,209,1.77000083923,0.138071257753,0.0,7.59528,4.02927e-07,7.59528,0.0
15245,214,1.70000080109,0.121389750946,0.0,7.08812,2.19345e-07,7.08812,0.0
15522,219,1.58000110626,0.120767942155,0.0,7.70151,6.91414e-08,7.70151,0.0
15801,224,1.56000080109,0.116487637625,0.0,7.22976,4.83988e-07,7.22976,0.0
16080,229,1.49000114441,0.102564157088,0.0,7.4607,1.52588e-07,7.4607,0.0
16358,234,1.45000083923,0.111716744139,0.0,7.64337,3.12327e-07,7.64337,0.0
16637,239,1.82000106812,0.140392964455,0.0,7.46232,1.85966e-07,7.46232,0.0
16701,240,1.69000087738,0.123046345386,0.0,7.43384,1.90735e-07,7.43384,0.0
16764,241,1.69000087738,0.114627386553,0.0,6.93685,8.34465e-08,6.93685,0.0
16830,242,1.54000125885,0.124312079139,0.0,7.49514,6.62799e-07,7.49514,0.0
16894,243,1.54000118256,0.123876007404,0.0,7.09167,2.83718e-07,7.09167,0.0
16958,244,1.65000083923,0.125732751318,0.0,7.3361,1.90735e-07,7.3361,0.0
17022,245,1.79000102997,0.122348126647,0.0,7.11716,2.43186e-07,7.11715,0.0
17086,246,1.72000125885,0.126193857935,0.0,7.16671,6.4373e-08,7.16671,0.0
17150,247,1.85000099182,0.127026386109,0.0,7.25233,8.10623e-08,7.25233,0.0
17214,248,1.68000106812,0.128004588408,0.0,7.18991,2.93254e-07,7.18991,0.0
17278,249,1.7500012207,0.126200544337,0.0,7.43597,8.34453e-07,7.43596,0.0
