38,4,3.19999923706,0.176413844526,0.0,31.8926,0.0365965,31.856,0.0
77,9,3.00000152588,0.156648161262,7.62939453125e-07,25.6831,0.00478452,25.6783,0.0
117,14,2.60000152588,0.129593142122,0.0,22.7225,0.00390942,22.7186,0.0
125,15,2.50000228882,0.13948447071,5.34057617187e-06,23.4806,0.00130599,23.4793,0.0
134,16,2.50000076294,0.12834444046,7.62939453125e-07,22.7024,0.00113196,22.7013,0.0
143,17,2.40000076294,0.13086791914,5.34057617187e-06,21.8911,0.000960742,21.8901,0.0
151,18,2.40000152588,0.140904692188,4.57763671875e-06,21.7327,0.00137427,21.7314,0.0
160,19,2.50000152588,0.130610982142,7.62939453125e-07,21.7966,0.00091262,21.7957,0.0
169,20,2.70000228882,0.1464022181,6.103515625e-06,21.7708,0.000722541,21.7701,0.0
177,21,2.70000076294,0.141958360374,6.86645507813e-06,21.3105,0.000609408,21.3099,0.0
186,22,2.80000152588,0.145718994178,6.103515625e-06,21.8089,0.000542198,21.8084,0.0
195,23,2.50000076294,0.148648380116,5.34057617187e-06,20.9973,0.00043932,20.9969,0.0
203,24,2.50000076294,0.150801141001,2.28881835937e-06,21.31,0.000310022,21.3097,0.0
38,4,3.09999847412,0.160052637756,2.28881835937e-06,31.787,0.0254738,31.7616,0.0
76,9,3.0,0.157223512605,2.28881835937e-06,25.8114,0.0058577,25.8055,0.0
113,14,2.50000076294,0.14525424391,6.103515625e-06,22.6173,0.00128878,22.616,0.0
121,15,2.50000076294,0.140437073633,5.34057617187e-06,23.3781,0.00197371,23.3761,0.0
130,16,2.49999923706,0.142062926665,7.62939453125e-07,22.6933,0.00145954,22.6919,0.0
138,17,2.60000228882,0.131217005663,4.57763671875e-06,21.8543,0.00111917,21.8532,0.0
146,18,2.2000038147,0.13396400772,5.34057617187e-06,21.877,0.00585266,21.8712,0.0
155,19,2.60000152588,0.142009300552,2.28881835937e-06,21.7579,0.000723487,21.7572,0.0
163,20,2.60000305176,0.153774792701,3.0517578125e-06,21.6078,0.000611209,21.6071,0.0
171,21,2.4000038147,0.118078259099,3.81469726562e-06,21.4396,0.000571337,21.439,0.0
180,22,2.80000152588,0.151376286615,5.34057617187e-06,21.5949,0.00048592,21.5944,0.0
188,23,2.40000152588,0.147861569747,1.52587890625e-06,20.9696,0.0004434,20.9692,0.0
196,24,2.60000152588,0.133319075406,3.0517578125e-06,21.0957,0.000509004,21.0952,0.0
