49,4,5.52999938965,0.25343057014,0.0,40.2599,0.0206642,40.2393,2.61857,0.933476
101,9,3.37000061035,0.158496896513,0.0,32.1336,0.00662482,32.127,3.47317,0.973543
157,14,2.93000183105,0.131130999848,0.0,28.808,0.00329757,28.8047,3.68818,0.936906
213,19,2.53000160217,0.118806890436,0.0,26.3873,0.0014155,26.3859,3.89756,0.95274
268,24,2.33000205994,0.107715872168,0.0,26.0036,0.000688714,26.0029,4.42822,0.926554
313,29,2.16000259399,0.0966412672773,0.0,26.6451,0.00025413,26.6448,4.66501,0.951547
357,34,2.1300025177,0.101865575174,0.0,25.5189,0.000124923,25.5188,5.07608,nan
401,39,1.92000259399,0.0992710435577,7.62939453125e-06,25.1747,6.0202e-05,25.1746,5.49391,nan
445,44,1.77000282288,0.0848956145206,0.0,25.3032,9.14996e-05,25.3031,5.29201,nan
492,49,1.93000213623,0.0932997855474,7.62939453125e-06,23.9917,9.84451e-05,23.9916,5.15083,nan
537,54,1.72000297546,0.0963607997732,7.62939453125e-06,23.6192,6.14079e-05,23.6192,5.54393,nan
581,59,1.62000312805,0.0918493715132,7.62939453125e-06,24.4744,3.68623e-05,24.4743,5.81371,nan
626,64,1.47000312805,0.0845913763915,0.0,23.6888,1.32158e-05,23.6888,6.31194,nan
670,69,1.41000312805,0.0794192614872,0.0,23.64,2.97909e-05,23.64,5.80718,nan
714,74,1.41000312805,0.0771140616224,7.62939453125e-06,24.8151,5.7962e-05,24.8151,6.38373,nan
758,79,1.41000289917,0.0797153411573,0.0,23.3008,8.43492e-06,23.3008,6.26784,nan
811,84,1.46000274658,0.0873739860376,0.0,24.6221,8.66873e-06,24.6221,6.53423,nan
870,89,1.47000350952,0.0845520863426,0.0,24.2718,5.57176e-06,24.2718,6.30259,nan
929,94,1.40000328064,0.0837056377514,7.62939453125e-06,23.4568,4.21162e-06,23.4568,6.24323,nan
988,99,1.29000343323,0.081612286162,7.62939453125e-06,23.308,4.56801e-06,23.308,6.66779,nan
1047,104,1.4000037384,0.0908292029984,0.0,23.6919,3.76937e-06,23.6919,6.70292,nan
1106,109,1.23000350952,0.0899504301138,7.62939453125e-06,22.523,4.37013e-06,22.523,7.13615,nan
1165,114,1.26000350952,0.0717209818205,7.62939453125e-06,22.9797,6.37138e-06,22.9797,6.92959,nan
1223,119,1.25000350952,0.0770821966864,7.62939453125e-06,23.9932,5.41305e-06,23.9932,7.22978,nan
1282,124,1.23000335693,0.0952112795511,0.0,22.8573,2.41992e-06,22.8573,6.78259,nan
1342,129,1.27000312805,0.0849966934613,7.62939453125e-06,22.6449,2.40324e-06,22.6449,6.65276,nan
1401,134,1.29000289917,0.0840778799358,0.0,21.7198,2.44851e-06,21.7198,6.83082,nan
1460,139,1.21000350952,0.0794417296263,0.0,22.9728,1.7011e-06,22.9728,7.82651,nan
1519,144,1.22000343323,0.0911303953762,0.0,22.1742,1.77501e-06,22.1742,7.11944,nan
1578,149,1.25000366211,0.0894131070568,0.0,24.3319,4.72871e-06,24.3319,8.17511,nan
1636,154,1.25000335693,0.0781368960677,0.0,22.3744,1.00612e-06,22.3743,6.99022,nan
1696,159,1.35000320435,0.0873616276923,0.0,22.596,1.33395e-06,22.596,7.49937,nan
1755,164,1.25000389099,0.0819639610749,7.62939453125e-06,22.5892,4.165e-06,22.5892,7.58036,nan
1814,169,1.26000328064,0.0965254972322,7.62939453125e-06,22.684,2.34719e-06,22.684,7.19739,nan
1874,174,1.23000267029,0.0884327293761,7.62939453125e-06,22.5941,1.20282e-06,22.5941,7.6534,nan
1933,179,1.26000320435,0.0839004273812,7.62939453125e-06,22.8612,1.92994e-05,22.8612,7.57245,nan
1993,184,1.27000328064,0.0929711399725,0.0,23.2172,2.59981e-06,23.2172,7.98113,nan
2050,189,1.28000289917,0.0778266790431,7.62939453125e-06,21.8347,6.71146e-07,21.8347,7.85702,nan
2107,194,1.20000267029,0.0808062245126,7.62939453125e-06,22.5501,1.30532e-06,22.5501,7.44224,nan
2165,199,1.35000282288,0.0914273672299,0.0,23.1144,2.18147e-06,23.1144,7.58773,nan
2223,204,1.25000335693,0.0885460255743,7.62939453125e-06,23.3956,6.7472e-07,23.3956,7.18898,nan
2280,209,1.30000335693,0.0894878968407,7.62939453125e-06,21.3621,5.19751e-07,21.3621,7.45201,nan
2338,214,1.20000312805,0.0806287319327,7.62939453125e-06,21.5354,1.64386e-06,21.5354,6.88068,nan
2395,219,1.15000297546,0.0867870049073,0.0,22.5083,8.21349e-07,22.5083,7.20462,nan
2451,224,1.00000343323,0.0732374130984,7.62939453125e-06,21.2377,1.37205e-06,21.2377,7.25544,nan
2506,229,1.10000320435,0.077922588007,7.62939453125e-06,21.3312,9.17886e-07,21.3312,7.26647,nan
2562,234,1.16000289917,0.0828187806674,0.0,21.4291,2.89678e-07,21.4291,7.44054,nan
2618,239,1.10000274658,0.0838160903213,0.0,21.4846,6.79489e-07,21.4846,7.43775,nan
2631,240,1.09000389099,0.0846783293406,7.62939453125e-06,21.3142,2.24583e-06,21.3141,6.92688,nan
2645,241,1.11000335693,0.0824376279152,7.62939453125e-06,20.9119,5.72204e-07,20.9119,6.92092,nan
2659,242,1.10000297546,0.0712867815685,7.62939453125e-06,21.0442,4.47034e-07,21.0442,6.52145,nan
2673,243,1.13000366211,0.0763576392671,0.0,20.7943,4.60147e-07,20.7943,7.03875,nan
2687,244,1.11000350952,0.0761697345547,7.62939453125e-06,20.782,3.30209e-07,20.782,6.86444,nan
2700,245,1.06000396729,0.0828121826074,0.0,20.7296,3.75508e-07,20.7296,6.48407,nan
2714,246,1.06000358582,0.0794436656756,7.62939453125e-06,21.2675,3.64779e-07,21.2675,6.75358,nan
2728,247,1.02000396729,0.0720469442119,0.0,21.0357,4.47034e-07,21.0357,7.68309,nan
2741,248,1.08000297546,0.0810557128626,0.0,21.4012,4.20808e-07,21.4012,7.12079,nan
2755,249,1.05000350952,0.0789436788826,7.62939453125e-06,21.3034,4.99485e-07,21.3034,6.3886,nan
