99,4,4.69999847412,0.210044644773,0.0,17.9759,0.0343616,17.873,0.0685326
210,9,3.30000152588,0.156562587619,7.62939453125e-06,14.5036,0.0180571,14.4082,0.0773307
319,14,2.50000152588,0.144378439337,0.0,13.2338,0.0157123,13.1609,0.0571791
341,15,2.90000228882,0.13623071909,0.0,12.6291,0.0156068,12.5484,0.0651483
364,16,2.80000152588,0.134643561393,7.62939453125e-06,12.4632,0.0152591,12.3709,0.0771088
386,17,2.60000305176,0.131159348041,7.62939453125e-06,12.6204,0.01329,12.5331,0.0740077
408,18,2.80000152588,0.130118942261,0.0,12.3144,0.0144264,12.2426,0.0574133
430,19,2.89999923706,0.144685745239,7.62939453125e-06,12.3006,0.0143095,12.2205,0.0657942
452,20,2.70000534058,0.145579712093,7.62939453125e-06,12.6735,0.0141271,12.5893,0.0700653
474,21,2.80000228882,0.142102944478,7.62939453125e-06,12.0471,0.0148309,11.9728,0.0593895
496,22,2.60000228882,0.132191742957,7.62939453125e-06,12.0152,0.0136328,11.9375,0.0640084
518,23,2.60000076294,0.119238685817,0.0,11.9813,0.0141756,11.874,0.0930763
540,24,2.60000076294,0.135366710648,7.62939453125e-06,11.5984,0.01278,11.5215,0.0641045
