38,4,3.70000152588,0.201054656506,2.28881835937e-06,32.1342,0.0194782,32.1147,0.0
78,9,3.7,0.164229239523,5.34057617187e-06,26.1206,0.00422997,26.1163,0.0
117,14,2.80000076294,0.127489580028,0.0,22.9186,0.00195851,22.9167,0.0
126,15,3.30000152588,0.154293371085,5.34057617187e-06,23.275,0.00149914,23.2735,0.0
134,16,3.2,0.151600024104,7.62939453125e-07,22.5085,0.00109352,22.5074,0.0
143,17,3.40000076294,0.157979770564,1.52587890625e-06,23.3046,0.00285047,23.3017,0.0
152,18,3.20000228882,0.1389041733,6.103515625e-06,22.931,0.00103608,22.93,0.0
161,19,2.80000305176,0.144635537639,5.34057617187e-06,22.3454,0.0012527,22.3442,0.0
169,20,3.29999923706,0.167179945949,7.62939453125e-07,21.4381,0.00092197,21.4372,0.0
178,21,2.80000076294,0.157040414959,2.28881835937e-06,21.9164,0.000568072,21.9159,0.0
186,22,2.8,0.136538302153,7.62939453125e-07,21.2282,0.000531081,21.2277,0.0
195,23,2.99999923706,0.149608542398,3.0517578125e-06,21.4001,0.000462408,21.3997,0.0
204,24,3.10000076294,0.174363539368,0.0,21.1111,0.000843341,21.1103,0.0
36,4,3.60000076294,0.191625751555,3.81469726562e-06,31.9923,0.0221009,31.9702,0.0
75,9,3.40000076294,0.173959574103,6.103515625e-06,25.8316,0.00550438,25.826,0.0
