142,4,9.07000083923,0.371206048578,0.0,13.1451,0.00568567,13.1394,0.0
288,9,5.56000049591,0.240682164151,0.0,10.8388,0.0018249,10.8369,0.0
433,14,4.59000053406,0.194645804968,0.0,9.58286,0.000563976,9.5823,0.0
580,19,4.50000041962,0.199689943637,0.0,9.65009,0.000253836,9.64984,0.0
726,24,3.62000087738,0.162519602473,0.0,8.99996,0.000164211,8.9998,0.0
870,29,3.44000083923,0.184611561271,0.0,9.60641,7.75246e-05,9.60633,0.0
1016,34,3.41000114441,0.17435135811,0.0,8.9449,3.69559e-05,8.94486,0.0
1161,39,3.50000099182,0.183549160663,0.0,8.93676,2.73857e-05,8.93673,0.0
1308,44,2.98000114441,0.153496978182,0.0,8.59014,0.00419889,8.58595,0.0
1454,49,3.23000061035,0.201964028414,0.0,8.35128,8.54235e-06,8.35127,0.0
1601,54,3.40000095367,0.214298546814,0.0,8.27659,4.65149e-06,8.27658,0.0
1747,59,3.09000080109,0.194877230864,0.0,8.11917,6.42049e-06,8.11916,0.0
1893,64,3.04000118256,0.175473340878,0.0,8.21782,5.46914e-06,8.21781,0.0
2036,69,2.99000083923,0.193810793522,0.0,8.01453,6.34418e-06,8.01453,0.0
2182,74,2.79000133514,0.206367283817,0.0,8.01882,4.26763e-06,8.01882,0.0
2328,79,2.71000114441,0.180103995469,0.0,7.95299,2.72033e-06,7.95299,0.0
2474,84,2.82000083923,0.186892939288,0.0,7.67362,2.40563e-06,7.67362,0.0
2621,89,2.72000110626,0.185452607951,0.0,7.90229,3.02304e-06,7.90229,0.0
2767,94,2.81000091553,0.198242330413,0.0,8.1294,7.74057e-06,8.12939,0.0
2913,99,2.85000110626,0.180733826999,0.0,7.79933,3.13994e-06,7.79933,0.0
3057,104,2.88000099182,0.224831423802,0.0,7.53349,1.1061e-05,7.53348,0.0
3203,109,2.74000137329,0.207563030359,0.0,7.43349,3.51177e-06,7.43348,0.0
3349,114,2.79000102997,0.211673403119,0.0,7.74243,2.17913e-06,7.74243,0.0
3495,119,2.63000061035,0.194456063614,0.0,7.78183,1.26632e-05,7.78182,0.0
3640,124,2.7100012207,0.205703370847,0.0,7.49919,3.035e-06,7.49919,0.0
3787,129,2.78000114441,0.217486267182,0.0,7.57789,1.07288e-06,7.57789,0.0
3933,134,2.60000099182,0.187559415846,0.0,7.60331,4.40806e-06,7.60331,0.0
4080,139,2.61000068665,0.175921561271,0.0,7.73746,9.56055e-07,7.73746,0.0
4223,144,2.53000099182,0.217348025892,0.0,7.81816,6.69955e-07,7.81816,0.0
4369,149,2.68000091553,0.19897550274,0.0,7.87381,4.60147e-07,7.87381,0.0
4499,154,2.52000068665,0.182290180043,0.0,7.94463,1.03076e-05,7.94462,0.0
4613,159,2.72000148773,0.220588407349,0.0,7.64141,8.15387e-07,7.64141,0.0
4724,164,2.55000087738,0.199458667349,0.0,7.49879,9.86006e-06,7.49878,0.0
4833,169,2.65000110626,0.221886736983,0.0,7.42061,3.83853e-07,7.42061,0.0
4943,174,2.55000144958,0.225451009925,0.0,7.28555,4.93526e-07,7.28554,0.0
5051,179,2.53000083923,0.222131825091,0.0,7.73354,3.62395e-07,7.73354,0.0
5161,184,2.47000106812,0.201277358637,0.0,7.38425,8.20154e-07,7.38425,0.0
5272,189,2.47000102997,0.20550830088,0.0,7.45084,1.96926e-06,7.45084,0.0
5382,194,2.51000099182,0.206325885895,0.0,7.44683,2.50339e-07,7.44683,0.0
5491,199,2.40000125885,0.218379608259,0.0,7.43416,9.48903e-07,7.43416,0.0
5600,204,2.3900006485,0.220593979295,0.0,7.4692,5.31671e-07,7.4692,0.0
5711,209,2.50000114441,0.206386125694,0.0,7.31172,3.60011e-07,7.31172,0.0
5820,214,2.60000072479,0.222273430507,0.0,7.84347,1.93119e-07,7.84347,0.0
5928,219,2.55000114441,0.213263557686,0.0,7.35449,7.62939e-08,7.35449,0.0
6039,224,2.63000087738,0.255647891896,0.0,7.37122,6.05581e-07,7.37122,0.0
6150,229,2.49000083923,0.214007849323,0.0,7.34519,4.10664e-05,7.34515,0.0
6260,234,2.45000091553,0.214403009999,0.0,7.84731,1.26362e-07,7.84731,0.0
6370,239,2.51000080109,0.202718731638,0.0,7.41516,7.15255e-08,7.41516,0.0
6394,240,2.4800006485,0.22538136097,0.0,7.25886,1.37326e-06,7.25886,0.0
6418,241,2.62000087738,0.235311885656,0.0,7.65102,8.10623e-08,7.65102,0.0
6442,242,2.62000083923,0.22816165959,0.0,7.49979,1.50204e-07,7.49979,0.0
6466,243,2.63000072479,0.237563935982,0.0,7.08153,2.31498e-06,7.08152,0.0
6490,244,2.64000072479,0.229270917208,0.0,7.13565,6.27034e-07,7.13565,0.0
6514,245,2.50000076294,0.237711282098,0.0,7.60741,1.24929e-06,7.6074,0.0
6538,246,2.55000099182,0.219668341739,0.0,7.13694,1.16825e-07,7.13694,0.0
6563,247,2.64000106812,0.210990209453,0.0,7.28355,8.10623e-08,7.28355,0.0
6587,248,2.54000095367,0.202765657479,0.0,7.3533,5.10213e-07,7.3533,0.0
6611,249,2.43000110626,0.216234016044,0.0,7.44416,1.00136e-07,7.44416,0.0
