63,4,13.5600014877,0.493183018267,0.0,13.1606,0.00788633,13.1527,0.0
128,9,7.37000110626,0.285985316522,0.0,10.7476,0.00184722,10.7458,0.0
194,14,5.14000061035,0.202574666049,0.0,10.2881,0.000453435,10.2876,0.0
259,19,4.1000005722,0.172554727159,0.0,9.92511,0.00013959,9.92497,0.0
324,24,3.77000083923,0.163902250151,0.0,9.34714,5.89511e-05,9.34708,0.0
390,29,3.540001297,0.165119931483,0.0,9.18008,2.05601e-05,9.18006,0.0
455,34,3.09000083923,0.14288169021,0.0,8.9324,1.95272e-05,8.93238,0.0
521,39,2.9000012207,0.147417126947,0.0,8.63907,2.54268e-05,8.63905,0.0
587,44,2.61000102997,0.143481359132,0.0,8.33878,1.18705e-05,8.33876,0.0
652,49,2.23000091553,0.127041196412,0.0,8.4502,9.01686e-06,8.45019,0.0
718,54,2.6300006485,0.134947310413,0.0,8.43764,5.14023e-06,8.43763,0.0
784,59,2.32000087738,0.126369816734,0.0,8.19779,6.94977e-06,8.19778,0.0
849,64,2.18000080109,0.129518479128,0.0,8.09583,6.13427e-06,8.09583,0.0
915,69,2.15000080109,0.130673820618,0.0,8.10708,4.63243e-06,8.10708,0.0
980,74,2.0200006485,0.130411401165,0.0,7.61701,3.66683e-06,7.617,0.0
1046,79,2.13000091553,0.136726507596,0.0,8.02508,1.3566e-06,8.02508,0.0
1111,84,2.13000137329,0.129780075086,0.0,7.72254,2.81332e-06,7.72254,0.0
1182,89,2.05000099182,0.129366303189,0.0,7.78741,5.69328e-06,7.7874,0.0
1325,94,2.03000080109,0.130263281863,0.0,7.74565,2.23395e-06,7.74565,0.0
1470,99,2.00000106812,0.129166374657,0.0,7.4568,1.22547e-06,7.4568,0.0
1614,104,2.19000118256,0.14522387588,0.0,7.56742,3.20661e-06,7.56742,0.0
1759,109,2.11000110626,0.155024077356,0.0,7.46633,2.02176e-06,7.46633,0.0
1904,114,2.06000114441,0.131911475661,0.0,7.69482,2.40458e-05,7.6948,0.0
2047,119,1.82000110626,0.120963805164,0.0,7.14702,3.19481e-07,7.14702,0.0
2192,124,1.89000076294,0.128578099282,0.0,7.63414,3.59757e-06,7.63414,0.0
2334,129,1.89000080109,0.12141345849,0.0,7.43892,5.76972e-07,7.43892,0.0
2478,134,2.0600012207,0.141755072581,0.0,7.51901,1.26123e-06,7.51901,0.0
2623,139,1.88000099182,0.137506764193,0.0,7.34422,7.58166e-07,7.34422,0.0
2768,144,1.76000099182,0.128261632718,0.0,7.33453,4.91142e-07,7.33453,0.0
2911,149,1.98000114441,0.13732124875,0.0,7.26642,1.32559e-06,7.26642,0.0
3057,154,1.67000137329,0.121330011254,0.0,7.32953,1.32138e-05,7.32951,0.0
3202,159,1.83000091553,0.133729830801,0.0,7.24397,6.96178e-07,7.24397,0.0
3346,164,1.93000102997,0.138523857665,0.0,7.96219,4.60147e-07,7.96219,0.0
3486,169,1.69000099182,0.116083186045,0.0,7.73507,4.00542e-07,7.73507,0.0
3630,174,1.80000110626,0.127943787465,0.0,7.73639,4.02927e-07,7.73639,0.0
3773,179,1.69000099182,0.119663087588,0.0,7.71627,6.07965e-07,7.71627,0.0
3916,184,1.78000083923,0.130798742657,0.0,7.38223,6.9679e-06,7.38222,0.0
4059,189,1.69000148773,0.125995272931,0.0,7.1998,2.50339e-07,7.1998,0.0
4203,194,1.67000083923,0.128979645009,0.0,7.71387,1.90735e-07,7.71387,0.0
4346,199,1.80000133514,0.131262538878,0.0,7.30982,6.4373e-08,7.30982,0.0
4486,204,1.92000099182,0.138184194617,0.0,7.01987,2.21729e-07,7.01987,0.0
4629,209,1.76000049591,0.132864747715,0.0,7.6427,5.67431e-07,7.6427,0.0
4772,214,1.67000087738,0.119028559966,0.0,7.0178,4.3392e-07,7.0178,0.0
4916,219,1.75000110626,0.123816733906,0.0,7.6961,2.12192e-07,7.6961,0.0
5060,224,1.79000083923,0.129068790216,0.0,7.2313,2.81332e-07,7.2313,0.0
5204,229,1.72000099182,0.132955609715,0.0,7.31415,1.19209e-07,7.31415,0.0
5347,234,1.65000102997,0.118470388328,0.0,7.49772,1.35898e-07,7.49772,0.0
5491,239,1.87000095367,0.13223754064,0.0,7.31525,5.81692e-06,7.31524,0.0
5522,240,1.76000102997,0.131542822566,0.0,7.34859,1.28746e-07,7.34859,0.0
5552,241,1.6200006485,0.125376656032,0.0,6.739,1.78814e-07,6.739,0.0
5582,242,1.74000141144,0.120276348118,0.0,7.41741,9.0599e-08,7.41741,0.0
5614,243,1.87000099182,0.137038226348,0.0,6.97641,1.19209e-07,6.97641,0.0
5645,244,1.79000102997,0.125821023172,0.0,7.40799,5.96046e-08,7.40799,0.0
5677,245,1.71000125885,0.120599410964,0.0,7.07195,1.90735e-07,7.07195,0.0
5709,246,1.82000152588,0.136935824423,0.0,7.09614,3.8147e-08,7.09614,0.0
5740,247,1.61000102997,0.130985937106,0.0,7.20728,9.0599e-08,7.20728,0.0
5772,248,1.87000099182,0.162970417938,0.0,7.17624,1.93119e-07,7.17624,0.0
5804,249,1.84000099182,0.153329009268,0.0,7.31688,1.85966e-07,7.31688,0.0
