20,4,3.77999893188,0.198780565038,4.57763671875e-06,0.231062,0.0351608,0.0,0.195901
42,9,4.16999885559,0.182727551274,7.62939453125e-07,0.149704,0.012465,0.0,0.137239
64,14,4.00999931335,0.168823027685,1.52587890625e-06,0.143042,0.00724475,0.0,0.135797
86,19,3.54999961853,0.152732559629,5.34057617187e-06,0.0978024,0.00753718,0.0,0.0902652
107,24,3.38999992371,0.140936469268,0.0,0.0969145,0.00235461,0.0,0.0945599
129,29,3.12000076294,0.137139157187,6.103515625e-06,0.114419,0.00236858,0.0,0.11205
151,34,2.86000099182,0.129195896666,6.103515625e-06,0.138352,0.000881877,0.0,0.13747
173,39,2.86000030518,0.136435292074,5.34057617187e-06,0.0853611,0.00138811,0.0,0.083973
194,44,2.58000083923,0.120326197064,3.0517578125e-06,0.109283,0.00140614,0.0,0.107877
216,49,2.71000045776,0.124645694559,0.0,0.0714267,0.000576137,0.0,0.0708506
238,54,2.57000045776,0.121469217893,5.34057617187e-06,0.0451984,0.000685553,0.0,0.0445129
259,59,2.41000099182,0.108046444589,3.0517578125e-06,0.11401,0.000482474,0.0,0.113528
281,64,2.26000106812,0.100448126714,7.62939453125e-07,0.0599857,0.000375909,0.0,0.0596098
303,69,2.24000106812,0.0978965773433,4.57763671875e-06,0.0614825,0.00168778,0.0,0.0597947
324,74,2.45000038147,0.106376122585,3.81469726562e-06,0.0304113,0.000632087,0.0,0.0297792
346,79,2.21000083923,0.103251664806,7.62939453125e-07,0.0870994,0.000495544,0.0,0.0866038
368,84,2.020001297,0.0930884626787,7.62939453125e-07,0.0380233,0.000325205,0.0,0.0376981
389,89,2.51000099182,0.106846983396,2.28881835937e-06,0.0658901,0.000407495,0.0,0.0654826
411,94,2.40000083923,0.0990081094392,3.81469726562e-06,0.0564994,0.00022341,0.0,0.056276
432,99,2.40000137329,0.11608227009,7.62939453125e-07,0.0650992,0.000625943,0.0,0.0644732
454,104,2.3100012207,0.108377463575,7.62939453125e-07,0.0658395,0.000210752,0.0,0.0656288
475,109,2.31000045776,0.103586607296,7.62939453125e-07,0.078437,0.000223415,0.0,0.0782136
497,114,2.29000053406,0.102989705647,0.0,0.0480106,0.000245551,0.0,0.047765
519,119,2.12000137329,0.0938881534734,6.86645507813e-06,0.0473884,0.000260056,0.0,0.0471283
540,124,2.16000099182,0.0941159298271,3.0517578125e-06,0.0394244,0.00012073,0.0,0.0393037
562,129,2.11000076294,0.0994939581119,6.103515625e-06,0.0343549,0.000195054,0.0,0.0341598
583,134,2.2100012207,0.10162865256,7.62939453125e-07,0.0288896,0.00011474,0.0,0.0287749
605,139,2.02000076294,0.0993660079176,1.52587890625e-06,0.0684312,0.000116392,0.0,0.0683149
627,144,1.96000144958,0.0927251539449,5.34057617187e-06,0.0550079,0.000169709,0.0,0.0548382
648,149,1.91000114441,0.0909726221417,7.62939453125e-07,0.0570251,0.000149139,0.0,0.0568759
670,154,2.14000114441,0.102219409156,4.57763671875e-06,0.0300966,0.000204089,0.0,0.0298925
691,159,2.36000076294,0.0987277901173,6.103515625e-06,0.0315362,9.31411e-05,0.0,0.031443
713,164,2.24000152588,0.0927796065994,3.0517578125e-06,0.0498789,6.8277e-05,0.0,0.0498106
735,169,2.130001297,0.0896304240264,7.62939453125e-07,0.0440092,9.64042e-05,0.0,0.0439128
756,174,1.94000160217,0.0874251238769,4.57763671875e-06,0.0816574,0.000214722,0.0,0.0814426
778,179,2.11000091553,0.0866600041511,1.52587890625e-06,0.0176598,0.000156387,0.0,0.0175034
799,184,2.15000114441,0.102743300828,4.57763671875e-06,0.0343066,0.000176343,0.0,0.0341302
821,189,2.01000099182,0.0988646145025,0.0,0.0487114,5.53657e-05,0.0,0.048656
842,194,2.01000205994,0.0912041037623,1.52587890625e-06,0.0114625,5.47772e-05,0.0,0.0114077
864,199,2.120001297,0.0981803410267,7.62939453125e-07,0.0251521,0.000196971,0.0,0.0249552
885,204,2.06000053406,0.092160772963,3.0517578125e-06,0.0312878,7.9702e-05,0.0,0.0312081
907,209,2.12000190735,0.0942361084686,0.0,0.0179705,5.95715e-05,0.0,0.0179109
929,214,2.1300012207,0.0929540688358,1.52587890625e-06,0.0244499,4.11164e-05,0.0,0.0244088
950,219,1.92000114441,0.0965383770922,4.57763671875e-06,0.0202855,2.02423e-05,0.0,0.0202653
972,224,2.04000114441,0.0938789217186,3.0517578125e-06,0.0236064,5.25372e-05,0.0,0.0235539
993,229,2.07000175476,0.0977967480593,6.103515625e-06,0.0184049,9.441e-05,0.0,0.0183105
1015,234,2.0800012207,0.0985932131961,5.34057617187e-06,0.019668,1.49331e-05,0.0,0.0196531
1036,239,2.090001297,0.0969588011829,0.0,0.0229114,3.84219e-05,0.0,0.022873
1041,240,2.12000137329,0.0991149810771,0.0,0.0290406,3.83002e-05,0.0,0.0290023
1046,241,1.98000068665,0.0969317456661,0.0,0.0163394,1.84299e-05,0.0,0.0163209
1051,242,2.07000083923,0.0993703428016,4.57763671875e-06,0.0261929,1.99516e-05,0.0,0.026173
1056,243,2.01000167847,0.0980619436083,0.0,0.00857874,1.06786e-05,0.0,0.00856806
1061,244,1.98000175476,0.0973312789085,4.57763671875e-06,0.0246947,8.41369e-06,0.0,0.0246863
1066,245,2.02000175476,0.107715878275,0.0,0.0133112,1.41103e-05,0.0,0.0132971
1071,246,2.00000152588,0.0983657430019,5.34057617187e-06,0.0238647,3.28903e-05,0.0,0.0238318
1076,247,2.03000099182,0.100067378841,7.62939453125e-07,0.0110168,5.09248e-05,0.0,0.0109659
1080,248,2.04000091553,0.097923167292,7.62939453125e-07,0.0169446,9.71779e-06,0.0,0.0169349
1085,249,2.00000114441,0.0990217842173,7.62939453125e-07,0.00702281,3.02654e-05,0.0,0.00699254
