21,4,11.3299992371,0.431137649715,0.0,0.298519,0.0154082,0.0,0.28311
43,9,9.51999862671,0.383169165254,0.0,0.273841,0.00650952,0.0,0.267331
65,14,8.11999740601,0.297097376436,0.0,0.253267,0.00357854,0.0,0.249688
87,19,7.73999771118,0.283681361228,0.0,0.188532,0.00222181,0.0,0.18631
109,24,7.29999824524,0.247078413814,0.0,0.240598,0.00180672,0.0,0.238792
132,29,5.14999862671,0.225056132451,0.0,0.216362,0.00149027,0.0,0.214871
154,34,4.5499987793,0.201207230166,7.62939453125e-06,0.246671,0.00126867,0.0,0.245403
176,39,3.41000007629,0.185819609314,0.0,0.143338,0.000957609,0.0,0.14238
198,44,4.18999923706,0.1829736007,0.0,0.139839,0.000745272,0.0,0.139093
220,49,7.03999801636,0.205108157545,7.62939453125e-06,0.156231,0.000654084,0.0,0.155577
243,54,3.46999908447,0.16702955354,0.0,0.170975,0.000569427,0.0,0.170405
265,59,3.06000038147,0.168252082765,7.62939453125e-06,0.151,0.000613638,0.0,0.150386
287,64,2.86000022888,0.150814356282,7.62939453125e-06,0.137119,0.000519051,0.0,0.1366
309,69,6.06999847412,0.166639154702,0.0,0.156169,0.00045313,0.0,0.155716
331,74,2.59000114441,0.137540352792,7.62939453125e-06,0.157003,0.000417792,0.0,0.156585
354,79,4.1599987793,0.144078011364,0.0,0.138161,0.000377463,0.0,0.137784
376,84,2.29000076294,0.126688039601,0.0,0.116419,0.00028872,0.0,0.116131
398,89,2.15000091553,0.116751472168,0.0,0.147543,0.000285432,0.0,0.147257
420,94,2.14000144958,0.125689840503,0.0,0.138905,0.000280028,0.0,0.138625
442,99,2.27000030518,0.119162190966,0.0,0.119223,0.000266676,0.0,0.118957
464,104,2.61000099182,0.122782542445,7.62939453125e-06,0.115194,0.000247443,0.0,0.114946
486,109,2.36000083923,0.123476258107,0.0,0.101771,0.000235174,0.0,0.101536
509,114,2.11000061035,0.104810051881,0.0,0.107428,0.000186551,0.0,0.107241
531,119,1.930001297,0.0986918897927,0.0,0.136387,0.000221139,0.0,0.136166
553,124,1.85000152588,0.0913582362607,0.0,0.107226,0.000197579,0.0,0.107029
575,129,1.96000083923,0.10391313348,0.0,0.1169,0.000195597,0.0,0.116704
597,134,1.73000083923,0.0927558511682,7.62939453125e-06,0.136368,0.000151856,0.0,0.136216
619,139,1.72000183105,0.0899208667502,7.62939453125e-06,0.0777478,0.000147727,0.0,0.0776001
641,144,1.67000144958,0.0882312559336,7.62939453125e-06,0.112078,0.000156529,0.0,0.111921
664,149,1.89000152588,0.0945503082499,7.62939453125e-06,0.148451,0.000158545,0.0,0.148292
686,154,1.66000106812,0.0889884898812,0.0,0.0727331,0.000108671,0.0,0.0726244
708,159,1.62000175476,0.0799131419137,7.62939453125e-06,0.140287,0.000120166,0.0,0.140167
730,164,1.6600012207,0.0937556188181,7.62939453125e-06,0.100528,0.000128569,0.0,0.1004
752,169,1.70000091553,0.0931364558265,0.0,0.109545,0.000145315,0.0,0.109399
774,174,1.69000152588,0.0849236476794,7.62939453125e-06,0.0882788,0.000119239,0.0,0.0881596
795,179,1.53000167847,0.0826432358287,0.0,0.0696328,0.000107486,0.0,0.0695253
817,184,1.66000152588,0.0789179662615,0.0,0.0837061,8.59811e-05,0.0,0.0836201
839,189,1.68000183105,0.0765693852492,0.0,0.055848,9.5891e-05,0.0,0.0557521
861,194,1.57000167847,0.0888005328923,0.0,0.068978,0.000121745,0.0,0.0688562
883,199,1.6700012207,0.080876307413,0.0,0.0896986,7.37101e-05,0.0,0.0896249
905,204,1.48000267029,0.0758921730705,7.62939453125e-06,0.089864,7.71405e-05,0.0,0.0897869
927,209,1.64000137329,0.084101415202,0.0,0.0901267,0.000100099,0.0,0.0900266
949,214,1.45000167847,0.0691503399424,7.62939453125e-06,0.0625738,7.01705e-05,0.0,0.0625036
970,219,1.55000175476,0.0719839088619,0.0,0.0806495,5.3557e-05,0.0,0.0805959
992,224,1.51000106812,0.065406874232,7.62939453125e-06,0.062649,5.00927e-05,0.0,0.0625989
1014,229,1.36000183105,0.0639371271059,7.62939453125e-06,0.0398272,4.096e-05,0.0,0.0397862
1034,234,1.40000114441,0.0626514574792,0.0,0.0713686,4.02348e-05,0.0,0.0713284
1054,239,1.3000012207,0.0599155772477,0.0,0.0571775,3.57079e-05,0.0,0.0571418
1059,240,1.3200012207,0.0604434476793,0.0,0.0637057,4.32723e-05,0.0,0.0636624
1063,241,1.31000114441,0.0547992467694,7.62939453125e-06,0.0591842,3.6975e-05,0.0,0.0591473
1068,242,1.34000099182,0.0571267257631,0.0,0.0597073,3.34516e-05,0.0,0.0596738
1072,243,1.31000114441,0.054547233507,0.0,0.0331653,3.49689e-05,0.0,0.0331304
1077,244,1.36000152588,0.0550693940744,0.0,0.0686614,3.16885e-05,0.0,0.0686297
1081,245,1.40000152588,0.0555056051258,0.0,0.0669927,3.48426e-05,0.0,0.0669578
1086,246,1.37000144958,0.0540576922148,0.0,0.0633627,3.22941e-05,0.0,0.0633304
1090,247,1.2800012207,0.0563218114246,7.62939453125e-06,0.0650859,3.32269e-05,0.0,0.0650527
1095,248,1.2700012207,0.0539129119553,7.62939453125e-06,0.0494328,3.67616e-05,0.0,0.049396
1099,249,1.29000083923,0.0558149902523,7.62939453125e-06,0.0271204,3.16289e-05,0.0,0.0270888
