59,4,4.12999946594,0.18825074628,3.81469726562e-06,11.16,0.0209552,11.139,0.0
63,4,3.00000061035,0.131408817507,6.86645507813e-06,8.96256,0.00380802,8.95875,0.0
129,9,2.77000068665,0.13374949513,5.34057617187e-06,8.16797,0.00189097,8.16607,0.0
193,14,2.52000160217,0.121007223094,3.0517578125e-06,7.41369,0.000674921,7.41301,0.0
258,19,2.37000175476,0.119606110132,1.52587890625e-06,7.35508,0.000381448,7.3547,0.0
323,24,2.24000221252,0.115088505591,3.0517578125e-06,6.95656,0.00796939,6.94859,0.0
388,29,2.18000183105,0.10600040932,3.0517578125e-06,6.60726,0.000107247,6.60715,0.0
453,34,2.13000167847,0.106498949863,3.0517578125e-06,6.61046,9.23485e-05,6.61037,0.0
518,39,2.38000183105,0.118566987636,3.0517578125e-06,6.73082,8.04401e-05,6.73074,0.0
585,44,2.390001297,0.125164378313,4.57763671875e-06,6.90822,0.000122628,6.9081,0.0
652,49,2.16000198364,0.113519485639,1.52587890625e-06,6.4506,2.39087e-05,6.45057,0.0
717,54,2.06000190735,0.110767630804,3.81469726562e-06,6.42662,2.89719e-05,6.42659,0.0
781,59,2.03000160217,0.118760499396,5.34057617187e-06,6.13608,1.83851e-05,6.13606,0.0
846,64,1.76000213623,0.0982355825696,7.62939453125e-07,6.67411,1.5542e-05,6.67409,0.0
911,69,1.94000190735,0.108500717804,1.52587890625e-06,6.32136,1.58829e-05,6.32134,0.0
977,74,1.93000244141,0.0993289988319,5.34057617187e-06,6.38091,1.3465e-05,6.3809,0.0
1042,79,2.07000152588,0.10946512364,5.34057617187e-06,6.25198,1.33753e-05,6.25197,0.0
1106,84,1.96000183105,0.100621090746,6.103515625e-06,6.52276,2.03145e-05,6.52274,0.0
1169,89,1.86000205994,0.102226450783,2.28881835937e-06,6.26737,3.78274e-05,6.26733,0.0
1232,94,2.00000244141,0.110694868687,3.81469726562e-06,6.1293,8.24064e-06,6.12929,0.0
1295,99,1.85000183105,0.102063404457,3.0517578125e-06,6.09631,8.80808e-06,6.0963,0.0
1358,104,1.70000259399,0.090043097406,3.81469726562e-06,5.94735,9.11427e-06,5.94734,0.0
1421,109,1.86000160217,0.101738979751,3.81469726562e-06,5.80844,1.23389e-05,5.80843,0.0
1484,114,1.70000221252,0.100829925403,3.0517578125e-06,5.85694,7.46704e-06,5.85693,0.0
1546,119,1.82000236511,0.099679122318,1.52587890625e-06,6.17626,6.32748e-06,6.17626,0.0
1609,124,1.85000213623,0.101728068019,3.0517578125e-06,6.26421,7.15454e-06,6.26421,0.0
1672,129,1.91000175476,0.105736026379,3.81469726562e-06,6.24792,4.33917e-06,6.24792,0.0
1734,134,1.66000190735,0.0945169025596,7.62939453125e-07,6.36064,4.40825e-06,6.36063,0.0
1797,139,1.71000167847,0.0963331781779,6.103515625e-06,5.91404,6.93035e-06,5.91403,0.0
1859,144,1.78000175476,0.08984193935,4.57763671875e-06,5.80358,1.62069e-05,5.80357,0.0
1920,149,1.78000244141,0.101989635979,2.28881835937e-06,6.07076,1.64075e-05,6.07074,0.0
1982,154,1.71000274658,0.0912123366562,3.0517578125e-06,5.89762,5.00651e-06,5.89761,0.0
2044,159,1.71000236511,0.102219374459,6.103515625e-06,5.77045,3.95412e-06,5.77045,0.0
2107,164,1.80000236511,0.0974341385881,2.28881835937e-06,5.85062,1.90972e-06,5.85062,0.0
2169,169,1.70000259399,0.0998850427618,5.34057617187e-06,5.77033,3.36879e-06,5.77033,0.0
2230,174,1.61000221252,0.0942623272078,2.28881835937e-06,5.87217,2.35316e-06,5.87217,0.0
2293,179,1.72000160217,0.0956591707046,2.28881835937e-06,5.91049,3.03611e-05,5.91046,0.0
2354,184,1.72000183105,0.10101563544,5.34057617187e-06,5.72381,7.40805e-06,5.7238,0.0
2416,189,1.63000205994,0.0876614620737,3.81469726562e-06,5.68292,2.6321e-06,5.68291,0.0
2478,194,1.62000175476,0.0925628133584,6.103515625e-06,5.81613,2.63331e-06,5.81613,0.0
2540,199,1.68000221252,0.108593021377,3.0517578125e-06,6.08347,3.70965e-06,6.08346,0.0
2602,204,1.68000190735,0.0943246131498,7.62939453125e-07,5.91039,2.81329e-06,5.91039,0.0
2664,209,1.77000198364,0.107058080544,0.0,5.87994,1.9419e-06,5.87994,0.0
2726,214,1.60000205994,0.102225018375,4.57763671875e-06,5.78559,1.24573e-06,5.78559,0.0
2788,219,1.57000236511,0.092722681727,1.52587890625e-06,5.70925,1.71303e-06,5.70925,0.0
2847,224,1.62000244141,0.0945114469665,7.62939453125e-07,5.76458,5.04053e-06,5.76458,0.0
2906,229,1.57000221252,0.0885125093488,5.34057617187e-06,5.93122,2.46283e-06,5.93122,0.0
2959,234,1.67000213623,0.0978217229428,4.57763671875e-06,5.68363,1.99791e-06,5.68363,0.0
3020,239,1.61000228882,0.0960755459566,3.81469726562e-06,5.67428,1.38381e-05,5.67427,0.0
3034,240,1.67000144958,0.0969388355663,4.57763671875e-06,5.65971,1.85368e-06,5.65971,0.0
3048,241,1.61000282288,0.0945771508547,3.81469726562e-06,5.7157,8.29694e-07,5.7157,0.0
3061,242,1.51000198364,0.0903660759638,5.34057617187e-06,5.88277,3.86923e-06,5.88276,0.0
3074,243,1.66000152588,0.106136918133,1.52587890625e-06,5.70066,2.69051e-06,5.70065,0.0
3088,244,1.74000190735,0.104970967127,7.62939453125e-07,5.92508,3.34473e-06,5.92508,0.0
3102,245,1.57000152588,0.0937534303547,4.57763671875e-06,5.76621,4.7632e-06,5.7662,0.0
3115,246,1.64000244141,0.0889928964648,5.34057617187e-06,5.72899,4.11587e-06,5.72899,0.0
3129,247,1.65000167847,0.0982483432366,6.103515625e-06,5.95546,1.43885e-06,5.95546,0.0
3143,248,1.52000228882,0.0882512966124,1.52587890625e-06,5.64517,1.28864e-06,5.64517,0.0
3157,249,1.57000259399,0.0834894458106,2.28881835937e-06,5.5872,1.50918e-06,5.5872,0.0
