155,4,6.34999931335,0.272238729894,7.62939453125e-06,18.1922,0.0209839,18.1712,0.0
319,9,3.83000030518,0.161313055307,0.0,14.2124,0.00556967,14.2068,0.0
478,14,2.75000152588,0.120647111936,0.0,12.8942,0.00199285,12.8922,0.0
637,19,2.78000152588,0.116898266561,0.0,12.0096,0.000864842,12.0087,0.0
794,24,2.22000213623,0.094388580909,0.0,11.5665,0.00038632,11.5662,0.0
951,29,1.99000190735,0.0888357657054,0.0,11.6626,0.00022029,11.6624,0.0
1108,34,1.98000305176,0.0976575143728,0.0,11.3224,0.000124639,11.3223,0.0
1265,39,2.00000259399,0.0924641268468,7.62939453125e-06,11.1213,0.00010431,11.1212,0.0
1421,44,1.93000259399,0.0973340954492,7.62939453125e-06,11.4148,4.86321e-05,11.4148,0.0
1577,49,1.92000160217,0.10037190615,7.62939453125e-06,10.7449,5.96044e-05,10.7448,0.0
1732,54,1.79000228882,0.0855080383294,7.62939453125e-06,10.1158,1.92194e-05,10.1158,0.0
1889,59,1.70000289917,0.0825212148333,0.0,10.995,1.04925e-05,10.995,0.0
2045,64,1.7300025177,0.103226317212,7.62939453125e-06,10.2866,1.30936e-05,10.2866,0.0
2201,69,1.63000228882,0.0896931789326,7.62939453125e-06,10.031,4.78382e-06,10.031,0.0
2357,74,1.72000205994,0.0964956003753,0.0,10.5697,6.96049e-06,10.5697,0.0
2514,79,1.64000244141,0.101226779413,7.62939453125e-06,10.3677,6.13798e-06,10.3677,0.0
2671,84,1.53000228882,0.0918022641519,0.0,10.4243,4.04712e-06,10.4243,0.0
2827,89,1.49000259399,0.0917809633065,7.62939453125e-06,10.274,1.07972e-05,10.274,0.0
2982,94,1.48000190735,0.0969751928406,0.0,10.1705,4.44643e-06,10.1705,0.0
3138,99,1.4800025177,0.0907855125447,7.62939453125e-06,9.98296,7.32845e-06,9.98295,0.0
3298,104,1.42000320435,0.0872092239041,7.62939453125e-06,10.101,2.71199e-06,10.101,0.0
3467,109,1.52000312805,0.0879313457874,7.62939453125e-06,9.56656,3.28889e-06,9.56656,0.0
3627,114,1.38000297546,0.0890096370364,0.0,9.74949,8.2752e-06,9.74948,0.0
3787,119,1.43000289917,0.0894530807878,0.0,10.1236,1.72376e-06,10.1236,0.0
3944,124,1.59000267029,0.106012056542,7.62939453125e-06,9.74691,6.17503e-07,9.7469,0.0
4099,129,1.29000312805,0.0831474327992,7.62939453125e-06,9.56654,5.09122e-06,9.56653,0.0
4256,134,1.31000320435,0.0894742286223,7.62939453125e-06,9.29787,2.27807e-06,9.29787,0.0
4412,139,1.39000335693,0.0851816559664,0.0,9.48791,2.35308e-06,9.48791,0.0
4568,144,1.42000297546,0.0882801117931,7.62939453125e-06,9.46795,6.98881e-06,9.46795,0.0
4726,149,1.37000282288,0.0866056716915,7.62939453125e-06,10.2502,1.47842e-05,10.2502,0.0
4886,154,1.39000228882,0.0861716406996,0.0,9.28955,2.55461e-06,9.28954,0.0
5042,159,1.28000289917,0.0867354611566,7.62939453125e-06,9.51784,2.78826e-06,9.51784,0.0
5206,164,1.26000312805,0.0840457386608,0.0,9.44543,4.45466e-06,9.44542,0.0
5363,169,1.37000320435,0.0916237751056,7.62939453125e-06,9.35118,5.90095e-05,9.35112,0.0
5520,174,1.18000335693,0.0878409149681,7.62939453125e-06,9.56817,1.75832e-06,9.56817,0.0
5677,179,1.24000366211,0.0927081993164,0.0,9.53171,4.11609e-06,9.53171,0.0
5838,184,1.2600025177,0.0875654174056,0.0,9.93002,1.07407e-06,9.93002,0.0
5997,189,1.33000305176,0.0907439154206,0.0,9.37769,1.53537e-06,9.37769,0.0
6154,194,1.24000282288,0.0890103223914,7.62939453125e-06,9.54552,1.5771e-06,9.54552,0.0
6311,199,1.31000328064,0.089548257821,7.62939453125e-06,9.23815,2.23863e-06,9.23815,0.0
6477,204,1.29000305176,0.0836344072097,0.0,9.93511,5.10215e-07,9.93511,0.0
6635,209,1.43000259399,0.100824969354,0.0,9.27536,5.38823e-07,9.27536,0.0
6799,214,1.20000297546,0.0864307461829,0.0,9.26264,6.8967e-06,9.26263,0.0
6955,219,1.32000305176,0.0894514648966,0.0,9.46378,8.54724e-07,9.46378,0.0
7112,224,1.27000305176,0.0751899541347,7.62939453125e-06,9.18348,3.29017e-07,9.18348,0.0
7267,229,1.29000236511,0.0956564620652,0.0,9.22288,3.6478e-07,9.22288,0.0
7424,234,1.2800025177,0.091251757471,0.0,9.39371,3.24249e-07,9.39371,0.0
7579,239,1.34000274658,0.0856146039231,0.0,9.18033,8.09428e-07,9.18033,0.0
7616,240,1.32000236511,0.097251801915,0.0,9.18871,9.15522e-07,9.18871,0.0
7652,241,1.21000274658,0.0839554851063,7.62939453125e-06,9.39257,2.89678e-07,9.39257,0.0
7688,242,1.28000289917,0.0771817340178,7.62939453125e-06,9.43747,6.29422e-07,9.43747,0.0
7724,243,1.32000312805,0.0847852237474,7.62939453125e-06,9.13081,6.36573e-07,9.13081,0.0
7761,244,1.26000297546,0.0868165841675,0.0,9.23639,5.69818e-07,9.23638,0.0
7797,245,1.25000259399,0.0936704165064,0.0,9.12665,4.70875e-07,9.12665,0.0
7833,246,1.21000289917,0.0877687926209,0.0,9.34832,6.2823e-07,9.34832,0.0
7870,247,1.33000305176,0.0954340765928,7.62939453125e-06,9.30026,6.53263e-07,9.30026,0.0
7906,248,1.3300025177,0.0824679167679,0.0,9.25323,5.45976e-07,9.25323,0.0
7942,249,1.32000282288,0.0925427825462,7.62939453125e-06,9.15741,6.30615e-07,9.15741,0.0
