95,4,4.39999809265,0.218747821152,6.103515625e-06,44.1787,0.0452818,44.1334,0.0
197,9,3.11999961853,0.139562958963,4.57763671875e-06,34.924,0.020896,34.9031,0.0
296,14,2.89000022888,0.120025798399,6.103515625e-06,32.2933,0.00890995,32.2844,0.0
397,19,2.21000076294,0.104203931605,6.86645507813e-06,31.4319,0.00333709,31.4285,0.0
495,24,2.45000015259,0.0997033261694,7.62939453125e-07,31.6852,0.00209259,31.6831,0.0
596,29,2.23000053406,0.0926050343085,5.34057617187e-06,28.871,0.00191398,28.8691,0.0
695,34,2.18000099182,0.0962039240869,6.86645507813e-06,30.2474,0.00111897,30.2463,0.0
796,39,2.00000099182,0.0959336876916,5.34057617187e-06,28.9907,0.00124359,28.9895,0.0
894,44,2.05000114441,0.0855690353177,0.0,27.0615,0.000591397,27.0609,0.0
995,49,2.25000076294,0.0966299418733,2.28881835937e-06,28.6355,0.000486743,28.6351,0.0
1095,54,2.02000137329,0.0911907046707,6.86645507813e-06,29.0431,0.000613317,29.0425,0.0
1196,59,2.04000137329,0.0990475719329,6.103515625e-06,27.2153,0.00230744,27.213,0.0
1295,64,1.83000083923,0.0848261544155,6.86645507813e-06,28.2414,0.00029591,28.2411,0.0
1397,69,1.74000091553,0.0794441560504,7.62939453125e-06,27.0391,0.000276337,27.0388,0.0
1495,74,1.62000160217,0.0818714159203,1.52587890625e-06,26.5708,0.000167266,26.5706,0.0
1596,79,1.7500012207,0.0853718604916,5.34057617187e-06,27.2651,0.000246002,27.2649,0.0
1695,84,1.680001297,0.083120737432,7.62939453125e-07,27.595,0.000113374,27.5949,0.0
1796,89,1.70000175476,0.081275969249,5.34057617187e-06,26.7042,5.10567e-05,26.7042,0.0
1895,94,1.69000106812,0.0799866882019,5.34057617187e-06,26.6894,7.52849e-05,26.6893,0.0
1996,99,1.76000076294,0.0823692553584,6.86645507813e-06,26.8299,0.000164077,26.8298,0.0
2094,104,1.56000068665,0.0755654362659,3.81469726562e-06,27.5057,7.94503e-05,27.5056,0.0
2194,109,1.73000099182,0.0913921305363,7.62939453125e-07,26.5871,4.63418e-05,26.5871,0.0
2293,114,1.68000114441,0.0797903776681,1.52587890625e-06,27.0451,6.07879e-05,27.0451,0.0
2393,119,1.66000152588,0.0796698975592,1.52587890625e-06,28.1461,0.000288109,28.1458,0.0
2493,124,1.54000167847,0.0751636232645,2.28881835937e-06,26.8019,3.71858e-05,26.8019,0.0
2593,129,1.760001297,0.0808690382051,0.0,26.57,0.000171643,26.5698,0.0
2694,134,1.72000175476,0.0825585201127,7.62939453125e-06,26.8593,7.37743e-05,26.8593,0.0
2791,139,1.60000106812,0.0760663442838,3.81469726562e-06,26.7724,4.27666e-05,26.7723,0.0
2891,144,1.69000091553,0.0759224342555,6.103515625e-06,26.647,0.000102613,26.6469,0.0
2989,149,1.59000144958,0.0808350942261,5.34057617187e-06,26.214,3.35314e-05,26.214,0.0
3090,154,1.59000144958,0.0794042098505,3.81469726562e-06,25.5456,3.91647e-05,25.5455,0.0
3188,159,1.72000137329,0.0840277034329,1.52587890625e-06,25.5389,4.38225e-05,25.5388,0.0
3288,164,1.78000083923,0.0905111969123,6.86645507813e-06,25.5064,3.80752e-05,25.5063,0.0
3386,169,1.62000152588,0.0835018542805,3.0517578125e-06,25.317,2.76987e-05,25.317,0.0
3486,174,1.6400012207,0.0790756226704,0.0,25.9782,0.000280523,25.9779,0.0
3584,179,1.520001297,0.0788879472623,6.86645507813e-06,26.7624,0.000109061,26.7623,0.0
3685,184,1.71000091553,0.0838759941343,3.0517578125e-06,25.7973,2.81267e-05,25.7973,0.0
3783,189,1.65000114441,0.0843744092726,3.81469726562e-06,26.2995,1.42544e-05,26.2995,0.0
3883,194,1.7000012207,0.0816769486887,6.86645507813e-06,25.6972,3.12889e-05,25.6971,0.0
3981,199,1.610001297,0.0806595918839,0.0,26.7899,3.2033e-05,26.7899,0.0
4081,204,1.62000106812,0.0778457518562,6.103515625e-06,25.6864,6.57081e-05,25.6863,0.0
4179,209,1.79000152588,0.0856889742473,1.52587890625e-06,25.5947,4.16945e-05,25.5946,0.0
4280,214,1.560001297,0.0809233770962,6.103515625e-06,26.2277,4.32694e-05,26.2277,0.0
4378,219,1.64000106812,0.0894676909229,6.103515625e-06,26.4459,1.50507e-05,26.4459,0.0
4478,224,1.610001297,0.0838770154188,5.34057617187e-06,24.9575,4.40014e-05,24.9575,0.0
4576,229,1.49000167847,0.0808795446216,5.34057617187e-06,26.3755,3.02513e-05,26.3755,0.0
4671,234,1.62000198364,0.0868853734818,3.0517578125e-06,24.8509,3.70128e-05,24.8509,0.0
4766,239,1.460001297,0.0760499726929,3.0517578125e-06,25.5922,1.20132e-05,25.5922,0.0
4788,240,1.6700012207,0.0875289425231,6.86645507813e-06,24.5746,6.43602e-06,24.5746,0.0
4810,241,1.63000167847,0.0881162469671,1.52587890625e-06,25.8717,1.44905e-05,25.8717,0.0
4833,242,1.60000167847,0.0865015261108,1.52587890625e-06,24.4309,1.45415e-05,24.4309,0.0
4854,243,1.62000190735,0.0827678298496,4.57763671875e-06,24.9436,1.5085e-05,24.9436,0.0
4877,244,1.50000106812,0.0798178788694,5.34057617187e-06,25.8804,2.3545e-05,25.8804,0.0
4899,245,1.57000183105,0.0830131471227,7.62939453125e-06,24.133,1.60813e-05,24.133,0.0
4921,246,1.63000167847,0.0849794751755,7.62939453125e-07,25.283,1.1607e-05,25.283,0.0
4943,247,1.53000175476,0.0818578663879,2.28881835937e-06,25.3649,5.25041e-05,25.3648,0.0
4965,248,1.49000175476,0.0787351455935,5.34057617187e-06,26.5536,3.1848e-05,26.5536,0.0
4988,249,1.47000114441,0.0777377716149,6.86645507813e-06,25.4864,7.43112e-05,25.4863,0.0
