60,4,5.99999961853,0.271445966065,0.0,39.4904,0.0240736,39.4664,0.0
122,9,3.41000114441,0.161769139767,7.62939453125e-06,31.23,0.00818405,31.2218,0.0
184,14,3.17000137329,0.138076391444,0.0,28.3519,0.00234871,28.3495,0.0
245,19,2.76000228882,0.118680260247,0.0,26.2532,0.00152491,26.2517,0.0
307,24,2.48000244141,0.108130057775,7.62939453125e-06,25.5586,0.00067988,25.5579,0.0
369,29,2.22000213623,0.0987635340355,0.0,25.8083,0.000206407,25.8081,0.0
431,34,1.91000236511,0.104618856767,7.62939453125e-06,25.0926,0.000141132,25.0924,0.0
493,39,1.92000289917,0.0934999403916,0.0,24.8094,0.000110879,24.8093,0.0
555,44,1.92000297546,0.107592957437,7.62939453125e-06,25.4737,8.49835e-05,25.4736,0.0
616,49,1.8300025177,0.103090214527,7.62939453125e-06,24.1341,4.02395e-05,24.134,0.0
678,54,1.56000320435,0.0834763255273,7.62939453125e-06,22.7417,3.03293e-05,22.7417,0.0
740,59,1.71000350952,0.0967011175468,0.0,24.7224,3.29742e-05,24.7223,0.0
801,64,1.70000335693,0.0950338317687,0.0,23.4739,5.56911e-05,23.4738,0.0
863,69,1.47000289917,0.0823846712796,0.0,22.7962,1.36973e-05,22.7962,0.0
925,74,1.53000389099,0.0890118810796,7.62939453125e-06,24.0926,1.82422e-05,24.0926,0.0
986,79,1.47000312805,0.0876318149851,7.62939453125e-06,23.9601,1.89332e-05,23.9601,0.0
1048,84,1.62000320435,0.094768656285,7.62939453125e-06,24.0213,1.21071e-05,24.0213,0.0
1110,89,1.51000328064,0.0947355334405,0.0,23.811,4.39551e-05,23.811,0.0
1171,94,1.55000305176,0.0959325723283,0.0,23.8892,7.06383e-06,23.8892,0.0
1233,99,1.46000350952,0.0858633520987,0.0,23.2374,4.16274e-06,23.2374,0.0
1295,104,1.41000312805,0.0938658873655,7.62939453125e-06,23.4813,9.16558e-06,23.4812,0.0
1357,109,1.49000343323,0.0967013498362,7.62939453125e-06,22.4401,2.02178e-06,22.4401,0.0
1419,114,1.44000320435,0.105221977226,0.0,22.8367,4.11262e-06,22.8367,0.0
1480,119,1.40000328064,0.0936613614938,7.62939453125e-06,23.7405,5.29148e-06,23.7405,0.0
1542,124,1.36000389099,0.091494011858,0.0,22.9004,4.37241e-06,22.9004,0.0
1604,129,1.33000389099,0.0855927556321,7.62939453125e-06,22.4316,2.72747e-06,22.4316,0.0
1666,134,1.38000289917,0.079282559852,7.62939453125e-06,22.0071,2.62615e-06,22.0071,0.0
1727,139,1.31000396729,0.0880922671664,7.62939453125e-06,22.4204,5.81533e-06,22.4204,0.0
1789,144,1.39000358582,0.0990634991223,7.62939453125e-06,22.2373,3.75017e-06,22.2373,0.0
1850,149,1.36000320435,0.0941212465061,7.62939453125e-06,24.4434,2.08614e-06,24.4434,0.0
1911,154,1.33000335693,0.0835205266648,0.0,21.992,3.53561e-06,21.992,0.0
1972,159,1.31000297546,0.0850368160468,7.62939453125e-06,23.1388,3.11723e-06,23.1388,0.0
2033,164,1.32000328064,0.0928362836479,7.62939453125e-06,22.2748,9.59409e-06,22.2748,0.0
2094,169,1.27000335693,0.0955214094999,7.62939453125e-06,22.1317,1.97645e-06,22.1317,0.0
2155,174,1.23000297546,0.0838218576049,7.62939453125e-06,22.3503,9.57663e-06,22.3502,0.0
2217,179,1.40000389099,0.0968434613707,7.62939453125e-06,22.1039,4.49731e-06,22.1039,0.0
2278,184,1.30000343323,0.0845959308493,7.62939453125e-06,23.5077,3.83099e-06,23.5077,0.0
2339,189,1.32000297546,0.0996668540622,7.62939453125e-06,22.1166,6.80683e-07,22.1166,0.0
2401,194,1.30000328064,0.0857092638558,7.62939453125e-06,22.3879,1.84414e-06,22.3878,0.0
2461,199,1.29000297546,0.0930983175614,0.0,21.8924,2.28513e-06,21.8924,0.0
2522,204,1.23000427246,0.0883624229716,0.0,23.5009,1.49005e-06,23.5009,0.0
2583,209,1.38000328064,0.0860876387019,7.62939453125e-06,21.975,1.48767e-06,21.975,0.0
2644,214,1.28000328064,0.0807381491203,7.62939453125e-06,21.6253,4.54186e-07,21.6253,0.0
2704,219,1.29000358582,0.0864871118886,0.0,22.3985,3.09944e-07,22.3985,0.0
2765,224,1.2500038147,0.0811321270619,7.62939453125e-06,22.0472,1.44956e-06,22.0472,0.0
2826,229,1.3400038147,0.0932650157921,7.62939453125e-06,21.902,4.60147e-07,21.902,0.0
2886,234,1.20000442505,0.0869539334479,7.62939453125e-06,22.3431,5.60281e-07,22.3431,0.0
2948,239,1.2200037384,0.0868521027244,0.0,21.8545,1.90253e-06,21.8545,0.0
2961,240,1.21000335693,0.0869063038652,0.0,21.9362,5.73395e-07,21.9362,0.0
2975,241,1.16000343323,0.0894863508688,7.62939453125e-06,22.5041,4.12463e-07,22.5041,0.0
2988,242,1.29000343323,0.0865956030317,7.62939453125e-06,22.3692,1.10267e-06,22.3692,0.0
3002,243,1.26000427246,0.0823986657676,0.0,21.8629,3.98158e-07,21.8629,0.0
3015,244,1.21000312805,0.0905920026125,7.62939453125e-06,21.8568,1.51271e-06,21.8568,0.0
3029,245,1.25000328064,0.0939142357744,0.0,22.1153,4.99486e-07,22.1153,0.0
3043,246,1.26000350952,0.0819731676556,7.62939453125e-06,21.9937,9.34821e-06,21.9937,0.0
3057,247,1.17000297546,0.0821873038057,7.62939453125e-06,22.0177,1.25406e-06,22.0177,0.0
3070,248,1.19000427246,0.0865618682267,7.62939453125e-06,21.9286,1.44002e-06,21.9286,0.0
3084,249,1.11000411987,0.0796718916091,7.62939453125e-06,21.5415,3.09943e-07,21.5415,0.0
