67,4,5.53999984741,0.27031280756,0.0,18.3003,0.0193067,18.281,0.0
137,9,3.90000022888,0.175997808799,0.0,13.9724,0.00522943,13.9672,0.0
206,14,3.25000106812,0.144178529605,7.62939453125e-06,12.8273,0.00240449,12.8249,0.0
276,19,3.07000137329,0.122667572089,7.62939453125e-06,12.0774,0.00103761,12.0764,0.0
346,24,2.66000198364,0.113372742208,7.62939453125e-06,11.5441,0.000347353,11.5437,0.0
414,29,2.29000198364,0.107635457171,7.62939453125e-06,11.1051,0.000160195,11.1049,0.0
480,34,2.31000221252,0.108682347145,7.62939453125e-06,11.094,9.82324e-05,11.0939,0.0
538,39,2.70000167847,0.12546880065,7.62939453125e-06,11.2688,8.02137e-05,11.2688,0.0
585,44,2.54000205994,0.113167744204,7.62939453125e-06,10.4289,3.39986e-05,10.4288,0.0
630,49,2.67000160217,0.12578990499,0.0,10.7392,4.38283e-05,10.7392,0.0
676,54,2.37000205994,0.112157201846,7.62939453125e-06,10.7924,3.6194e-05,10.7923,0.0
722,59,2.41000228882,0.114380354283,0.0,10.5899,1.63231e-05,10.5899,0.0
767,64,2.42000221252,0.113917033916,7.62939453125e-06,10.4988,1.02012e-05,10.4988,0.0
813,69,2.30000228882,0.125888641886,0.0,10.0664,1.16287e-05,10.0664,0.0
859,74,2.29000274658,0.119152795672,7.62939453125e-06,10.1062,9.32813e-05,10.1061,0.0
905,79,2.31000259399,0.124770242295,7.62939453125e-06,10.1396,7.25582e-06,10.1396,0.0
951,84,2.45000198364,0.123826949936,7.62939453125e-06,9.71971,3.854e-06,9.7197,0.0
997,89,2.20000289917,0.116113567217,7.62939453125e-06,9.548,1.79886e-06,9.548,0.0
1043,94,2.13000289917,0.111555714186,7.62939453125e-06,9.86188,2.61782e-06,9.86188,0.0
1089,99,2.04000366211,0.103206951618,7.62939453125e-06,9.74237,2.34243e-06,9.74237,0.0
1135,104,1.86000305176,0.0964870268572,7.62939453125e-06,9.76443,1.35659e-06,9.76443,0.0
1181,109,1.8000037384,0.101989990248,0.0,9.92551,1.39832e-06,9.9255,0.0
1227,114,2.18000228882,0.115930825016,7.62939453125e-06,9.82279,1.26123e-06,9.82279,0.0
1273,119,2.34000244141,0.123008086315,0.0,9.93672,8.47071e-06,9.93671,0.0
1318,124,2.19000259399,0.120412017088,7.62939453125e-06,9.61172,5.32679e-06,9.61171,0.0
1364,129,2.22000259399,0.115566902419,0.0,9.33573,9.00028e-07,9.33573,0.0
1409,134,2.09000328064,0.12643803556,0.0,9.72799,2.14217e-06,9.72799,0.0
1456,139,2.26000244141,0.119296690109,0.0,9.55782,1.99673e-06,9.55782,0.0
1501,144,2.37000198364,0.129762516143,7.62939453125e-06,9.37462,8.42806e-07,9.37462,0.0
1546,149,2.00000305176,0.104948638876,7.62939453125e-06,9.8176,1.25406e-06,9.8176,0.0
1591,154,2.28000282288,0.121190058566,0.0,9.75343,2.18267e-06,9.75342,0.0
1637,159,1.89000289917,0.109601866486,0.0,9.15013,9.89431e-07,9.15013,0.0
1681,164,2.12000282288,0.117424307546,0.0,9.70746,1.2636e-06,9.70746,0.0
1726,169,1.89000312805,0.109018589698,0.0,9.17515,6.43727e-07,9.17515,0.0
1771,174,2.03000320435,0.10890548551,0.0,8.96814,1.26719e-06,8.96814,0.0
1816,179,1.73000305176,0.111556585678,7.62939453125e-06,9.15526,8.24926e-07,9.15526,0.0
1861,184,1.90000274658,0.113146520313,0.0,9.48007,7.90354e-07,9.48007,0.0
1905,189,1.84000305176,0.108733738159,7.62939453125e-06,9.10075,1.35182e-06,9.10075,0.0
1950,194,1.93000320435,0.117532243641,0.0,9.01633,2.27193e-06,9.01633,0.0
1994,199,2.06000259399,0.123264554227,7.62939453125e-06,9.36502,7.97506e-07,9.36502,0.0
2039,204,2.23000267029,0.124054097273,0.0,8.86235,1.31961e-06,8.86235,0.0
2083,209,2.04000282288,0.117372433958,7.62939453125e-06,8.8892,5.28095e-07,8.8892,0.0
2128,214,2.2400025177,0.121788174526,0.0,9.09083,6.83066e-07,9.09083,0.0
2173,219,2.12000282288,0.115026211705,7.62939453125e-06,8.74307,4.23191e-07,8.74307,0.0
2217,224,2.30000221252,0.12272459799,0.0,9.59472,3.15904e-07,9.59472,0.0
2262,229,2.12000244141,0.123649223563,0.0,9.14723,3.09943e-07,9.14723,0.0
2306,234,2.03000259399,0.110801741618,0.0,9.15151,7.36706e-07,9.15151,0.0
2352,239,2.12000221252,0.135363593584,7.62939453125e-06,8.72374,4.23192e-07,8.72374,0.0
2362,240,2.13000221252,0.134407261246,7.62939453125e-06,9.16312,5.68626e-07,9.16312,0.0
2372,241,2.13000244141,0.129777169666,7.62939453125e-06,9.42945,5.31671e-07,9.42945,0.0
2382,242,2.17000236511,0.125548091372,0.0,9.06483,5.71011e-07,9.06483,0.0
2392,243,2.08000267029,0.129973424681,0.0,9.26416,1.42687e-06,9.26416,0.0
2402,244,2.25000183105,0.129462152892,7.62939453125e-06,9.20113,7.60549e-07,9.20112,0.0
2412,245,2.08000289917,0.123541660771,7.62939453125e-06,9.14368,5.31671e-07,9.14368,0.0
2422,246,2.19000289917,0.127290788194,7.62939453125e-06,9.14907,6.90217e-07,9.14907,0.0
2432,247,1.77000259399,0.107984852354,7.62939453125e-06,9.11618,6.43726e-07,9.11618,0.0
2442,248,2.00000297546,0.106442556552,0.0,9.15418,6.74717e-07,9.15418,0.0
2453,249,2.05000259399,0.128923406997,7.62939453125e-06,9.20046,6.15116e-07,9.20045,0.0
