346,4,2.91000114441,0.135510233361,6.86645507813e-06,30.0453,0.00700112,30.0383,0.0
700,9,2.08000213623,0.106533939131,5.34057617187e-06,27.6479,0.000564022,27.6473,0.0
1052,14,1.90000213623,0.106697873501,3.81469726562e-06,25.1904,0.000265587,25.1901,0.0
1404,19,1.86000274658,0.111260922697,2.28881835937e-06,24.0281,8.8638e-05,24.028,0.0
1750,24,1.74000282288,0.0882966870406,7.62939453125e-06,24.7664,5.61099e-05,24.7664,0.0
2095,29,1.82000205994,0.11072987306,1.52587890625e-06,24.1973,3.11328e-05,24.1973,0.0
2438,34,1.66000259399,0.0961193157599,3.81469726562e-06,24.1023,3.11798e-05,24.1023,0.0
2781,39,1.83000297546,0.103239631766,0.0,23.2342,1.80704e-05,23.2342,0.0
3124,44,1.51000289917,0.0956723528716,6.86645507813e-06,23.3238,1.83177e-05,23.3238,0.0
3467,49,1.5300025177,0.0957623898445,5.34057617187e-06,23.6543,7.74995e-05,23.6542,0.0
3810,54,1.42000366211,0.0857983425044,5.34057617187e-06,24.2867,1.45198e-05,24.2867,0.0
4153,59,1.35000236511,0.0818243858089,3.0517578125e-06,22.0922,4.58165e-05,22.0921,0.0
4496,64,1.40000244141,0.0872844337096,1.52587890625e-06,23.1145,5.80423e-05,23.1144,0.0
4840,69,1.52000297546,0.0881388346094,3.0517578125e-06,21.632,1.09049e-05,21.632,0.0
5183,74,1.29000297546,0.076041409645,7.62939453125e-07,22.3963,7.46949e-06,22.3963,0.0
5527,79,1.41000320435,0.0819192153765,5.34057617187e-06,22.0002,6.86265e-06,22.0002,0.0
5870,84,1.28000297546,0.0811417387454,7.62939453125e-06,22.0985,1.0065e-05,22.0985,0.0
6213,89,1.46000297546,0.0887444806821,6.86645507813e-06,21.8721,8.65779e-06,21.8721,0.0
6557,94,1.43000259399,0.0843643172304,7.62939453125e-07,22.2652,1.21279e-05,22.2652,0.0
6901,99,1.32000320435,0.0803599751803,4.57763671875e-06,21.8273,3.24961e-06,21.8273,0.0
7244,104,1.23000358582,0.0848033578659,6.86645507813e-06,21.4752,4.75637e-06,21.4752,0.0
7587,109,1.17000366211,0.0821759513054,3.0517578125e-06,21.8568,1.10462e-05,21.8568,0.0
7930,114,1.29000328064,0.0862838786161,6.86645507813e-06,22.4633,6.8425e-05,22.4632,0.0
8272,119,1.29000312805,0.0782947555029,1.52587890625e-06,22.0782,1.83343e-06,22.0782,0.0
8615,124,1.19000320435,0.0769135350379,7.62939453125e-07,21.5937,3.36167e-06,21.5937,0.0
8962,129,1.19000350952,0.0711157205518,3.81469726562e-06,21.7125,4.07209e-06,21.7125,0.0
9310,134,1.15000297546,0.0765324313461,5.34057617187e-06,21.1421,8.27359e-06,21.1421,0.0
9657,139,1.21000343323,0.074025574394,7.62939453125e-07,21.2522,3.29844e-06,21.2522,0.0
10001,144,1.12000335693,0.0758374879176,6.103515625e-06,21.8398,3.82394e-06,21.8398,0.0
10345,149,1.11000389099,0.0689834308354,6.103515625e-06,20.4426,2.79302e-06,20.4426,0.0
10689,154,1.20000282288,0.0716663094517,3.81469726562e-06,20.0175,1.26361e-06,20.0175,0.0
11033,159,1.12000305176,0.0716923394147,0.0,20.9049,2.1165e-05,20.9049,0.0
11377,164,1.13000335693,0.0808546780093,0.0,23.0646,3.805e-06,23.0646,0.0
11720,169,1.12000305176,0.0707934430922,1.52587890625e-06,22.1066,3.19952e-06,22.1066,0.0
12064,174,1.07000312805,0.0723781884031,6.86645507813e-06,21.9343,2.98611e-06,21.9343,0.0
12408,179,1.20000358582,0.0844710536468,5.34057617187e-06,20.9795,5.01489e-06,20.9795,0.0
12752,184,1.16000358582,0.0822340537381,7.62939453125e-06,21.3945,1.93594e-06,21.3945,0.0
13096,189,1.12000343323,0.0642896188668,7.62939453125e-07,20.6573,2.93009e-06,20.6573,0.0
13439,194,1.21000297546,0.0786709372596,2.28881835937e-06,21.5414,4.56904e-06,21.5414,0.0
13782,199,1.23000305176,0.0732424879179,6.86645507813e-06,20.3073,7.02141e-07,20.3073,0.0
14126,204,1.18000358582,0.0746804529854,6.103515625e-06,21.9407,0.000429497,21.9402,0.0
14471,209,1.1000037384,0.0673405389413,7.62939453125e-06,22.8149,6.83068e-07,22.8149,0.0
14814,214,1.09000297546,0.074707979626,6.103515625e-06,22.4591,4.52487e-06,22.4591,0.0
15160,219,1.12000350952,0.0757884537254,7.62939453125e-07,21.4031,1.51156e-06,21.4031,0.0
15505,224,1.06000312805,0.062227471083,6.103515625e-06,20.1919,3.36619e-06,20.1919,0.0
15850,229,1.00000328064,0.0680263305415,2.28881835937e-06,21.111,1.53897e-06,21.111,0.0
16196,234,0.990002975464,0.0662700854163,6.103515625e-06,20.6551,1.70705e-06,20.6551,0.0
16541,239,1.05000358582,0.0689506183727,4.57763671875e-06,20.2953,7.7605e-07,20.2953,0.0
16615,240,1.0500037384,0.0709519557222,1.52587890625e-06,19.8721,1.08718e-06,19.8721,0.0
16689,241,1.02000396729,0.0697706893851,4.57763671875e-06,21.2954,4.60574e-06,21.2954,0.0
16764,242,1.0200038147,0.0688572767266,0.0,19.4495,1.67843e-06,19.4495,0.0
16838,243,1.02000328064,0.0636385300563,7.62939453125e-07,23.5656,6.71146e-07,23.5656,0.0
16912,244,1.02000366211,0.0694555007375,7.62939453125e-07,19.8546,6.96179e-07,19.8546,0.0
16986,245,1.02000328064,0.0631613603812,6.103515625e-06,21.8639,2.14092e-06,21.8639,0.0
17060,246,1.04000350952,0.0671857314999,2.28881835937e-06,19.6322,6.77105e-07,19.6322,0.0
17134,247,1.03000320435,0.0720556609692,4.57763671875e-06,21.1485,9.81088e-07,21.1485,0.0
17206,248,1.03000389099,0.0627347351281,2.28881835937e-06,19.8348,8.4519e-07,19.8348,0.0
17281,249,1.0300037384,0.0679837956973,6.103515625e-06,19.4816,2.10631e-06,19.4816,0.0
