63,4,12.860001297,0.564459352642,0.0,26.6755,0.0180297,26.6575,0.0
126,9,7.85000030518,0.32137228176,0.0,22.2643,0.00455538,22.2598,0.0
190,14,5.37000045776,0.223251547311,0.0,18.6157,0.0025305,18.6132,0.0
248,19,3.5900006485,0.166727768481,0.0,18.0916,0.00111215,18.0904,0.0
314,24,3.39000068665,0.145274856649,0.0,17.4657,0.000652706,17.4651,0.0
379,29,3.3400006485,0.148487377879,0.0,16.9487,0.000406297,16.9483,0.0
445,34,2.78000114441,0.123928600737,0.0,17.1988,0.000255817,17.1985,0.0
511,39,2.46000102997,0.116226111072,0.0,17.5268,0.000221268,17.5266,0.0
576,44,2.30000114441,0.12169667421,0.0,16.2354,0.000102117,16.2353,0.0
641,49,2.48000110626,0.134244809961,0.0,16.2973,8.16074e-05,16.2972,0.0
706,54,2.180001297,0.116040145653,0.0,15.9305,5.73437e-05,15.9304,0.0
772,59,2.32000137329,0.120697587974,0.0,15.5921,4.14137e-05,15.592,0.0
837,64,2.28000118256,0.111575683709,0.0,15.6299,4.7836e-05,15.6299,0.0
902,69,1.81000106812,0.103285486855,0.0,15.4673,2.26957e-05,15.4673,0.0
968,74,1.88000099182,0.101642727213,0.0,15.3021,1.13413e-05,15.302,0.0
1033,79,1.99000080109,0.108231970053,0.0,15.2245,2.01113e-05,15.2245,0.0
1099,84,1.99000072479,0.111522782956,0.0,15.1207,2.24594e-05,15.1207,0.0
1164,89,1.78000095367,0.101860074001,0.0,14.8286,1.55066e-05,14.8286,0.0
1230,94,1.71000072479,0.101993041318,0.0,14.9195,2.59038e-05,14.9194,0.0
1296,99,1.69000091553,0.103323799191,0.0,14.6813,9.41737e-06,14.6813,0.0
1361,104,1.66000099182,0.0972882659866,0.0,14.6273,1.05712e-05,14.6273,0.0
1426,109,1.8800006485,0.110208546137,0.0,14.4648,6.68509e-06,14.4648,0.0
1492,114,1.88000087738,0.109044788796,0.0,14.8922,0.000123117,14.8921,0.0
1557,119,1.73000099182,0.108443172702,0.0,14.4232,2.18257e-05,14.4232,0.0
1622,124,1.63000110626,0.100008266268,0.0,14.2962,2.18099e-05,14.2961,0.0
1688,129,1.660001297,0.110048910343,0.0,14.217,4.6968e-06,14.217,0.0
1753,134,1.7000012207,0.106134875878,0.0,14.4937,9.11205e-06,14.4936,0.0
1819,139,1.64000072479,0.114047048895,0.0,14.613,5.03762e-06,14.613,0.0
1884,144,1.68000118256,0.0973352267739,0.0,14.075,2.32455e-06,14.075,0.0
1950,149,1.67000076294,0.0947125147567,0.0,14.2734,1.9574e-06,14.2733,0.0
2015,154,1.63000114441,0.109309845574,0.0,14.1489,2.89676e-06,14.1489,0.0
2080,159,1.71000087738,0.105366671896,0.0,14.4704,8.50395e-06,14.4704,0.0
2146,164,1.69000095367,0.105657494604,0.0,14.3178,1.46865e-06,14.3178,0.0
2211,169,1.71000099182,0.116406570318,0.0,13.2638,1.84059e-06,13.2638,0.0
2276,174,1.51000114441,0.101123755593,0.0,13.9954,3.90523e-06,13.9954,0.0
2341,179,1.70000091553,0.107571663417,0.0,13.9692,1.07542e-05,13.9692,0.0
2407,184,1.52000076294,0.10522233029,0.0,14.1766,7.93933e-07,14.1766,0.0
2472,189,1.51000080109,0.104101659558,0.0,14.1193,4.19348e-06,14.1193,0.0
2538,194,1.6600006485,0.112235214356,0.0,14.2803,1.19785e-05,14.2803,0.0
2604,199,1.54000114441,0.109311015415,0.0,13.5415,5.48362e-07,13.5415,0.0
2669,204,1.44000087738,0.104208348007,0.0,15.003,4.61309e-06,15.003,0.0
2735,209,1.38000102997,0.112418712185,0.0,13.6106,1.66415e-06,13.6106,0.0
2801,214,1.44000083923,0.0998002638836,0.0,14.0029,7.34326e-07,14.0029,0.0
2866,219,1.58000091553,0.11064811663,0.0,13.8131,1.06655e-05,13.8131,0.0
2932,224,1.47000080109,0.0958053618311,0.0,13.6342,4.29957e-05,13.6341,0.0
2998,229,1.49000076294,0.103097627314,0.0,13.1204,4.99945e-06,13.1204,0.0
3063,234,1.43000083923,0.103526273122,0.0,14.1939,1.96217e-06,14.1939,0.0
3129,239,1.53000087738,0.105992983734,0.0,13.6586,9.53667e-07,13.6586,0.0
3143,240,1.54000095367,0.105022804657,0.0,13.4329,5.12598e-07,13.4329,0.0
3159,241,1.33000102997,0.0931987074191,0.0,13.6083,1.4591e-06,13.6083,0.0
3174,242,1.38000072479,0.0998084006408,0.0,14.0906,1.33514e-06,14.0906,0.0
3189,243,1.43000114441,0.0998187262129,0.0,13.4965,1.32559e-06,13.4965,0.0
3204,244,1.58000083923,0.11168754713,0.0,13.3722,1.58784e-06,13.3722,0.0
3219,245,1.39000099182,0.094661764187,0.0,13.27,1.90764e-05,13.27,0.0
3234,246,1.29000106812,0.0952649490979,0.0,13.5253,8.58303e-07,13.5253,0.0
3249,247,1.39000118256,0.101655403956,0.0,13.4847,3.80268e-06,13.4847,0.0
3264,248,1.62000083923,0.116727656522,0.0,13.6887,1.59813e-05,13.6887,0.0
3279,249,1.44000072479,0.106778564918,0.0,13.9786,3.01352e-06,13.9786,0.0
