278,4,9.36000087738,0.350444373935,0.0,13.488,0.00759982,13.4804,0.0
567,9,5.18000045776,0.209584162906,0.0,10.0944,0.00162222,10.0928,0.0
847,14,4.58000076294,0.186097664479,0.0,9.61532,0.000498259,9.61483,0.0
1122,19,4.10000068665,0.187444238816,0.0,9.50404,0.00013153,9.50391,0.0
1397,24,4.29000076294,0.209686009174,0.0,9.59151,5.70749e-05,9.59145,0.0
1670,29,3.34000053406,0.161970878348,0.0,8.95092,2.8613e-05,8.95089,0.0
1945,34,3.11000095367,0.160721958775,0.0,8.61571,3.50272e-05,8.61568,0.0
2218,39,3.06000045776,0.155286849852,0.0,8.88658,1.23879e-05,8.88657,0.0
2488,44,2.91000087738,0.153009884434,0.0,8.17575,8.88078e-06,8.17574,0.0
2759,49,2.26000068665,0.119026871823,0.0,8.15583,6.11298e-06,8.15583,0.0
3027,54,2.50000099182,0.132817298898,0.0,8.53698,3.75743e-06,8.53698,0.0
3293,59,2.41000068665,0.126411436324,0.0,7.69049,4.05778e-06,7.69049,0.0
3561,64,2.40000106812,0.122204809844,0.0,7.70894,2.66073e-06,7.70894,0.0
3828,69,2.47000087738,0.12066222838,0.0,7.95219,2.89914e-06,7.95219,0.0
4095,74,2.42000102997,0.134658984624,0.0,8.15147,1.77292e-05,8.15145,0.0
4362,79,2.23000087738,0.11982219057,0.0,8.03205,5.77182e-06,8.03204,0.0
4629,84,2.2000012207,0.120498715873,0.0,7.58954,1.44719e-06,7.58954,0.0
4896,89,2.22000102997,0.123883202417,0.0,7.89705,2.46283e-06,7.89705,0.0
5164,94,2.06000110626,0.101926904011,0.0,7.70361,2.87529e-06,7.70361,0.0
5433,99,2.01000087738,0.112729278827,0.0,7.68648,1.35421e-06,7.68648,0.0
5707,104,2.13000080109,0.122673276892,0.0,8.0605,1.67129e-06,8.06049,0.0
5981,109,2.23000087738,0.130555846761,0.0,7.59248,2.58919e-06,7.59247,0.0
6257,114,2.1600012207,0.122966671549,0.0,7.61248,7.7009e-07,7.61248,0.0
6534,119,1.99000087738,0.105230360404,0.0,7.718,1.84533e-06,7.718,0.0
6810,124,1.79000087738,0.101922282798,0.0,7.54169,2.10758e-06,7.54169,0.0
7089,129,1.81000072479,0.118165125546,0.0,7.4656,9.08369e-07,7.4656,0.0
7366,134,1.89000106812,0.108784516059,0.0,7.91072,7.20023e-07,7.91072,0.0
7645,139,2.10000106812,0.119109605618,0.0,7.59122,2.48905e-06,7.59122,0.0
7923,144,2.00000106812,0.128385921548,0.0,7.37704,5.45978e-07,7.37704,0.0
8201,149,1.82000080109,0.110634619019,0.0,7.40053,8.43997e-07,7.40053,0.0
8480,154,1.790001297,0.0975584444908,0.0,7.16519,8.60686e-07,7.16519,0.0
8758,159,1.98000106812,0.117023738307,0.0,8.56457,3.95774e-07,8.56457,0.0
9035,164,1.66000106812,0.113748641577,0.0,7.69409,1.47341e-06,7.69409,0.0
9313,169,1.75000099182,0.114359519912,0.0,7.18144,2.98023e-07,7.18144,0.0
9590,174,1.72000099182,0.105290568949,0.0,7.39889,2.19345e-07,7.39889,0.0
9867,179,1.71000106812,0.10951297993,0.0,7.40156,2.31266e-07,7.40156,0.0
10143,184,1.7900012207,0.11631873316,0.0,7.14748,1.3113e-07,7.14748,0.0
10420,189,1.83000083923,0.103554238752,0.0,8.12858,7.48621e-07,8.12858,0.0
10697,194,1.9500012207,0.112118516945,0.0,7.12353,6.91414e-08,7.12353,0.0
10973,199,1.90000083923,0.124480505784,0.0,7.54014,4.26768e-07,7.54014,0.0
11248,204,1.69000091553,0.100352381608,0.0,7.56862,4.83987e-07,7.56862,0.0
11526,209,1.48000080109,0.0935463556989,0.0,8.10494,2.76565e-07,8.10494,0.0
11801,214,1.86000102997,0.111470701392,0.0,7.72985,8.34451e-07,7.72985,0.0
12077,219,1.63000106812,0.111589231814,0.0,7.55116,1.47819e-07,7.55116,0.0
12354,224,1.68000099182,0.116451228155,0.0,7.16264,8.34465e-08,7.16264,0.0
12631,229,1.79000118256,0.119233117731,0.0,7.3468,8.5353e-07,7.3468,0.0
12905,234,1.70000114441,0.120628862972,0.0,7.30091,1.83582e-07,7.30091,0.0
13179,239,1.75000076294,0.106502305265,0.0,7.25116,2.12192e-07,7.25116,0.0
13242,240,1.75000091553,0.107790529826,0.0,7.61222,1.40667e-07,7.61222,0.0
13304,241,1.73000083923,0.120548464413,0.0,7.18582,1.43051e-07,7.18582,0.0
13366,242,1.98000087738,0.121910092951,0.0,7.37597,9.0599e-08,7.37597,0.0
13428,243,1.71000080109,0.111282559961,0.0,7.60096,8.34464e-08,7.60096,0.0
13491,244,1.80000091553,0.119383113038,0.0,7.5118,1.14441e-07,7.5118,0.0
13553,245,1.79000099182,0.104619083678,0.0,7.19706,3.57628e-08,7.19706,0.0
13616,246,1.80000099182,0.114773832692,0.0,7.45823,2.00271e-07,7.45823,0.0
13678,247,1.72000110626,0.113572030349,0.0,7.26725,1.54972e-07,7.26725,0.0
13741,248,1.6900012207,0.106313445711,0.0,7.38359,7.86781e-08,7.38359,0.0
13804,249,1.69000091553,0.112104774515,0.0,7.48376,5.48362e-08,7.48376,0.0
