268,4,11.9700010681,0.456928304806,0.0,13.0183,0.00853894,13.0097,0.0
533,9,6.63000080109,0.289896964692,0.0,10.7868,0.00126077,10.7855,0.0
794,14,5.57000045776,0.262893508342,0.0,10.0647,0.00067648,10.064,0.0
1056,19,5.51000061035,0.221885377439,0.0,9.69341,0.000138944,9.69328,0.0
1318,24,4.94000061035,0.220303906631,0.0,9.30993,0.000115945,9.30981,0.0
1580,29,4.33000061035,0.196918320587,0.0,9.1487,2.96482e-05,9.14867,0.0
1841,34,3.67000068665,0.171207299101,0.0,9.25085,1.99092e-05,9.25083,0.0
2086,39,2.95000061035,0.150950015517,0.0,8.48161,1.66263e-05,8.4816,0.0
2324,44,3.12000141144,0.14939575459,0.0,8.71818,2.02191e-05,8.71816,0.0
2562,49,2.8900005722,0.153703367609,0.0,8.49639,2.1755e-05,8.49637,0.0
2801,54,2.73000114441,0.152000275581,0.0,8.70917,1.18512e-05,8.70916,0.0
3041,59,2.82000133514,0.144531102679,0.0,8.38738,4.73817e-05,8.38734,0.0
3284,64,3.30000106812,0.176868697153,0.0,8.2197,1.00727e-05,8.21969,0.0
3519,69,2.38000118256,0.135874869117,0.0,8.24311,3.61439e-06,8.24311,0.0
3749,74,2.62000114441,0.159533347975,0.0,8.38362,1.45061e-05,8.38361,0.0
3979,79,2.48000137329,0.137320651338,0.0,8.50017,9.87932e-06,8.50016,0.0
4208,84,2.17000072479,0.125148922111,0.0,7.92702,2.81809e-06,7.92702,0.0
4436,89,2.85000106812,0.154857255868,0.0,7.84951,2.50336e-06,7.84951,0.0
4665,94,2.26000080109,0.134017918628,0.0,8.09091,2.72987e-06,8.09091,0.0
4892,99,2.01000091553,0.119158409931,0.0,7.97663,6.13158e-06,7.97663,0.0
5121,104,2.23000102997,0.134269131053,0.0,7.87571,7.5817e-07,7.87571,0.0
5349,109,2.90000106812,0.172573311726,0.0,7.6603,9.20294e-07,7.6603,0.0
5577,114,1.96000118256,0.123005550657,0.0,7.63216,4.95418e-06,7.63215,0.0
5806,119,2.12000102997,0.120605534828,0.0,7.48629,6.00813e-07,7.48629,0.0
6033,124,2.02000061035,0.12519444606,0.0,7.80447,1.33514e-06,7.80447,0.0
6261,129,2.22000083923,0.139308855902,0.0,7.63409,8.84529e-07,7.63409,0.0
6489,134,1.8800012207,0.126132931727,0.0,7.52486,1.62121e-06,7.52485,0.0
6717,139,2.29000102997,0.160919063178,0.0,8.45094,5.50745e-07,8.45094,0.0
6945,144,1.900001297,0.130757768006,0.0,7.27107,2.29114e-06,7.27107,0.0
7173,149,2.06000087738,0.136478413101,0.0,7.47026,8.08236e-07,7.47026,0.0
7402,154,1.65000099182,0.114076092246,0.0,7.54553,1.11579e-06,7.54553,0.0
7629,159,2.09000102997,0.129804806486,0.0,7.51346,3.71933e-07,7.51345,0.0
7856,164,2.34000095367,0.135378298442,0.0,7.71056,9.87047e-07,7.71056,0.0
8085,169,2.150001297,0.135577204634,0.0,7.36426,9.66354e-06,7.36425,0.0
8312,174,2.30000114441,0.148270868345,0.0,7.81851,5.3644e-07,7.81851,0.0
8539,179,2.06000095367,0.137826305331,0.0,7.71116,1.97887e-07,7.71116,0.0
8768,184,2.18000102997,0.154294175431,0.0,7.50767,1.3089e-06,7.50767,0.0
8994,189,2.10000125885,0.14219000454,0.0,7.36254,5.4836e-07,7.36254,0.0
9222,194,1.86000099182,0.114472034837,0.0,7.74077,1.12057e-07,7.74077,0.0
9450,199,1.76000114441,0.112486946673,0.0,7.76652,1.4996e-06,7.76652,0.0
9677,204,1.70000087738,0.107787582218,0.0,7.6023,7.15253e-07,7.6023,0.0
9904,209,2.02000137329,0.127381534874,0.0,7.40346,2.16236e-06,7.40345,0.0
10132,214,1.56000118256,0.114899479559,0.0,7.29294,4.76837e-08,7.29294,0.0
10359,219,1.69000106812,0.108298441963,0.0,7.92992,1.26362e-07,7.92992,0.0
10586,224,1.69000118256,0.115553954975,0.0,7.61961,2.26497e-07,7.61961,0.0
10813,229,1.64000091553,0.11451160357,0.0,7.10258,2.7895e-07,7.10258,0.0
11042,234,1.88000076294,0.112747710409,0.0,7.2519,1.19209e-07,7.2519,0.0
11269,239,1.68000099182,0.117115771809,0.0,6.95554,4.76837e-08,6.95554,0.0
11320,240,1.64000137329,0.109391602211,0.0,7.57982,2.12192e-07,7.57982,0.0
11372,241,1.57000110626,0.112132502774,0.0,7.09724,3.18742e-06,7.09724,0.0
11424,242,1.59000110626,0.113401618608,0.0,7.13874,1.38283e-07,7.13874,0.0
11476,243,1.71000095367,0.114323000929,0.0,7.08583,7.39097e-08,7.08583,0.0
11527,244,1.59000053406,0.114740524688,0.0,7.35654,3.33786e-08,7.35654,0.0
11579,245,1.61000076294,0.108839479379,0.0,8.03368,1.43051e-07,8.03368,0.0
11630,246,1.67000102997,0.118639082497,0.0,7.2961,8.10623e-08,7.2961,0.0
11682,247,1.67000125885,0.106141952195,0.0,7.21196,8.17764e-07,7.21196,0.0
11734,248,1.73000118256,0.107204445998,0.0,7.09493,8.65452e-07,7.09493,0.0
11787,249,1.79000102997,0.120948417346,0.0,7.43643,1.74045e-07,7.43643,0.0
