38,4,3.00000152588,0.171564052999,1.52587890625e-06,31.766,0.0323169,31.7337,0.0
78,9,2.30000152588,0.115788045153,1.52587890625e-06,26.2517,0.00541615,26.2463,0.0
117,14,2.80000305176,0.121660459042,3.0517578125e-06,24.3868,0.00243345,24.3843,0.0
126,15,2.30000152588,0.124225656316,7.62939453125e-07,24.075,0.00180052,24.0732,0.0
134,16,2.8,0.127600605041,6.103515625e-06,23.1173,0.00116286,23.1161,0.0
143,17,2.60000076294,0.120193629898,6.103515625e-06,22.0361,0.00110808,22.035,0.0
152,18,2.40000228882,0.112080890313,3.81469726562e-06,22.4823,0.000886352,22.4814,0.0
161,19,2.2000038147,0.112528197933,4.57763671875e-06,22.0499,0.000953485,22.0489,0.0
169,20,2.70000228882,0.136009885371,3.81469726562e-06,21.3097,0.000613819,21.3091,0.0
178,21,2.30000152588,0.128286116384,5.34057617187e-06,20.8869,0.000648442,20.8863,0.0
186,22,2.80000152588,0.141590670496,1.52587890625e-06,21.7349,0.000402191,21.7345,0.0
195,23,2.30000228882,0.104958929494,6.103515625e-06,21.0853,0.000525129,21.0847,0.0
204,24,2.50000228882,0.125848125294,3.0517578125e-06,20.5273,0.000710425,20.5266,0.0
36,4,3.50000076294,0.165126124024,6.103515625e-06,31.6052,0.023916,31.5813,0.0
75,9,2.40000228882,0.118546552584,6.103515625e-06,26.26,0.00476238,26.2552,0.0
113,14,2.10000305176,0.122624697909,6.103515625e-06,24.2947,0.00178555,24.2929,0.0
122,15,2.70000228882,0.10698922947,5.34057617187e-06,24.1083,0.00154881,24.1068,0.0
130,16,2.70000076294,0.111349894479,6.86645507813e-06,23.0764,0.00142638,23.075,0.0
138,17,2.20000152588,0.124756352603,5.34057617187e-06,22.0501,0.00123112,22.0488,0.0
147,18,2.50000228882,0.120869820565,5.34057617187e-06,22.6274,0.00101388,22.6264,0.0
155,19,2.40000228882,0.118954954296,6.86645507813e-06,21.9744,0.000678222,21.9738,0.0
164,20,2.40000152588,0.121926803142,7.62939453125e-07,21.4128,0.000697854,21.4121,0.0
172,21,2.20000305176,0.140499764308,6.103515625e-06,21.0377,0.00115139,21.0366,0.0
181,22,2.10000152588,0.124140182789,4.57763671875e-06,21.5023,0.000544451,21.5018,0.0
189,23,2.10000228882,0.107713500597,0.0,21.1238,0.000820258,21.123,0.0
198,24,2.00000076294,0.117871986888,1.52587890625e-06,20.7171,0.000356315,20.7167,0.0
