37,4,6.87999885559,0.306326058209,0.0,17.3783,0.0203165,17.358,0.0
76,9,3.31000061035,0.141836009435,0.0,14.2518,0.00459168,14.2472,0.0
115,14,2.71000198364,0.120590395108,7.62939453125e-06,12.5469,0.00164718,12.5453,0.0
154,19,2.07000274658,0.104134727418,7.62939453125e-06,11.7175,0.000799334,11.7167,0.0
193,24,2.28000183105,0.113633876941,7.62939453125e-06,11.7001,0.000358936,11.6998,0.0
232,29,1.96000289917,0.105225698892,7.62939453125e-06,11.1161,0.000148655,11.116,0.0
271,34,1.95000274658,0.108375482934,7.62939453125e-06,11.0281,7.50608e-05,11.0281,0.0
310,39,1.83000297546,0.104757292755,7.62939453125e-06,11.6224,3.84795e-05,11.6224,0.0
349,44,1.90000259399,0.106280636408,7.62939453125e-06,10.9704,2.18574e-05,10.9704,0.0
388,49,1.68000289917,0.100927598974,7.62939453125e-06,10.7768,1.4294e-05,10.7768,0.0
427,54,1.65000289917,0.0981339379839,0.0,10.8806,1.17242e-05,10.8806,0.0
466,59,1.35000305176,0.0892245174153,0.0,10.6251,7.76277e-06,10.6251,0.0
505,64,1.87000305176,0.115731802189,0.0,10.3655,8.35145e-06,10.3655,0.0
544,69,1.47000312805,0.0998567478219,0.0,10.514,5.94463e-06,10.514,0.0
583,74,1.44000297546,0.105194944853,0.0,9.90434,2.79544e-06,9.90434,0.0
622,79,1.52000389099,0.112131492503,0.0,10.7157,5.66825e-06,10.7157,0.0
661,84,1.3500037384,0.0942055838328,7.62939453125e-06,10.1634,3.19119e-06,10.1634,0.0
700,89,1.30000335693,0.0859914859844,0.0,10.7338,1.44124e-06,10.7338,0.0
738,94,1.38000350952,0.0962866376098,7.62939453125e-06,10.0271,2.04322e-06,10.0271,0.0
777,99,1.49000350952,0.100235823764,0.0,10.2712,1.13725e-06,10.2712,0.0
815,104,1.43000282288,0.0978398142551,0.0,9.54974,1.15513e-06,9.54974,0.0
854,109,1.48000366211,0.1171339751,7.62939453125e-06,10.3122,2.13501e-06,10.3122,0.0
892,114,1.36000320435,0.101452798514,7.62939453125e-06,10.2727,9.36982e-07,10.2727,0.0
930,119,1.44000335693,0.0929021382902,0.0,9.89962,6.38961e-07,9.89962,0.0
969,124,1.35000259399,0.101266853076,0.0,10.4243,7.24788e-07,10.4242,0.0
1007,129,1.32000396729,0.106467746736,7.62939453125e-06,10.0017,5.32865e-07,10.0017,0.0
1045,134,1.3800038147,0.100081603588,0.0,10.2619,1.07764e-06,10.2619,0.0
1084,139,1.25000320435,0.094540020312,0.0,10.1253,6.74723e-07,10.1253,0.0
1122,144,1.30000328064,0.102417886633,7.62939453125e-06,10.111,2.75373e-07,10.111,0.0
1160,149,1.21000366211,0.0951853346572,0.0,9.83864,2.16961e-07,9.83864,0.0
1198,154,1.40000343323,0.109620160063,7.62939453125e-06,10.2927,4.60146e-07,10.2927,0.0
1237,159,1.27000305176,0.0873987879293,7.62939453125e-06,9.63373,1.77622e-07,9.63373,0.0
1275,164,1.37000350952,0.116219453271,7.62939453125e-06,9.63626,1.93119e-07,9.63626,0.0
1313,169,1.21000343323,0.0908687642457,7.62939453125e-06,9.3018,5.10214e-07,9.3018,0.0
1351,174,1.27000350952,0.103181181527,7.62939453125e-06,9.84235,2.86102e-07,9.84235,0.0
1389,179,1.27000366211,0.0928967686225,7.62939453125e-06,9.67521,2.0504e-07,9.67521,0.0
1427,184,1.32000335693,0.100845230602,0.0,9.33208,4.64915e-07,9.33208,0.0
1466,189,1.35000297546,0.100591253245,0.0,9.28657,9.29832e-08,9.28657,0.0
1504,194,1.34000312805,0.104698764878,0.0,9.42782,1.57356e-07,9.42782,0.0
1542,199,1.3100038147,0.10856116266,7.62939453125e-06,10.4097,1.69277e-07,10.4097,0.0
1580,204,1.29000350952,0.102665439323,0.0,9.82349,3.99349e-07,9.82349,0.0
1618,209,1.23000343323,0.0995989456675,0.0,9.42019,2.75373e-07,9.42019,0.0
1657,214,1.24000389099,0.102643198594,7.62939453125e-06,9.56958,1.34706e-07,9.56958,0.0
1695,219,1.34000328064,0.0971252610006,0.0,9.52715,4.29152e-07,9.52715,0.0
1733,224,1.19000343323,0.109699341512,0.0,9.88456,9.0599e-08,9.88456,0.0
1771,229,1.31000335693,0.107150999549,0.0,10.097,4.29153e-08,10.097,0.0
1810,234,1.31000335693,0.0931633968868,0.0,9.01168,8.22544e-08,9.01168,0.0
1848,239,1.2900038147,0.107629686744,0.0,9.51887,8.34465e-08,9.51887,0.0
1856,240,1.23000320435,0.0998862260149,7.62939453125e-06,9.25489,2.40802e-07,9.25489,0.0
1865,241,1.30000343323,0.112431222487,7.62939453125e-06,9.41046,5.96046e-08,9.41046,0.0
1873,242,1.24000335693,0.100599133474,7.62939453125e-06,9.24969,2.11e-07,9.24969,0.0
1882,243,1.31000335693,0.0949136423022,0.0,8.97949,4.30341e-07,8.97949,0.0
1891,244,1.31000305176,0.0978617442155,0.0,9.7424,2.82525e-07,9.7424,0.0
1899,245,1.25000305176,0.100981822425,0.0,9.14792,8.94068e-08,9.14792,0.0
1908,246,1.31000335693,0.110741022426,0.0,9.19156,8.34465e-08,9.19156,0.0
1916,247,1.21000320435,0.101200413988,0.0,9.85598,1.10864e-07,9.85598,0.0
1925,248,1.24000312805,0.107439595094,7.62939453125e-06,9.27312,8.58306e-08,9.27312,0.0
1933,249,1.28000328064,0.0973482445454,0.0,9.43858,7.15255e-08,9.43858,0.0
