37,4,4.97999885559,0.247516348064,7.62939453125e-06,18.3996,0.023173,18.3764,0.0
77,9,3.41000068665,0.148150606863,7.62939453125e-06,14.1686,0.00613083,14.1625,0.0
116,14,2.84000152588,0.129965145662,7.62939453125e-06,12.7478,0.00138583,12.7464,0.0
155,19,2.54000144958,0.118082722872,7.62939453125e-06,11.907,0.000742782,11.9062,0.0
194,24,2.27000167847,0.109287172956,7.62939453125e-06,11.3537,0.000236534,11.3534,0.0
233,29,2.21000282288,0.115373151815,0.0,11.2762,0.000225624,11.276,0.0
273,34,2.37000183105,0.12027599532,7.62939453125e-06,10.8839,9.02544e-05,10.8838,0.0
312,39,2.62000076294,0.125761761249,7.62939453125e-06,11.3483,4.15725e-05,11.3482,0.0
352,44,2.82000175476,0.128958316469,7.62939453125e-06,10.5313,2.00847e-05,10.5313,0.0
391,49,2.42000183105,0.122968823374,0.0,10.6225,1.48744e-05,10.6224,0.0
430,54,2.33000167847,0.122554259166,7.62939453125e-06,10.7313,1.35882e-05,10.7313,0.0
469,59,2.32000198364,0.117066482586,7.62939453125e-06,10.5249,7.7783e-06,10.5249,0.0
509,64,2.58000167847,0.122252066328,0.0,10.5749,4.60737e-06,10.5749,0.0
548,69,2.45000152588,0.118880689318,7.62939453125e-06,10.3558,3.13042e-06,10.3558,0.0
587,74,2.44000183105,0.130170911301,7.62939453125e-06,10.4311,1.60465e-05,10.4311,0.0
626,79,2.53000190735,0.135276352144,0.0,10.1783,1.72138e-06,10.1783,0.0
666,84,2.45000167847,0.134474593642,0.0,9.74218,1.87277e-06,9.74218,0.0
705,89,2.09000198364,0.11913990696,0.0,9.93583,1.89659e-06,9.93582,0.0
744,94,2.51000114441,0.137493764656,0.0,9.80641,1.41024e-06,9.80641,0.0
784,99,2.61000152588,0.133111756243,0.0,9.53713,3.3173e-06,9.53712,0.0
823,104,2.46000183105,0.121068947085,0.0,9.94281,9.2387e-07,9.94281,0.0
863,109,2.25000167847,0.118170882035,0.0,10.0905,6.80684e-07,10.0905,0.0
902,114,2.24000205994,0.121155861333,0.0,10.0508,3.98158e-07,10.0508,0.0
941,119,2.39000175476,0.125354075426,0.0,9.96009,1.25405e-06,9.96009,0.0
981,124,2.21000198364,0.115683577153,0.0,9.8402,4.57763e-07,9.8402,0.0
1020,129,2.58000144958,0.125850609006,0.0,9.59118,4.51802e-07,9.59118,0.0
1059,134,2.37000183105,0.124776308033,7.62939453125e-06,9.76007,1.14678e-06,9.76007,0.0
1098,139,2.51000144958,0.1300658743,0.0,10.0536,2.74988e-06,10.0536,0.0
1138,144,2.39000205994,0.135878736437,0.0,9.40862,4.98293e-07,9.40862,0.0
1177,149,2.32000160217,0.131992108286,0.0,10.1108,4.55378e-07,10.1108,0.0
1216,154,2.29000175476,0.126840429944,0.0,9.75764,2.21729e-07,9.75764,0.0
1255,159,2.32000167847,0.127581881913,7.62939453125e-06,9.50763,1.18849e-06,9.50763,0.0
1295,164,2.50000183105,0.128992163133,0.0,9.83677,2.61068e-07,9.83677,0.0
1334,169,2.18000236511,0.122466541055,0.0,9.4946,3.65972e-07,9.4946,0.0
1373,174,2.38000205994,0.132884419794,7.62939453125e-06,9.42251,1.50204e-07,9.42251,0.0
1412,179,2.29000175476,0.12607574401,0.0,9.44787,4.518e-07,9.44787,0.0
1452,184,2.51000267029,0.135256803736,7.62939453125e-06,9.66638,4.58954e-07,9.66638,0.0
1491,189,2.44000160217,0.135353626687,7.62939453125e-06,9.514,3.80277e-07,9.514,0.0
1531,194,2.43000167847,0.139914419904,0.0,9.52906,1.14441e-07,9.52906,0.0
1570,199,2.54000144958,0.149809207502,0.0,9.73903,3.94582e-07,9.73903,0.0
1609,204,2.40000221252,0.127583395533,0.0,9.35481,1.49011e-07,9.35481,0.0
1649,209,2.33000213623,0.135830731916,7.62939453125e-06,9.33778,1.3113e-07,9.33778,0.0
1688,214,2.3700012207,0.13611943455,0.0,9.416,9.53674e-08,9.416,0.0
1728,219,2.40000205994,0.1289742806,0.0,9.20921,3.56435e-07,9.20921,0.0
1767,224,2.37000083923,0.139599489727,7.62939453125e-06,9.54732,8.58307e-08,9.54732,0.0
1806,229,2.26000167847,0.135700787757,0.0,9.47108,9.41753e-08,9.47108,0.0
1846,234,2.48000106812,0.156224676553,7.62939453125e-06,9.30418,7.27176e-08,9.30418,0.0
1885,239,2.35000152588,0.144162450994,7.62939453125e-06,8.99655,9.1791e-08,8.99655,0.0
1894,240,2.470001297,0.142920776285,0.0,9.37542,6.19888e-08,9.37542,0.0
1903,241,2.56000152588,0.141299223618,7.62939453125e-06,9.79509,3.54048e-07,9.79509,0.0
1911,242,2.36000160217,0.134672743216,7.62939453125e-06,9.66192,1.0848e-07,9.66192,0.0
1920,243,2.29000274658,0.134046478545,0.0,9.31408,3.57628e-08,9.31408,0.0
1929,244,2.31000175476,0.129387846863,7.62939453125e-06,9.31141,1.47819e-07,9.31141,0.0
1938,245,2.37000144958,0.14127226361,0.0,9.40373,7.86781e-08,9.40373,0.0
1947,246,2.44000198364,0.151014442997,7.62939453125e-06,9.3401,1.63317e-07,9.3401,0.0
1955,247,2.43000106812,0.129092837088,7.62939453125e-06,9.45272,5.126e-08,9.45272,0.0
1964,248,2.440001297,0.136969446798,7.62939453125e-06,9.20378,5.24521e-08,9.20378,0.0
1973,249,2.23000221252,0.130557089792,7.62939453125e-06,9.56338,2.07423e-07,9.56338,0.0
