67,4,3.91,0.198421780542,4.57763671875e-06,42.492,0.0392566,42.4528,0.0
136,9,3.12000015259,0.132494083121,3.0517578125e-06,35.4813,0.0120611,35.4693,0.0
205,14,2.91999984741,0.133622009158,2.28881835937e-06,33.8047,0.00729358,33.7974,0.0
274,19,2.70000083923,0.111051644161,5.34057617187e-06,29.1128,0.00349012,29.1093,0.0
344,24,2.52000068665,0.108417569948,6.86645507813e-06,29.6753,0.00165591,29.6736,0.0
412,29,2.65000137329,0.108776173736,7.62939453125e-07,30.872,0.000998717,30.871,0.0
481,34,2.32000167847,0.105626610396,4.57763671875e-06,29.0026,0.00100265,29.0016,0.0
550,39,2.4700012207,0.111072212528,1.52587890625e-06,29.2751,0.000808065,29.2743,0.0
619,44,2.15000099182,0.0996801306028,6.103515625e-06,29.385,0.000668872,29.3843,0.0
688,49,2.18000106812,0.0939251915412,3.81469726562e-06,30.1095,0.00030412,30.1092,0.0
757,54,2.14000137329,0.0942873152404,7.62939453125e-07,27.2447,0.000430393,27.2442,0.0
826,59,2.05000198364,0.0960207786411,5.34057617187e-06,28.7753,0.000349553,28.775,0.0
894,64,2.26000144958,0.0987320185662,2.28881835937e-06,28.0627,0.000438192,28.0623,0.0
964,69,2.26000144958,0.0981948140822,5.34057617187e-06,27.0362,0.00475271,27.0314,0.0
1032,74,1.89000137329,0.0998958792863,1.52587890625e-06,27.4817,0.000178686,27.4815,0.0
1100,79,2.0700012207,0.0976268078247,6.86645507813e-06,26.342,7.43342e-05,26.342,0.0
1168,84,2.08000160217,0.0998375805281,2.28881835937e-06,27.2741,0.00014396,27.274,0.0
1236,89,1.78000160217,0.0886573703028,3.0517578125e-06,27.8186,0.000302929,27.8183,0.0
1304,94,2.11000114441,0.0905928580312,2.28881835937e-06,27.5793,0.000163698,27.5792,0.0
1371,99,2.00000068665,0.0926545965951,4.57763671875e-06,26.0195,6.24062e-05,26.0194,0.0
1439,104,2.07000144958,0.0994463179773,2.28881835937e-06,26.6972,3.12714e-05,26.6972,0.0
1506,109,1.83000183105,0.0838010042242,1.52587890625e-06,26.2757,4.56832e-05,26.2757,0.0
1574,114,1.90000167847,0.0909903179947,7.62939453125e-07,25.5151,0.000120962,25.515,0.0
1641,119,2.00000167847,0.0892399026128,5.34057617187e-06,26.7797,8.53346e-05,26.7796,0.0
1707,124,1.83000068665,0.0867598905857,4.57763671875e-06,26.9162,0.000209597,26.916,0.0
1775,129,1.98000175476,0.0895269328309,4.57763671875e-06,26.1631,5.89651e-05,26.163,0.0
1842,134,1.8400012207,0.0864166185865,2.28881835937e-06,25.9522,5.86791e-05,25.9521,0.0
1909,139,1.69000160217,0.0819918243052,1.52587890625e-06,26.5177,0.0003467,26.5173,0.0
1976,144,1.82000152588,0.0887245207024,3.0517578125e-06,26.8989,0.000902257,26.898,0.0
2043,149,1.87000137329,0.0914097070997,3.81469726562e-06,26.3462,7.93359e-05,26.3461,0.0
2110,154,1.83000137329,0.0889019615017,6.103515625e-06,26.4434,7.11527e-05,26.4433,0.0
2178,159,1.9500012207,0.0897094242042,7.62939453125e-07,25.2829,9.72201e-05,25.2829,0.0
2245,164,1.66000198364,0.0886867636302,6.86645507813e-06,26.9783,3.38458e-05,26.9783,0.0
2311,169,1.70000114441,0.084671214415,3.81469726562e-06,25.1675,2.47562e-05,25.1675,0.0
2378,174,1.53000205994,0.0855041294324,4.57763671875e-06,26.0838,1.64377e-05,26.0838,0.0
2445,179,1.67000183105,0.0865196177084,0.0,25.5077,2.49636e-05,25.5077,0.0
2513,184,1.73000160217,0.0837335061049,4.57763671875e-06,26.42,5.76832e-05,26.42,0.0
2580,189,1.80000160217,0.0901368407672,1.52587890625e-06,25.1679,1.04162e-05,25.1679,0.0
2647,194,1.68000137329,0.0819026743999,0.0,26.1581,3.89174e-05,26.1581,0.0
2714,199,1.67000190735,0.0850654700049,2.28881835937e-06,25.6392,4.26882e-05,25.6391,0.0
2782,204,1.65000152588,0.0834943521256,3.81469726562e-06,24.7552,3.94362e-05,24.7552,0.0
2849,209,1.58000213623,0.0835426221025,0.0,26.5228,7.29589e-05,26.5227,0.0
2917,214,1.56000213623,0.081420186027,3.81469726562e-06,25.5711,3.07426e-05,25.5711,0.0
2985,219,1.73000160217,0.0793286995706,3.0517578125e-06,25.0823,3.28314e-05,25.0822,0.0
3056,224,1.6200012207,0.0821726410824,4.57763671875e-06,25.6963,3.71812e-05,25.6962,0.0
3123,229,1.84000213623,0.0811904902209,4.57763671875e-06,25.7475,5.30882e-05,25.7474,0.0
3190,234,1.86000160217,0.0815968430229,2.28881835937e-06,26.2175,1.89416e-05,26.2175,0.0
3258,239,1.79000099182,0.0820821334521,7.62939453125e-07,24.7493,8.94766e-06,24.7493,0.0
3274,240,1.76000183105,0.0847639877046,6.103515625e-06,26.0204,0.000189313,26.0202,0.0
3289,241,1.57000099182,0.0768671952887,3.0517578125e-06,24.3523,2.27642e-05,24.3523,0.0
3305,242,1.56000198364,0.0762686413998,4.57763671875e-06,25.8421,4.09002e-05,25.8421,0.0
3321,243,1.64000160217,0.0795695640286,4.57763671875e-06,25.7432,1.38188e-05,25.7432,0.0
3337,244,1.71000175476,0.0850420632795,6.103515625e-06,26.12,1.9024e-05,26.1199,0.0
3352,245,1.83000190735,0.088817459119,0.0,23.9309,1.63849e-05,23.9309,0.0
3368,246,1.75000099182,0.0872641585558,4.57763671875e-06,25.7801,4.36359e-05,25.78,0.0
3384,247,1.68000099182,0.0798118830813,5.34057617187e-06,25.9432,7.93652e-05,25.9431,0.0
3400,248,1.69000099182,0.0792663604859,6.103515625e-06,25.6633,5.08265e-05,25.6633,0.0
3415,249,1.78000144958,0.0831442708289,3.81469726562e-06,25.0617,1.99107e-05,25.0617,0.0
