38,4,6.22999908447,0.269765067622,0.0,17.9526,0.0220997,17.9305,0.0
77,9,3.81000061035,0.166774821505,7.62939453125e-06,13.8279,0.0049588,13.8229,0.0
116,14,2.98000175476,0.133586412296,7.62939453125e-06,12.7732,0.00223251,12.771,0.0
155,19,2.59000175476,0.127007695567,7.62939453125e-06,11.8568,0.000686173,11.8561,0.0
195,24,2.59000175476,0.112631850149,0.0,11.4298,0.000348224,11.4294,0.0
234,29,2.09000259399,0.103451513601,7.62939453125e-06,11.397,0.000155212,11.3969,0.0
273,34,1.91000297546,0.10823678734,7.62939453125e-06,11.4424,7.97338e-05,11.4423,0.0
312,39,1.62000274658,0.101870980628,0.0,11.1086,4.86964e-05,11.1086,0.0
351,44,1.84000297546,0.100651149575,0.0,11.1735,4.50725e-05,11.1735,0.0
391,49,1.63000312805,0.0960430692567,7.62939453125e-06,10.428,2.27641e-05,10.4279,0.0
430,54,1.71000259399,0.0935544063809,7.62939453125e-06,10.2554,9.29462e-06,10.2554,0.0
469,59,1.63000312805,0.105804555658,0.0,10.6886,9.27397e-06,10.6886,0.0
509,64,1.51000389099,0.0916064750515,7.62939453125e-06,10.178,4.91851e-06,10.178,0.0
548,69,1.49000320435,0.0881500317559,7.62939453125e-06,10.2306,2.65759e-05,10.2306,0.0
587,74,1.49000350952,0.0926811016767,7.62939453125e-06,10.445,6.96736e-06,10.445,0.0
626,79,1.42000282288,0.0953633576594,0.0,10.1749,4.35699e-06,10.1749,0.0
665,84,1.41000289917,0.0934975336152,7.62939453125e-06,10.634,0.000701919,10.6333,0.0
705,89,1.55000335693,0.0992845211706,0.0,10.6135,1.23143e-06,10.6135,0.0
744,94,1.42000305176,0.102348239088,7.62939453125e-06,10.2759,7.2964e-06,10.2759,0.0
783,99,1.37000350952,0.0868282889506,0.0,9.92108,1.45435e-06,9.92108,0.0
822,104,1.40000358582,0.0895602286683,7.62939453125e-06,10.4245,1.15752e-06,10.4245,0.0
861,109,1.46000282288,0.100553263431,7.62939453125e-06,9.75262,1.16944e-06,9.75262,0.0
900,114,1.42000305176,0.0937948965048,7.62939453125e-06,9.93521,2.68692e-06,9.93521,0.0
939,119,1.37000389099,0.0920414957476,7.62939453125e-06,10.2908,1.34467e-06,10.2908,0.0
979,124,1.26000350952,0.102564687065,0.0,9.74152,2.12901e-06,9.74152,0.0
1018,129,1.2200038147,0.081385332571,0.0,10.1987,8.36842e-07,10.1987,0.0
1057,134,1.36000335693,0.0975212742042,7.62939453125e-06,9.76459,6.28232e-07,9.76459,0.0
1096,139,1.20000389099,0.0880390488293,0.0,9.7622,3.80277e-07,9.7622,0.0
1135,144,1.24000366211,0.0938222280692,7.62939453125e-06,9.46185,7.56977e-07,9.46185,0.0
1174,149,1.13000274658,0.0884301862635,7.62939453125e-06,10.4345,2.94447e-07,10.4345,0.0
1213,154,1.21000305176,0.0853452161152,0.0,9.80583,2.03848e-07,9.80583,0.0
1252,159,1.2200038147,0.100627983147,7.62939453125e-06,9.85936,3.71931e-07,9.85936,0.0
1291,164,1.27000328064,0.0880476644519,0.0,9.70155,2.06232e-07,9.70155,0.0
1329,169,1.16000358582,0.0953853594215,7.62939453125e-06,9.78465,1.95503e-07,9.78465,0.0
1368,174,1.17000328064,0.0857900604088,0.0,9.77136,3.06367e-07,9.77136,0.0
1407,179,1.26000358582,0.0943204173403,7.62939453125e-06,9.45872,4.20808e-07,9.45872,0.0
1445,184,1.07000389099,0.0902002440568,0.0,10.3198,2.65836e-07,10.3198,0.0
1484,189,1.28000404358,0.0916347728768,0.0,9.34947,1.43051e-07,9.34947,0.0
1522,194,1.15000343323,0.0833400167951,7.62939453125e-06,9.64582,1.78814e-07,9.64582,0.0
1561,199,1.09000396729,0.0842840594387,0.0,9.653,1.67239e-06,9.653,0.0
1599,204,1.10000350952,0.0902512144731,7.62939453125e-06,10.0725,6.67572e-08,10.0725,0.0
1638,209,1.14000328064,0.0827852048304,0.0,9.41605,1.10864e-07,9.41605,0.0
1676,214,1.2500038147,0.101517273063,0.0,9.24852,1.84774e-07,9.24852,0.0
1714,219,1.08000358582,0.0920575332441,0.0,9.78046,7.86781e-08,9.78046,0.0
1753,224,1.15000358582,0.0907058587574,7.62939453125e-06,9.5203,6.4373e-08,9.5203,0.0
1791,229,1.13000335693,0.0868015048785,0.0,9.49014,1.26362e-07,9.49014,0.0
1830,234,1.15000343323,0.0880663726907,0.0,9.81768,1.15633e-07,9.81768,0.0
1868,239,1.14000320435,0.0845418415583,0.0,9.30826,6.07967e-08,9.30826,0.0
1877,240,1.10000396729,0.0804269692771,7.62939453125e-06,9.15935,7.51018e-08,9.15935,0.0
1885,241,1.07000343323,0.0903570844494,7.62939453125e-06,9.45935,5.126e-08,9.45935,0.0
1894,242,1.0800037384,0.0887020703184,0.0,9.41822,1.19209e-07,9.41822,0.0
1902,243,1.14000366211,0.0855964231889,0.0,9.53637,6.72335e-07,9.53637,0.0
1911,244,1.10000358582,0.0882897399121,7.62939453125e-06,9.22755,8.58306e-08,9.22755,0.0
1919,245,1.15000328064,0.0847347392423,7.62939453125e-06,9.21672,2.58683e-07,9.21672,0.0
1928,246,1.0700037384,0.0889663290247,7.62939453125e-06,9.22556,6.5565e-08,9.22556,0.0
1936,247,1.02000427246,0.0846137886181,7.62939453125e-06,9.56414,1.63316e-07,9.56414,0.0
1945,248,1.0500038147,0.086211167859,7.62939453125e-06,9.44812,1.14441e-07,9.44812,0.0
1953,249,1.06000328064,0.0850299358792,0.0,9.54045,7.62939e-08,9.54045,0.0
