197,4,7.36999900818,0.289990098774,7.62939453125e-06,6.48848,0.0270016,6.39993,0.0615503
396,9,4.05000076294,0.17451332055,7.62939453125e-06,5.716,0.0150856,5.59766,0.103258
594,14,3.06000061035,0.14003892269,7.62939453125e-06,5.10435,0.0168593,4.98263,0.104861
792,19,2.94000160217,0.132304601483,7.62939453125e-06,5.1773,0.016641,5.05915,0.101511
990,24,2.7600025177,0.12261893753,7.62939453125e-06,5.09155,0.0138631,4.98441,0.0932804
1189,29,2.56000228882,0.118808570635,7.62939453125e-06,4.86943,0.0136661,4.73175,0.124011
1380,34,2.28000236511,0.109357870258,0.0,5.01727,0.0134368,4.93311,0.0707244
1578,39,2.42000190735,0.111634858139,0.0,4.91621,0.0142692,4.79216,0.109789
1776,44,2.39000259399,0.113775707409,0.0,5.12548,0.0146157,4.98461,0.126256
1974,49,2.27000213623,0.107249013241,0.0,4.84917,0.0127305,4.63138,0.205056
2172,54,2.29000312805,0.102957297135,7.62939453125e-06,4.75264,0.0131357,4.60845,0.131057
2370,59,2.16000221252,0.0982941737771,0.0,4.68669,0.0134769,4.50099,0.172216
2568,64,2.21000274658,0.10402238911,0.0,5.09598,0.0130891,4.93243,0.150456
2763,69,2.10000244141,0.0991155238263,7.62939453125e-06,4.65995,0.0128198,4.46574,0.181394
2956,74,2.11000259399,0.100532974694,0.0,4.38377,0.0114472,4.19598,0.17634
3149,79,2.00000244141,0.0999920897558,0.0,4.54536,0.013788,4.39501,0.136569
3341,84,2.10000213623,0.098125810381,7.62939453125e-06,4.58294,0.0129876,4.37602,0.19393
3533,89,2.08000244141,0.0983294186927,7.62939453125e-06,4.53661,0.0138198,4.3851,0.137681
3725,94,2.02000259399,0.0982683566958,0.0,4.47857,0.0123151,4.30463,0.161625
3917,99,1.95000335693,0.098166235853,0.0,4.84015,0.0122197,4.62472,0.203201
4110,104,2.03000228882,0.0974646025337,7.62939453125e-06,4.97579,0.0124003,4.78561,0.177784
4302,109,1.96000259399,0.0940517959185,7.62939453125e-06,4.94568,0.0123029,4.66515,0.268233
4494,114,2.09000259399,0.104617736265,7.62939453125e-06,4.5749,0.0123137,4.4034,0.15919
4686,119,1.99000274658,0.0962005894445,0.0,4.76017,0.0120601,4.53385,0.214263
4878,124,2.00000312805,0.0943620701879,7.62939453125e-06,4.64055,0.0115956,4.422,0.206959
5070,129,2.02000282288,0.0995506723784,7.62939453125e-06,4.81088,0.0111661,4.54211,0.257605
5263,134,1.98000259399,0.0957361576892,7.62939453125e-06,4.39021,0.0123433,4.15945,0.218417
5455,139,1.94000312805,0.0936816042289,0.0,4.58504,0.0132805,4.26032,0.311433
5648,144,1.81000289917,0.0887611913867,7.62939453125e-06,4.46628,0.0109802,4.16952,0.285788
5841,149,1.92000274658,0.0941320284829,7.62939453125e-06,4.45962,0.0122891,4.25148,0.195853
6033,154,1.87000396729,0.0964764864556,7.62939453125e-06,5.67852,0.0125372,5.38437,0.281614
6226,159,1.90000259399,0.0923158189654,0.0,4.83443,0.0113684,4.54067,0.2824
6417,164,1.86000305176,0.0926904441416,7.62939453125e-06,4.80456,0.0118057,4.36499,0.427764
6610,169,1.85000312805,0.0902760120202,0.0,4.79451,0.0112731,4.44392,0.339321
6802,174,1.91000289917,0.0926113139093,0.0,4.6948,0.0115971,4.453,0.23021
6995,179,1.78000343323,0.0918606346659,7.62939453125e-06,5.14189,0.0115991,4.78209,0.348201
7187,184,1.83000320435,0.0921647220291,0.0,4.6341,0.0118488,4.25907,0.363186
7380,189,1.79000259399,0.0929506658018,7.62939453125e-06,4.50917,0.0123276,4.05261,0.444233
7572,194,1.81000297546,0.0906771264225,7.62939453125e-06,4.38897,0.0111968,4.02066,0.357114
7764,199,1.99000328064,0.0961392555758,7.62939453125e-06,4.85676,0.0117954,4.38015,0.464817
7956,204,1.82000282288,0.0925865614973,0.0,4.69445,0.01159,4.23526,0.447597
8148,209,1.7500037384,0.0866718768515,7.62939453125e-06,4.71755,0.011923,4.36929,0.33634
8340,214,1.78000282288,0.0901272882521,7.62939453125e-06,4.45314,0.0108772,4.03475,0.407509
8532,219,1.85000267029,0.0901851086877,7.62939453125e-06,4.69545,0.0109449,4.13415,0.550355
8724,224,1.84000289917,0.0876978916302,0.0,4.86618,0.0104837,4.38954,0.466154
8916,229,1.78000297546,0.087458951138,7.62939453125e-06,4.26628,0.0101986,3.95812,0.297959
9108,234,1.69000289917,0.0836581734009,0.0,4.53804,0.0102938,4.21929,0.308456
9300,239,1.82000267029,0.0831392537802,7.62939453125e-06,4.32028,0.0103902,4.02165,0.288247
9340,240,1.85000282288,0.0853571133967,0.0,4.5505,0.0101185,4.05346,0.486917
9380,241,1.78000335693,0.0839303653128,0.0,4.58803,0.0100039,4.10102,0.477006
9420,242,1.75000305176,0.0861068293639,7.62939453125e-06,4.61069,0.00968909,4.1241,0.476899
9460,243,1.80000312805,0.0800444446038,0.0,4.42152,0.0096545,4.12653,0.285335
9500,244,1.83000305176,0.0843846636266,0.0,4.52901,0.009932,4.18008,0.338999
9541,245,1.74000358582,0.0841980739683,0.0,4.25311,0.0102555,3.91353,0.32932
9581,246,1.76000396729,0.0795317796804,7.62939453125e-06,4.16017,0.00941682,3.85995,0.290803
9621,247,1.73000343323,0.083707511425,0.0,4.45009,0.0094049,4.12091,0.31977
9661,248,1.72000335693,0.0837408998609,0.0,5.01108,0.0095663,4.67113,0.330374
9702,249,1.75000297546,0.0818960284442,0.0,4.47267,0.0100715,4.10372,0.358875
