87,4,7.55000061035,0.313093653582,0.0,13.3215,0.00712701,13.3143,0.0
174,9,4.63000091553,0.18346114221,0.0,11.019,0.00148941,11.0175,0.0
263,14,4.01000080109,0.178926924067,0.0,9.49912,0.000479347,9.49864,0.0
350,19,3.560001297,0.201063197707,0.0,9.69289,0.0001863,9.69271,0.0
438,24,3.43000091553,0.214901800061,0.0,9.01921,6.21708e-05,9.01915,0.0
529,29,3.28000095367,0.191985855511,0.0,8.50521,1.90133e-05,8.50519,0.0
614,34,3.12000076294,0.221239459398,0.0,8.69113,8.788e-06,8.69112,0.0
702,39,3.27000102997,0.249580681468,0.0,9.23601,1.41925e-05,9.236,0.0
790,44,3.17000080109,0.227998363638,0.0,8.48563,4.31292e-06,8.48563,0.0
873,49,3.09000068665,0.277643908085,0.0,8.74004,3.1161e-06,8.74004,0.0
938,54,3.040001297,0.23559350546,0.0,8.48838,1.52587e-06,8.48838,0.0
1004,59,3.10000118256,0.267601507213,0.0,8.57115,6.57979e-06,8.57114,0.0
1066,64,2.99000099182,0.287951103237,0.0,8.21708,1.08242e-06,8.21708,0.0
1133,69,2.99000114441,0.325332901678,0.0,8.46965,1.26599e-06,8.46965,0.0
1197,74,2.74000083923,0.214590011728,0.0,8.96257,2.46758e-06,8.96257,0.0
1261,79,2.8100012207,0.280193967682,0.0,8.62088,6.10351e-07,8.62088,0.0
1326,84,2.93000114441,0.260084294882,0.0,8.28912,5.07831e-07,8.28912,0.0
1391,89,2.80000041962,0.314864906607,0.0,8.21303,5.55514e-07,8.21303,0.0
1455,94,2.82000076294,0.254143400817,0.0,7.66781,5.57897e-07,7.66781,0.0
1520,99,2.76000095367,0.29145300376,0.0,7.79378,6.93797e-07,7.79378,0.0
1584,104,2.74000087738,0.27344089346,0.0,7.8979,6.69148e-06,7.89789,0.0
1649,109,2.68000114441,0.304663000267,0.0,7.82607,2.00271e-07,7.82607,0.0
1715,114,2.73000083923,0.299512244628,0.0,7.94098,2.21729e-07,7.94098,0.0
1779,119,2.67000137329,0.336364415411,0.0,7.97056,2.71797e-07,7.97056,0.0
1846,124,2.70000087738,0.262736210684,0.0,7.7865,8.82148e-08,7.7865,0.0
1911,129,2.66000102997,0.275421869352,0.0,7.86357,1.07288e-07,7.86357,0.0
1976,134,2.72000106812,0.318269208327,0.0,8.08164,1.04904e-07,8.08164,0.0
2053,139,2.73000080109,0.29516436666,0.0,7.79839,3.33786e-08,7.79839,0.0
2142,144,2.65000087738,0.314997669752,0.0,7.87538,7.62939e-08,7.87538,0.0
2229,149,2.71000072479,0.310360620398,0.0,7.79265,3.8862e-07,7.79265,0.0
2316,154,2.73000041962,0.324724692854,0.0,7.54475,1.12057e-07,7.54475,0.0
2403,159,2.74000080109,0.319420595895,0.0,8.17008,1.04904e-07,8.17008,0.0
2490,164,2.69000102997,0.32611021217,0.0,7.70996,6.43729e-08,7.70996,0.0
2577,169,2.66000083923,0.298767146178,0.0,7.75314,8.34465e-08,7.75314,0.0
2667,174,2.69000083923,0.332299786955,0.0,7.35891,1.00136e-07,7.35891,0.0
2754,179,2.62000110626,0.297511803476,0.0,7.54582,2.02655e-07,7.54582,0.0
2841,184,2.61000083923,0.332775695653,0.0,7.82044,2.86083e-06,7.82043,0.0
2928,189,2.59000118256,0.308351047586,0.0,7.83635,2.69412e-07,7.83635,0.0
3015,194,2.66000091553,0.338266346537,0.0,7.99724,1.45435e-07,7.99724,0.0
3102,199,2.71000076294,0.326859511574,0.0,7.90103,1.43051e-08,7.90103,0.0
3192,204,2.63000068665,0.306722229851,0.0,7.55055,8.58305e-08,7.55055,0.0
3279,209,2.54000099182,0.299562668762,0.0,7.77559,1.19209e-08,7.77559,0.0
3365,214,2.6900006485,0.346284663033,0.0,7.63938,1.66893e-08,7.63938,0.0
3452,219,2.6500006485,0.371382916504,0.0,7.45982,2.14577e-08,7.45982,0.0
3539,224,2.68000091553,0.321201962289,0.0,7.69046,2.38418e-08,7.69046,0.0
3627,229,2.68000068665,0.298790894222,0.0,7.69582,1.66893e-08,7.69582,0.0
