74,4,3.040001297,0.241466632187,0.100007629395,33.2745,0.132746,32.4295,0.712255
151,9,2.52000221252,0.184036386013,6.103515625e-06,26.2729,0.0841026,25.3291,0.859672
227,14,2.24000228882,0.160261740237,5.34057617187e-06,24.4512,0.0719968,23.5433,0.835894
303,19,2.06000274658,0.148579048291,6.103515625e-06,22.9772,0.0586535,22.0633,0.855225
379,24,2.0200025177,0.146572158486,0.0,22.8179,0.0623412,21.9994,0.756185
455,29,1.88000320435,0.137439233139,1.52587890625e-06,21.777,0.0526675,20.9478,0.776461
531,34,1.97000228882,0.133306903094,7.62939453125e-06,21.642,0.0498702,20.8005,0.79168
608,39,1.87000259399,0.137354710996,6.103515625e-06,21.4465,0.0553093,20.6585,0.732694
683,44,1.74000297546,0.139636479393,4.57763671875e-06,20.2636,0.0509858,19.467,0.745623
759,49,1.77000274658,0.132314671949,6.86645507813e-06,21.4549,0.0534541,20.6408,0.760626
835,54,1.62000305176,0.13049228698,3.0517578125e-06,21.2681,0.0507437,20.3823,0.834979
911,59,1.62000335693,0.128474382386,5.34057617187e-06,20.2548,0.0500978,19.4044,0.800278
987,64,1.65000343323,0.125703380033,2.28881835937e-06,20.3696,0.0449207,19.4797,0.844988
1063,69,1.56000328064,0.124998439997,6.103515625e-06,20.2155,0.0476523,19.4119,0.755991
1139,74,1.66000244141,0.12662518099,6.86645507813e-06,19.28,0.0429404,18.5251,0.711957
1215,79,1.59000320435,0.120235582292,0.0,20.1244,0.0468329,19.3121,0.765511
1291,84,1.62000297546,0.124409630001,0.0,19.8799,0.0493198,19.005,0.825575
1367,89,1.47000297546,0.122897302881,4.57763671875e-06,19.2495,0.0463527,18.5065,0.69663
1443,94,1.56000312805,0.120162352398,6.86645507813e-06,19.0315,0.0481255,18.2661,0.717308
1519,99,1.56000320435,0.123332762793,4.57763671875e-06,19.4688,0.0468561,18.5977,0.824218
1595,104,1.51000335693,0.119628804177,6.86645507813e-06,20.3074,0.0430054,19.5671,0.697322
1671,109,1.48000350952,0.119560249373,1.52587890625e-06,19.3121,0.0452295,18.505,0.761873
1747,114,1.46000297546,0.117962624133,7.62939453125e-07,19.0588,0.0415363,18.2414,0.77592
1823,119,1.59000289917,0.119974065423,6.86645507813e-06,20.0925,0.046345,19.3576,0.68852
1899,124,1.42000343323,0.119591407776,7.62939453125e-07,18.905,0.0463191,18.092,0.766665
1975,129,1.44000411987,0.115693135932,6.103515625e-06,19.1777,0.0431798,18.3454,0.789154
2051,134,1.38000312805,0.118854910769,1.52587890625e-06,18.9913,0.0422309,18.1541,0.794959
2126,139,1.51000312805,0.118757047802,7.62939453125e-06,19.1066,0.0394385,18.3244,0.742846
2203,144,1.42000274658,0.114190808758,4.57763671875e-06,18.7302,0.0401051,17.8834,0.806692
2278,149,1.41000366211,0.115991193056,3.81469726562e-06,18.4424,0.0459635,17.68,0.716484
2354,154,1.39000320435,0.117003239617,7.62939453125e-06,18.245,0.0423708,17.4284,0.774157
2430,159,1.41000305176,0.11441080898,7.62939453125e-07,18.4386,0.0416279,17.6889,0.708084
2506,164,1.48000343323,0.11740316458,0.0,18.5567,0.0416888,17.7643,0.7507
2582,169,1.45000282288,0.116668483317,7.62939453125e-06,18.5413,0.0427201,17.7478,0.750784
2657,174,1.43000282288,0.116739240587,6.86645507813e-06,17.9841,0.0418031,17.1929,0.74945
2733,179,1.46000320435,0.115217636675,6.86645507813e-06,19.524,0.0407146,18.7946,0.688762
2808,184,1.33000404358,0.115454004444,0.0,18.6641,0.0425329,17.8181,0.803426
2883,189,1.45000389099,0.115881161913,3.0517578125e-06,17.9823,0.0380152,17.1841,0.760237
2958,194,1.49000328064,0.114891388565,2.28881835937e-06,17.9573,0.0389209,17.1897,0.728676
3033,199,1.38000389099,0.116007647961,7.62939453125e-07,18.5604,0.0386649,17.6212,0.900513
3107,204,1.42000282288,0.113408832327,7.62939453125e-07,18.3181,0.0403046,17.4428,0.835024
3182,209,1.41000335693,0.111998018995,2.28881835937e-06,18.4398,0.0391055,17.6984,0.702262
3256,214,1.44000343323,0.113497852534,6.86645507813e-06,18.2309,0.0419493,17.3491,0.839865
3330,219,1.40000320435,0.117144081146,7.62939453125e-06,17.8509,0.0419851,17.059,0.749914
3405,224,1.37000328064,0.115337066129,3.81469726562e-06,17.9667,0.0428646,17.1722,0.751597
3479,229,1.3600038147,0.114488346614,7.62939453125e-07,18.7895,0.0441137,18.0466,0.698795
3553,234,1.39000343323,0.11683596231,7.62939453125e-07,17.7373,0.0396921,16.9814,0.716215
3627,239,1.33000282288,0.11175851427,6.103515625e-06,18.4139,0.0418525,17.6628,0.709317
3643,240,1.37000328064,0.116194722429,0.0,17.7547,0.0367673,16.9721,0.745769
3660,241,1.48000335693,0.115088231415,6.103515625e-06,18.36,0.0399653,17.6053,0.714797
3676,242,1.38000343323,0.115082287118,0.0,17.4893,0.0393188,16.5943,0.855765
3692,243,1.38000328064,0.113591950759,0.0,17.2159,0.0418394,16.4002,0.773845
3709,244,1.41000335693,0.114546776935,7.62939453125e-06,18.6626,0.0422376,17.8426,0.777795
3725,245,1.37000396729,0.11310503073,5.34057617187e-06,17.4375,0.0410716,16.6711,0.72535
3741,246,1.45000335693,0.115150114745,0.0,17.7461,0.0362942,16.909,0.800762
3757,247,1.37000282288,0.115309372991,6.103515625e-06,17.7939,0.042027,16.9626,0.789296
3774,248,1.38000350952,0.115006171465,6.86645507813e-06,18.7775,0.0426479,18.0281,0.706748
3790,249,1.37000350952,0.11491082035,3.0517578125e-06,18.022,0.0402649,17.1706,0.811128
