21,4,10.2399982452,0.416672239751,0.0,0.364729,0.018513,0.0,0.346216
43,9,7.22999832153,0.315903197303,7.62939453125e-06,0.281041,0.00682385,0.0,0.274217
65,14,6.06999778748,0.302513888776,7.62939453125e-06,0.226606,0.00420993,0.0,0.222396
87,19,6.09999786377,0.251766508222,0.0,0.233311,0.00258034,0.0,0.230731
109,24,5.71999832153,0.231038864776,7.62939453125e-06,0.277877,0.0016205,0.0,0.276257
131,29,4.50999839783,0.204252513945,7.62939453125e-06,0.200868,0.0014884,0.0,0.199379
153,34,3.81999938965,0.201776886955,7.62939453125e-06,0.173177,0.00109525,0.0,0.172082
175,39,4.05999923706,0.198308370784,7.62939453125e-06,0.225042,0.000943851,0.0,0.224099
197,44,3.95999938965,0.20326051645,7.62939453125e-06,0.14403,0.00110184,0.0,0.142928
219,49,3.49999946594,0.179686590135,7.62939453125e-06,0.175364,0.000713189,0.0,0.174651
241,54,4.58999847412,0.227627645582,0.0,0.154511,0.000611733,0.0,0.1539
263,59,3.29000015259,0.169028539732,7.62939453125e-06,0.148129,0.000564635,0.0,0.147565
286,64,14.3100001526,0.313485766053,7.62939453125e-06,0.134153,0.000550973,0.0,0.133602
308,69,6.5099987793,0.246955760866,7.62939453125e-06,0.14795,0.000521531,0.0,0.147428
330,74,9.99999885559,0.278412191719,7.62939453125e-06,0.137266,0.000438613,0.0,0.136828
352,79,6.19999809265,0.213074134812,0.0,0.200882,0.000325054,0.0,0.200557
374,84,3.08000030518,0.134857796058,7.62939453125e-06,0.142149,0.000309151,0.0,0.14184
397,89,3.20999954224,0.159071215466,0.0,0.11544,0.000360737,0.0,0.115079
419,94,3.21000053406,0.147513896078,7.62939453125e-06,0.121824,0.000276701,0.0,0.121548
441,99,3.28999992371,0.167541511282,0.0,0.118137,0.000276006,0.0,0.117861
463,104,3.44999908447,0.140061306544,0.0,0.139315,0.000239667,0.0,0.139075
485,109,2.95999992371,0.128178376518,7.62939453125e-06,0.0775572,0.000234534,0.0,0.0773227
508,114,8.62999771118,0.261137604564,0.0,0.104218,0.000277037,0.0,0.103941
530,119,9.20999839783,0.248863050491,7.62939453125e-06,0.100414,0.000225518,0.0,0.100189
552,124,3.41,0.175119963661,0.0,0.105472,0.000173589,0.0,0.105298
574,129,5.68999885559,0.230961302966,0.0,0.0825111,0.000280522,0.0,0.0822306
596,134,3.18999984741,0.162861482948,0.0,0.112735,0.000165443,0.0,0.112569
619,139,6.66999855042,0.245424293876,7.62939453125e-06,0.0924895,0.000180168,0.0,0.0923094
641,144,2.95000022888,0.130001689941,7.62939453125e-06,0.0825497,0.000150103,0.0,0.0823996
663,149,3.60999969482,0.167289772481,7.62939453125e-06,0.0851286,0.000134804,0.0,0.0849937
685,154,6.95999725342,0.229984619915,7.62939453125e-06,0.0943208,0.000126779,0.0,0.0941941
707,159,2.89000045776,0.153084905371,7.62939453125e-06,0.0931003,0.000164262,0.0,0.0929361
730,164,2.59000091553,0.140706745498,7.62939453125e-06,0.138179,0.000182958,0.0,0.137996
752,169,2.95,0.151587131545,0.0,0.0792725,0.000114665,0.0,0.0791579
774,174,6.67999938965,0.27123379752,7.62939453125e-06,0.0876474,0.000115864,0.0,0.0875315
796,179,5.19999916077,0.325193161219,7.62939453125e-06,0.0652084,0.000124925,0.0,0.0650834
818,184,2.61000175476,0.13816938743,0.0,0.0948153,0.000124402,0.0,0.0946909
840,189,3.90000076294,0.249223895371,0.0,0.0860446,0.000116488,0.0,0.0859281
863,194,5.1599987793,0.253669740409,0.0,0.0567954,9.57751e-05,0.0,0.0566996
885,199,4.18999938965,0.258830814958,0.0,0.0751119,0.00010515,0.0,0.0750067
907,204,4.34999984741,0.220030695051,7.62939453125e-06,0.0697993,0.000142822,0.0,0.0696564
929,209,3.15000083923,0.231032397747,0.0,0.0619771,9.9822e-05,0.0,0.0618773
951,214,5.05999977112,0.273543718308,0.0,0.0551235,8.58727e-05,0.0,0.0550376
974,219,5.23999900818,0.269223191738,0.0,0.034043,8.39098e-05,0.0,0.0339591
996,224,6.05999916077,0.256648776233,0.0,0.0694408,7.33529e-05,0.0,0.0693675
1018,229,7.709998703,0.285214767903,0.0,0.0859701,8.04544e-05,0.0,0.0858896
1040,234,3.72000015259,0.203321618214,7.62939453125e-06,0.0513987,6.60138e-05,0.0,0.0513327
1062,239,5.98000038147,0.234192120656,7.62939453125e-06,0.0466497,7.89562e-05,0.0,0.0465707
1067,240,7.05999893188,0.231860612482,0.0,0.0449906,6.57764e-05,0.0,0.0449248
1072,241,4.64999908447,0.198643532842,0.0,0.0381593,5.03817e-05,0.0,0.0381089
1077,242,3.87999916077,0.193113484383,0.0,0.0642074,5.55978e-05,0.0,0.0641518
1082,243,3.54000015259,0.191484236047,7.62939453125e-06,0.0381046,5.98375e-05,0.0,0.0380448
1087,244,3.77999992371,0.202022642419,7.62939453125e-06,0.0430741,5.76125e-05,0.0,0.0430165
1092,245,4.31999954224,0.200788247287,0.0,0.0500916,5.55681e-05,0.0,0.050036
1097,246,4.62999931335,0.201360870525,7.62939453125e-06,0.0379578,5.7293e-05,0.0,0.0379005
1102,247,4.50000007629,0.1946813602,0.0,0.0804102,5.52793e-05,0.0,0.0803549
1107,248,3.90999977112,0.193046382591,0.0,0.0619242,5.09265e-05,0.0,0.0618733
1112,249,4.82999938965,0.208285587803,7.62939453125e-06,0.0460728,5.84073e-05,0.0,0.0460144
