148.1183397769928,9,59.95,1.95992248058,100.0,0.0341819,0.000355873,0.0,0.0338261
296.5598473548889,19,56.81,3.83320623279,100.0,0.0590034,3.75882e-05,0.0,0.0589658
445.02951884269714,29,58.64,1.91574108124,100.0,0.0675951,2.04167e-05,0.0,0.0675747
593.1725285053253,39,56.34,3.49129678607,100.0,0.0705494,7.28842e-06,0.0,0.0705421
741.656956911087,49,59.65,5.01274138689,100.0,0.11374,4.35351e-06,0.0,0.113736
890.0911214351654,59,60.46,2.00266498923,100.0,0.108617,1.58906e-06,0.0,0.108616
1038.4691834449768,69,54.1,10.894319396,100.0,0.107713,1.48177e-06,0.0,0.107711
1187.0627620220184,79,60.96,2.82161227822,100.0,0.13341,2.67505e-06,0.0,0.133407
1338.07412981987,89,52.17,8.55099597692,100.0,0.210127,8.35657e-07,0.0,0.210126
1487.7092566490173,99,53.22,15.2593737888,100.0,0.27945,3.77893e-07,0.0,0.279449
1637.1457805633545,109,62.18,1.89279705644,100.0,0.190896,3.67165e-07,0.0,0.190895
1787.4437503814697,119,55.7,6.37713764191,100.0,0.218744,1.5378e-07,0.0,0.218744
1936.7637374401093,129,55.65,2.07071382761,100.0,0.151823,2.2769e-07,0.0,0.151823
2086.3534677028656,139,55.08,2.69717150569,100.0,0.176928,1.00136e-07,0.0,0.176928
2235.7358911037445,149,55.49,9.96651978254,100.0,0.22371,6.79493e-08,0.0,0.22371
2385.8076000213623,159,53.9,16.4585582447,100.0,0.228721,1.0252e-07,0.0,0.228721
2535.777642726898,169,52.34,17.144558568,100.0,0.394478,4.64916e-08,0.0,0.394478
2678.2660191059113,179,50.97,21.7136552191,100.0,0.298924,3.33786e-08,0.0,0.298924
2825.086161375046,189,47.71,31.3250354576,100.0,0.546697,5.00679e-08,0.0,0.546697
2971.0208621025085,199,49.3,29.7606753254,100.0,0.616592,2.38419e-08,0.0,0.616592
