131,4,12.4500012207,0.444753583446,0.0,6.12191,0.00592806,6.11598,0.0
285,9,8.84000106812,0.366494468339,0.0,4.43046,0.00170365,4.42876,0.0
435,14,6.93000095367,0.315069464985,0.0,3.89579,0.000447574,3.89534,0.0
586,19,6.48000022888,0.344903510355,0.0,3.79366,0.000142154,3.79352,0.0
738,24,6.31000068665,0.354597601717,0.0,3.53191,5.87906e-05,3.53185,0.0
887,29,6.30000072479,0.387828145867,0.0,3.6529,1.72469e-05,3.65288,0.0
1039,34,5.8100005722,0.3910429419,0.0,3.68129,5.7053e-06,3.68128,0.0
1188,39,5.58000083923,0.394082163507,0.0,3.39284,4.74684e-06,3.39284,0.0
1340,44,5.56000068665,0.421169673823,0.0,3.35536,1.45673e-06,3.35536,0.0
1489,49,5.06000095367,0.421881715,0.0,3.26853,1.22547e-06,3.26853,0.0
1640,54,5.00000087738,0.362870313141,0.0,3.2892,5.65051e-07,3.2892,0.0
1791,59,4.93000087738,0.403606359173,0.0,3.49579,2.14577e-07,3.49579,0.0
1940,64,4.61000083923,0.36680989722,0.0,3.26652,2.09808e-07,3.26652,0.0
2091,69,3.78000087738,0.257195833772,0.0,3.17352,6.96177e-07,3.17352,0.0
91,4,4.16000068665,0.275948585202,0.0,8.36733,3.40204e-06,8.36732,0.0
185,9,3.77000102997,0.254024865386,0.0,7.94655,3.78839e-06,7.94654,0.0
278,14,3.88000053406,0.237593372231,0.0,7.68809,7.15661e-06,7.68808,0.0
372,19,3.18000080109,0.181388341846,0.0,7.99716,1.87396e-06,7.99716,0.0
466,24,3.61000083923,0.257613600216,0.0,7.57505,5.62159e-06,7.57504,0.0
561,29,2.98000053406,0.178060725623,0.0,7.8272,1.03412e-05,7.82718,0.0
654,34,2.91000102997,0.165635798,0.0,8.05316,2.40322e-06,8.05316,0.0
746,39,2.71000102997,0.159787456382,0.0,7.94769,1.76905e-06,7.94769,0.0
838,44,3.68000072479,0.234760928319,0.0,7.71748,2.191e-06,7.71747,0.0
930,49,3.87000110626,0.283503871961,0.0,7.6145,1.68799e-06,7.6145,0.0
1021,54,2.17000099182,0.138955168446,0.0,7.76787,5.22135e-07,7.76787,0.0
1111,59,2.83000095367,0.17862406303,0.0,8.31587,5.43594e-07,8.31587,0.0
1203,64,2.96000087738,0.200631339588,0.0,7.77557,7.24789e-07,7.77557,0.0
1294,69,2.59000095367,0.164814639622,0.0,7.47848,1.32798e-06,7.47848,0.0
1386,74,2.24000083923,0.147660522119,0.0,7.3971,1.26361e-06,7.39709,0.0
1479,79,2.90000068665,0.175729047571,0.0,7.42449,3.33785e-07,7.42449,0.0
1572,84,2.04000095367,0.139232981885,0.0,8.21289,3.21865e-07,8.21289,0.0
1662,89,1.92000099182,0.137173028235,0.0,7.73797,6.1035e-07,7.73796,0.0
1755,94,1.90000076294,0.118021925333,0.0,7.72874,1.38283e-07,7.72874,0.0
1846,99,1.92000102997,0.135634869344,0.0,7.63356,3.81444e-06,7.63356,0.0
1938,104,1.94000114441,0.141889007181,0.0,7.84574,1.42335e-06,7.84574,0.0
2028,109,1.93000114441,0.128418960386,0.0,7.43177,4.69683e-07,7.43176,0.0
2120,114,2.09000095367,0.140811203844,0.0,7.6297,1.93119e-07,7.6297,0.0
2211,119,2.01000137329,0.140111579417,0.0,7.65518,3.52859e-07,7.65518,0.0
2302,124,1.91000068665,0.141127694801,0.0,7.99332,2.0504e-07,7.99332,0.0
2394,129,1.76000072479,0.134317007881,0.0,7.93299,7.55781e-07,7.93299,0.0
2487,134,1.77000102997,0.12369934633,0.0,7.50463,3.00155e-06,7.50462,0.0
2579,139,1.70000095367,0.106863569492,0.0,7.4235,8.0585e-07,7.4235,0.0
2671,144,1.5800005722,0.126281307941,0.0,7.80344,2.52239e-06,7.80344,0.0
2761,149,1.73000068665,0.142875595413,0.0,7.4959,2.04798e-06,7.49589,0.0
2852,154,1.87000106812,0.138301348527,0.0,7.25937,3.3617e-07,7.25937,0.0
2943,159,1.78000095367,0.135549425346,0.0,7.8935,1.62124e-07,7.8935,0.0
3034,164,1.66000114441,0.130950507589,0.0,7.1037,1.57356e-07,7.1037,0.0
3125,169,1.56000083923,0.119607734261,0.0,7.60254,4.7445e-07,7.60254,0.0
3216,174,1.78000102997,0.143320848129,0.0,7.22765,1.52109e-06,7.22764,0.0
3308,179,1.69000102997,0.147538524346,0.0,7.77879,2.72256e-06,7.77878,0.0
3399,184,1.78000083923,0.129890454996,0.0,7.89225,7.15255e-08,7.89225,0.0
3490,189,1.78000091553,0.132003968681,0.0,7.61959,7.86781e-08,7.61959,0.0
3581,194,1.75000080109,0.140102194687,0.0,7.29041,1.47819e-07,7.29041,0.0
3672,199,1.72000095367,0.126087347951,0.0,7.41968,2.38419e-08,7.41968,0.0
3762,204,1.58000091553,0.141388967846,0.0,7.38245,8.34465e-08,7.38245,0.0
3853,209,1.59000102997,0.128254770281,0.0,7.62366,3.4809e-07,7.62366,0.0
3944,214,1.67000091553,0.126011709014,0.0,7.15208,2.10991e-06,7.15207,0.0
4034,219,1.77000099182,0.145133103842,0.0,7.34227,3.08684e-05,7.34224,0.0
4126,224,1.74000110626,0.139704439525,0.0,7.18099,1.16823e-06,7.18099,0.0
4217,229,1.75000095367,0.141909543367,0.0,7.75308,1.10386e-06,7.75308,0.0
4307,234,1.74000083923,0.150856220181,0.0,7.17542,1.50201e-06,7.17542,0.0
4397,239,1.60000118256,0.137314044304,0.0,7.53949,7.9869e-07,7.53949,0.0
4416,240,1.72000095367,0.130938529429,0.0,7.27671,1.43051e-08,7.27671,0.0
4435,241,1.50000099182,0.133731994164,0.0,7.37598,6.91414e-08,7.37598,0.0
4455,242,1.67000072479,0.135540718807,0.0,7.24181,4.52995e-08,7.24181,0.0
4474,243,1.78000102997,0.14812212685,0.0,7.2702,3.33786e-08,7.2702,0.0
4493,244,1.70000118256,0.135521595584,0.0,7.04442,3.55242e-07,7.04442,0.0
4513,245,1.70000118256,0.144480571152,0.0,7.5057,7.39097e-08,7.5057,0.0
4533,246,1.51000099182,0.117135782664,0.0,7.54017,4.29153e-08,7.54017,0.0
4553,247,1.63000099182,0.136103198772,0.0,7.31162,1.45435e-07,7.31162,0.0
4572,248,1.62000049591,0.132010727856,0.0,7.19971,7.86781e-08,7.19971,0.0
4592,249,1.50000080109,0.134908063753,0.0,7.20861,4.95907e-07,7.20861,0.0
