392,4,11.0900007248,0.456622933149,0.0,9.48256,0.0635157,8.99798,0.421063
791,9,10.43000103,0.44654582791,0.0,8.03324,0.0307793,7.54602,0.456443
1186,14,10.3900009918,0.446178055461,0.0,7.28343,0.023093,6.8171,0.443237
1582,19,9.52000072479,0.411167735718,0.0,7.13321,0.0168804,6.64068,0.475652
1977,24,9.82000061035,0.419100349732,0.0,6.89703,0.01743,6.553,0.326608
2374,29,9.21000080109,0.402609552778,0.0,6.76456,0.0147798,6.31465,0.435134
2771,34,9.00000102997,0.389902497148,0.0,6.33448,0.013651,5.99548,0.325355
3166,39,8.72000083923,0.388621892976,0.0,6.67716,0.0111562,6.17825,0.487757
3564,44,8.82000080109,0.380287587498,0.0,6.47202,0.0114356,6.12036,0.340228
3965,49,8.70000099182,0.389491557921,0.0,6.26434,0.0112189,6.00593,0.24719
4361,54,8.52000061035,0.411314700162,0.0,6.19931,0.00988304,5.86747,0.321957
4757,59,8.41000049591,0.392985321498,0.0,6.50207,0.00907788,6.02188,0.471117
5136,64,8.50000072479,0.399365445944,0.0,6.25245,0.00923047,5.87789,0.365325
5510,69,8.71000083923,0.39611328335,0.0,5.95274,0.00868625,5.61568,0.328375
5884,74,8.27000053406,0.394849401508,0.0,6.5767,0.00821167,6.11005,0.458442
6257,79,8.6300005722,0.433471709094,0.0,6.3134,0.00816439,5.8183,0.486929
6628,84,8.3100006485,0.41010420809,0.0,6.05466,0.00750929,5.60157,0.445581
6998,89,8.57000068665,0.422823923649,0.0,6.11603,0.00781948,5.45242,0.655791
7368,94,8.27000095367,0.400108007016,0.0,5.9781,0.00715526,5.49358,0.477368
7737,99,8.29000087738,0.421082920255,0.0,6.12148,0.00710032,5.70188,0.412493
8105,104,8.35000110626,0.399288218729,0.0,6.16684,0.00783128,5.75358,0.405431
8471,109,8.41000125885,0.428034895556,0.0,6.12897,0.00674201,5.60229,0.519944
8840,114,8.46000045776,0.421376333861,0.0,6.36973,0.00646459,5.97055,0.392707
9210,119,8.35000080109,0.415364126945,0.0,5.76839,0.00659797,5.34865,0.413139
9580,124,8.04000049591,0.414701501122,0.0,5.9441,0.00650927,5.73192,0.205664
9950,129,8.24000026703,0.430020543644,0.0,6.04148,0.00653784,5.56799,0.466956
10322,134,8.04000053406,0.401549749859,0.0,6.45997,0.00650613,5.89049,0.562971
10693,139,8.47000080109,0.432382457065,0.0,5.94345,0.00675718,5.53106,0.405628
11065,144,8.34000061035,0.431622191155,0.0,6.07941,0.00589169,5.66722,0.406301
11440,149,8.21000041962,0.433133269409,0.0,5.95678,0.00584508,5.40796,0.542973
11811,154,8.3100006485,0.429972674211,0.0,6.08684,0.00586819,5.63752,0.443451
12184,159,8.43000072479,0.435917271934,0.0,5.7444,0.00596017,5.31297,0.425472
12555,164,8.39000099182,0.430569711803,0.0,6.14886,0.00551413,5.61178,0.531564
12927,169,8.6200005722,0.448816009974,0.0,5.77281,0.00600758,5.40819,0.35861
13302,174,7.98000068665,0.43018301378,0.0,6.0578,0.00543424,5.60443,0.447936
13672,179,8.59000118256,0.443696245458,0.0,5.96025,0.00583033,5.34356,0.610859
14043,184,8.52000106812,0.449150611274,0.0,5.65806,0.00515032,5.29608,0.356829
14412,189,8.44000091553,0.449990549106,0.0,6.23017,0.00546323,5.66087,0.563843
14780,194,8.34000087738,0.409874386876,0.0,5.6999,0.00568823,5.21462,0.479593
15149,199,8.55000022888,0.444616159601,0.0,6.12846,0.00529726,5.59826,0.524907
15518,204,8.17000030518,0.425651333109,0.0,6.25856,0.00534611,5.63554,0.617672
15882,209,8.5100005722,0.451685396591,0.0,5.99396,0.00543343,5.38886,0.599669
16242,214,8.43000061035,0.456094552928,0.0,5.68043,0.00510392,5.19733,0.477986
16603,219,8.2600005722,0.450931872183,0.0,5.74749,0.00509427,5.35775,0.384639
16963,224,8.6400006485,0.46380436671,0.0,5.92484,0.00523349,5.57549,0.344117
17322,229,8.41000049591,0.447941128314,0.0,5.65254,0.00532292,5.21366,0.433555
17681,234,8.24000091553,0.44075675468,0.0,5.90867,0.0052583,5.4809,0.422517
18042,239,8.4300006485,0.45569991136,0.0,5.87001,0.00520502,5.27482,0.589987
18119,240,8.1500006485,0.434455860304,0.0,5.82136,0.0052568,5.35519,0.460912
18196,241,8.28000068665,0.439907142576,0.0,6.09837,0.00513046,5.34072,0.752517
18273,242,8.12000049591,0.439346111771,0.0,6.01712,0.0051724,5.63425,0.377694
18350,243,8.24000068665,0.444667664068,0.0,5.81744,0.00500904,5.20314,0.609286
18427,244,8.40000080109,0.462136110875,0.0,5.87549,0.00498281,5.3472,0.52331
18504,245,8.47000034332,0.462584519382,0.0,5.7749,0.00549197,5.2779,0.491503
18580,246,8.52000049591,0.463051024992,0.0,5.63592,0.00502864,5.1411,0.489788
18657,247,8.46000072479,0.469199391634,0.0,5.69988,0.00495941,5.23303,0.461897
18734,248,8.27000045776,0.440611272391,0.0,5.98942,0.0050335,5.4913,0.493086
18811,249,8.2900012207,0.445201850901,0.0,6.17696,0.00505841,5.35966,0.812245
