63,4,11.1000015259,0.428346650302,0.0,13.9373,0.00747889,13.9298,0.0
126,9,5.50000152588,0.245144477859,0.0,10.8839,0.00176661,10.8821,0.0
191,14,4.1,0.195499586128,0.0,10.2448,0.000634578,10.2441,0.0
204,15,3.59999961853,0.164644771256,0.0,9.99423,0.000479253,9.99375,0.0
218,16,3.80000038147,0.180732110864,0.0,10.0192,0.000475649,10.0188,0.0
232,17,4.10000076294,0.209593477426,0.0,9.99457,0.000530427,9.99404,0.0
245,18,3.9,0.195389179746,0.0,9.94857,0.000239354,9.94833,0.0
259,19,4.60000114441,0.217085922509,0.0,9.85753,0.000192683,9.85734,0.0
273,20,3.80000038147,0.193906807853,0.0,10.1054,0.00013598,10.1053,0.0
286,21,4.10000076294,0.216890742886,0.0,10.1724,0.000214852,10.1722,0.0
300,22,4.30000076294,0.223313305713,0.0,10.061,0.000141037,10.0608,0.0
314,23,3.30000038147,0.208675625845,0.0,9.783,9.17532e-05,9.7829,0.0
327,24,3.40000114441,0.205166971404,0.0,10.5032,8.38256e-05,10.5031,0.0
60,4,12.6999992371,0.478217545897,0.0,13.8728,0.00707029,13.8657,0.0
121,9,6.80000076294,0.259145154059,0.0,10.8785,0.00206251,10.8764,0.0
