340,4,8.76000076294,0.426764189377,0.0,9.4581,0.0615864,9.00518,0.391329
686,9,6.75000041962,0.316374828108,0.0,7.75508,0.0299003,7.3544,0.370775
1030,14,5.78000045776,0.292042622743,0.0,7.42571,0.018784,7.08055,0.32637
1373,19,5.2900005722,0.270208732244,0.0,7.25441,0.0149868,6.78582,0.453599
1717,24,5.38000072479,0.269051415278,0.0,7.03384,0.0122713,6.53296,0.488614
2061,29,5.16000076294,0.275982909999,0.0,6.78494,0.0108734,6.37446,0.399605
2406,34,4.81000118256,0.25764234982,0.0,6.81488,0.0102775,6.34452,0.460083
2751,39,4.48000049591,0.242775124074,0.0,6.78867,0.00877736,6.24178,0.538118
3095,44,4.64000087738,0.252683750573,0.0,6.38795,0.00816529,6.02104,0.358736
3438,49,4.46000053406,0.242723716837,0.0,6.7763,0.00783464,6.14737,0.621098
3776,54,4.3200005722,0.24927064308,0.0,6.56964,0.00794759,6.07494,0.486757
4113,59,3.98000041962,0.206233935072,0.0,6.43836,0.00764614,5.89245,0.538266
4446,64,4.02000095367,0.198545808815,0.0,6.39189,0.00748972,5.90852,0.475883
4781,69,3.73000038147,0.206571550448,0.0,6.42378,0.0078793,5.92183,0.494073
5115,74,3.89000068665,0.215762869241,0.0,6.01097,0.0067451,5.5228,0.481426
5450,79,4.05000110626,0.228390284418,0.0,6.41021,0.00652399,5.89023,0.513453
5785,84,3.91000076294,0.206052256976,0.0,6.22096,0.00600187,5.69952,0.515443
6119,89,3.78000106812,0.20628416568,0.0,6.19266,0.00569188,5.71285,0.474122
6454,94,3.8500006485,0.20047199992,0.0,5.98799,0.00576967,5.7006,0.28162
6789,99,4.11000095367,0.228640359971,0.0,5.9501,0.00587559,5.44387,0.500356
7122,104,3.80000087738,0.218235807715,0.0,6.05263,0.00550679,5.50361,0.543511
7456,109,3.95000083923,0.223627030337,0.0,5.97366,0.00545481,5.50187,0.466338
7791,114,3.80000053406,0.217450221491,0.0,6.03629,0.00522611,5.61448,0.416586
8127,119,3.90000091553,0.224396306586,0.0,5.53849,0.00518932,5.1513,0.381994
8461,124,3.86000045776,0.225878408223,0.0,5.97621,0.00478516,5.54073,0.430697
8796,129,3.74000061035,0.215958163762,0.0,5.92247,0.00569897,5.49018,0.426593
9131,134,3.48000072479,0.191595484214,0.0,5.84774,0.00466107,5.43598,0.407101
9465,139,3.77000072479,0.201346767806,0.0,5.6207,0.00493973,5.26124,0.354518
9800,144,3.74000072479,0.211914259363,0.0,5.83973,0.00476921,5.38787,0.447085
10134,149,3.65000110626,0.193995140335,0.0,5.80557,0.00501345,5.36504,0.435511
10504,154,3.63000061035,0.209283439184,0.0,5.89582,0.00459029,5.44315,0.448081
10877,159,3.51000102997,0.188405883661,0.0,5.79532,0.00447131,5.21098,0.579861
11245,164,3.31000087738,0.18816078695,0.0,6.20954,0.00431191,5.7528,0.452422
11611,169,3.7500006485,0.214345592305,0.0,6.03672,0.00464498,5.62102,0.411056
11978,174,3.44000102997,0.183148986292,0.0,6.05621,0.0041345,5.5776,0.474479
12343,179,3.43000095367,0.193624146685,0.0,6.12723,0.00437576,5.61101,0.511841
12710,184,3.4300005722,0.197028177211,0.0,5.6888,0.00414762,5.36809,0.316567
13225,189,3.40000099182,0.184956672695,0.0,5.70461,0.00420764,5.21765,0.482746
13926,194,3.37000133514,0.198459626993,0.0,5.89814,0.00433056,5.53232,0.361489
14647,199,3.41000114441,0.194853901837,0.0,5.58278,0.00416567,5.25354,0.325068
15368,204,3.30000114441,0.188549053546,0.0,5.55824,0.00414214,5.17074,0.383367
16090,209,3.2000006485,0.181102653355,0.0,6.03968,0.00417284,5.64513,0.390383
16813,214,3.28000102997,0.181571410932,0.0,5.5414,0.00417426,5.17483,0.362401
17536,219,3.24000095367,0.188274089498,0.0,5.96478,0.00399487,5.58847,0.372318
18257,224,3.48000076294,0.195918509976,0.0,5.64744,0.00394779,5.26576,0.377732
18969,229,3.34000099182,0.198528047538,0.0,5.66258,0.0039584,5.28074,0.377885
19689,234,3.51000080109,0.195228528641,0.0,5.93578,0.00413803,5.49237,0.439268
20412,239,3.49000068665,0.204313356441,0.0,5.72015,0.0038319,5.38595,0.33036
20563,240,3.39000087738,0.197182563962,0.0,5.81206,0.00406312,5.38909,0.418916
20715,241,3.33000091553,0.187387045976,0.0,5.30206,0.00393464,4.92129,0.376829
20867,242,3.41000095367,0.194890237369,0.0,5.80911,0.00387321,5.41444,0.390797
21018,243,3.21000114441,0.182327026326,0.0,5.56276,0.00385067,5.09442,0.464483
21171,244,3.21000076294,0.193001156938,0.0,5.77023,0.00374644,5.17632,0.590168
21322,245,3.31000118256,0.18899060212,0.0,5.40392,0.00368328,5.04842,0.351813
21474,246,3.21000114441,0.180257354314,0.0,5.55343,0.00399205,5.0645,0.484943
21627,247,3.52000095367,0.206992528478,0.0,5.69096,0.00371828,5.23975,0.447489
21780,248,3.3500005722,0.193509595838,0.0,5.56784,0.00381365,5.23207,0.331952
21932,249,3.33000091553,0.189860585858,0.0,5.54363,0.00387843,5.36005,0.179709
