192,4,11.9500009537,0.434127792045,0.0,13.4098,0.0324682,13.2747,0.102588
388,9,9.01000099182,0.331369863041,0.0,11.1636,0.0227737,11.038,0.102772
584,14,5.98000076294,0.257092027236,0.0,10.1724,0.0210032,10.0533,0.0980811
780,19,4.9800006485,0.216379243098,0.0,9.86049,0.017397,9.73707,0.106019
976,24,4.64000061035,0.20104434425,0.0,9.5413,0.0172273,9.4391,0.0849775
1172,29,4.31000061035,0.181852656174,0.0,9.29088,0.0163172,9.2159,0.0586572
1368,34,3.84000106812,0.167810356282,0.0,8.63763,0.0148361,8.55303,0.0697575
1565,39,3.67000106812,0.161537580378,0.0,8.78962,0.0137222,8.6591,0.116794
1760,44,2.750001297,0.127978300359,0.0,8.78338,0.014142,8.68718,0.0820584
1958,49,2.79000087738,0.125531296283,0.0,8.47311,0.0120402,8.37298,0.0880916
2154,54,2.60000114441,0.12269365726,0.0,8.28392,0.0124283,8.16303,0.108455
2352,59,2.4600012207,0.113158829268,0.0,8.36915,0.0126094,8.27371,0.0828374
2547,64,2.53000114441,0.121328508053,0.0,8.21644,0.0147361,8.11274,0.0889609
2745,69,2.61000099182,0.117380266823,0.0,7.76475,0.0117564,7.68069,0.0723035
2941,74,2.46000087738,0.111529160421,0.0,8.47044,0.0119185,8.33747,0.121055
3137,79,2.64000102997,0.118061132021,0.0,8.10462,0.0119219,7.97781,0.114892
3333,84,2.47000110626,0.109145964878,0.0,7.89892,0.0112231,7.75178,0.135919
3530,89,2.44000106812,0.115730405618,0.0,7.7734,0.0120426,7.61148,0.149881
3726,94,2.48000095367,0.113593146037,0.0,7.57408,0.0112266,7.49196,0.0708887
3922,99,2.27000102997,0.108827394033,0.0,7.82416,0.0123526,7.73051,0.0812988
4120,104,2.50000102997,0.116886762455,0.0,7.87411,0.012131,7.75029,0.111685
4316,109,2.62000102997,0.118263233285,0.0,7.83246,0.0121788,7.69412,0.126159
4513,114,2.47000095367,0.112913683457,0.0,8.2867,0.0115143,8.18886,0.08632
4709,119,2.42000061035,0.10995525741,0.0,7.47635,0.0107865,7.40008,0.0654836
4906,124,2.44000091553,0.11235523033,0.0,7.89999,0.0107489,7.80275,0.0864902
5103,129,2.38000068665,0.111017971747,0.0,7.68989,0.0119627,7.59165,0.0862759
5301,134,2.45000125885,0.109337172322,0.0,8.17325,0.0115665,8.03032,0.131361
5498,139,2.4400005722,0.109505499899,0.0,7.53323,0.0111629,7.44881,0.0732587
5694,144,2.39000110626,0.116690618582,0.0,7.97988,0.0101826,7.83228,0.137418
5892,149,2.55000110626,0.119905870892,0.0,7.44505,0.0106032,7.33505,0.0993946
6089,154,2.35000148773,0.111288425149,0.0,7.77084,0.0104001,7.66619,0.0942504
6285,159,2.33000118256,0.108057510741,0.0,7.40484,0.00997213,7.25663,0.138239
6481,164,2.37000114441,0.109469787711,0.0,7.76238,0.0106535,7.64785,0.103875
6677,169,2.19000133514,0.105741322516,0.0,7.39042,0.00997072,7.28103,0.0994184
6872,174,2.3600006485,0.112709270688,0.0,7.75561,0.0105077,7.60368,0.141424
7066,179,2.37000102997,0.110043953671,0.0,7.53672,0.00975095,7.40568,0.121295
7263,184,2.39000102997,0.10857652491,0.0,7.2964,0.0110146,7.23489,0.050487
7457,189,2.31000095367,0.107586715659,0.0,7.87679,0.0100624,7.76798,0.0987432
7653,194,2.33000087738,0.107498874841,0.0,7.2447,0.0101225,7.07267,0.161911
7848,199,2.21000114441,0.10171980707,0.0,7.81172,0.0098528,7.66631,0.135555
8044,204,2.2800006485,0.109258943768,0.0,7.84941,0.00964629,7.73021,0.109556
8238,209,2.36000114441,0.105248774742,0.0,7.6757,0.0104266,7.53643,0.128848
8431,214,2.37000102997,0.110192964477,0.0,7.24429,0.00978947,7.12439,0.110116
8624,219,2.2300012207,0.107071516304,0.0,7.53891,0.00945454,7.4296,0.0998578
8816,224,2.45000118256,0.106343304561,0.0,7.84734,0.00935155,7.73795,0.100037
9008,229,2.30000099182,0.103956234772,0.0,7.34992,0.0102895,7.24984,0.0897911
9202,234,2.35000087738,0.104515359234,0.0,7.81582,0.00931294,7.71218,0.0943248
9390,239,2.3200006485,0.107320661023,0.0,7.40643,0.010505,7.30249,0.0934318
9431,240,2.36000095367,0.104771129908,0.0,7.55944,0.00932827,7.44686,0.103249
9469,241,2.22000118256,0.106583955488,0.0,7.58157,0.00944872,7.4182,0.153924
9509,242,2.37000053406,0.10680990546,0.0,7.7248,0.0100183,7.64596,0.0688165
9549,243,2.2200006485,0.105873205606,0.0,7.33448,0.0101489,7.19359,0.130742
9588,244,2.24000072479,0.103968619565,0.0,7.61765,0.00952714,7.489,0.119122
9628,245,2.25000068665,0.105371414712,0.0,7.40722,0.00970567,7.28237,0.115141
9668,246,2.23000080109,0.103898095898,0.0,7.23294,0.00866114,7.1375,0.0867851
9708,247,2.30000045776,0.109917046074,0.0,7.22635,0.00961996,7.09734,0.119385
9747,248,2.180001297,0.108540093657,0.0,7.78544,0.00957778,7.63651,0.139361
9787,249,2.27000076294,0.107137132809,0.0,7.42316,0.010208,7.29257,0.120379
