457,4,4.03000083923,0.193995100632,7.62939453125e-06,16.2199,0.045033,15.9426,0.232263
924,9,2.80000221252,0.135574987195,7.62939453125e-06,13.8426,0.0231942,13.5071,0.312257
1386,14,2.49000205994,0.121806150898,0.0,13.4684,0.0187774,13.1487,0.300935
1847,19,2.15000267029,0.105708679836,7.62939453125e-06,12.3988,0.0168249,12.1813,0.20071
2308,24,2.00000366211,0.104539669231,0.0,13.3039,0.0175314,13.0564,0.229998
2772,29,1.99000328064,0.0936567986012,0.0,11.5233,0.0122613,11.3918,0.11922
3234,34,1.96000305176,0.0962150201388,0.0,11.8857,0.0128429,11.686,0.186941
3702,39,2.03000297546,0.0925470876973,7.62939453125e-06,11.3816,0.0106227,11.2143,0.156694
4165,44,1.72000305176,0.0880422658939,0.0,11.1002,0.0108863,10.8922,0.197115
4635,49,1.81000358582,0.0854997949582,7.62939453125e-06,12.1041,0.0107072,11.9261,0.167366
5099,54,1.77000389099,0.0891770930123,0.0,12.0463,0.00957988,11.9341,0.102602
5563,59,1.71000328064,0.084142785836,7.62939453125e-06,11.4179,0.00950746,11.1838,0.224593
6031,64,1.6300038147,0.0807264947239,0.0,11.6767,0.00934086,11.5591,0.108234
6495,69,1.60000343323,0.0849617074989,7.62939453125e-06,11.554,0.0107605,11.1884,0.354863
6968,74,1.67000289917,0.0821320421994,7.62939453125e-06,11.08,0.00780341,10.8617,0.21043
7448,79,1.66000312805,0.0843564067502,7.62939453125e-06,11.3113,0.00815074,11.2344,0.0687645
7917,84,1.74000320435,0.0841655695159,0.0,11.092,0.00803093,10.7852,0.298828
8387,89,1.60000320435,0.080937353652,0.0,11.4431,0.00789618,11.2309,0.204327
8859,94,1.60000389099,0.0804890399799,7.62939453125e-06,11.1504,0.0076602,10.7806,0.362189
9334,99,1.5900038147,0.077232372053,0.0,10.6821,0.0072163,10.4774,0.197467
9804,104,1.74000312805,0.0813403851353,7.62939453125e-06,10.6535,0.00784156,10.4086,0.237103
10276,109,1.68000328064,0.0815585130174,0.0,11.3163,0.00692104,11.0966,0.212834
10744,114,1.63000289917,0.0764279385842,0.0,10.6945,0.00708476,10.4875,0.199916
11213,119,1.54000358582,0.0746650200244,0.0,9.99058,0.00720247,9.6689,0.314481
11674,124,1.54000389099,0.079490557611,0.0,11.0217,0.00766937,10.7925,0.221581
12138,129,1.69000320435,0.0807435040083,0.0,10.3546,0.00639341,10.1763,0.171884
12601,134,1.61000366211,0.0790367326327,0.0,10.8857,0.00731673,10.7739,0.104444
13065,139,1.66000366211,0.079724245118,7.62939453125e-06,10.7902,0.00697327,10.6715,0.111755
13530,144,1.58000320435,0.0783408759907,0.0,11.9729,0.0069274,11.7544,0.211556
13994,149,1.53000427246,0.0774539751001,7.62939453125e-06,10.8464,0.00663226,10.6962,0.143507
14455,154,1.47000320435,0.0801165294088,7.62939453125e-06,10.2219,0.00672928,10.0772,0.137961
14918,159,1.60000328064,0.0798962715734,0.0,11.2312,0.00610317,11.0572,0.167827
15396,164,1.58000350952,0.078424520418,0.0,11.1584,0.0063016,10.7886,0.363555
15861,169,1.52000289917,0.0724368144013,0.0,11.0437,0.00608469,10.7803,0.257351
16359,174,1.57000358582,0.0779810176417,0.0,10.7316,0.00621414,10.6248,0.100629
16829,179,1.55000358582,0.0782301821094,0.0,11.1507,0.00612655,10.9526,0.192037
17334,184,1.50000328064,0.0762612303905,0.0,10.8707,0.00612521,10.7321,0.132502
17863,189,1.57000343323,0.0794350586599,7.62939453125e-06,10.229,0.00597755,10.1503,0.0727176
18345,194,1.57000350952,0.083788421303,7.62939453125e-06,10.8742,0.00582559,10.6203,0.248061
18809,199,1.37000358582,0.0690399964992,0.0,10.8379,0.00631113,10.6168,0.214787
19273,204,1.5600037384,0.0762906044908,0.0,10.5679,0.00617259,10.3789,0.182827
19737,209,1.46000411987,0.0739163631387,7.62939453125e-06,11.0728,0.00570248,10.7273,0.339842
20261,214,1.44000396729,0.075367776067,7.62939453125e-06,11.2772,0.00576902,11.0268,0.244622
20758,219,1.47000404358,0.0783705461584,0.0,10.5938,0.00568158,10.4122,0.175934
21244,224,1.49000358582,0.0724696149305,0.0,10.5449,0.00540114,10.2508,0.288697
21691,229,1.50000343323,0.0734029638814,0.0,9.83097,0.00535573,9.71668,0.108937
22138,234,1.49000358582,0.0744360246463,0.0,10.3086,0.00491777,10.1264,0.177246
22582,239,1.45000389099,0.0743356552022,0.0,9.39404,0.00457498,9.23767,0.151787
22675,240,1.48000343323,0.0741579516139,7.62939453125e-06,9.9478,0.00461564,9.72535,0.217834
22768,241,1.43000297546,0.0721433415823,7.62939453125e-06,9.97268,0.0047038,9.81382,0.154161
22860,242,1.44000389099,0.0728798048943,0.0,10.0222,0.00475399,9.8613,0.15615
22953,243,1.51000450134,0.0729009014042,0.0,10.415,0.00468671,10.1783,0.232015
23046,244,1.4500037384,0.07105640247,7.62939453125e-06,9.75544,0.0046529,9.61895,0.131836
23139,245,1.49000358582,0.0741050571296,7.62939453125e-06,9.56993,0.00502496,9.36168,0.203221
23232,246,1.46000358582,0.0702484581061,0.0,10.5051,0.00459003,10.332,0.168531
23325,247,1.45000396729,0.0739262151578,7.62939453125e-06,10.0868,0.00460654,9.8005,0.281702
23418,248,1.48000404358,0.070450543249,7.62939453125e-06,9.86115,0.00449285,9.69092,0.165731
23511,249,1.48000328064,0.0764119203808,0.0,10.2818,0.00461139,10.0344,0.242793
