127,4,13.2800012207,0.462981904522,0.0,13.6221,0.00758696,13.6146,0.0
260,9,7.47000053406,0.261492445301,0.0,10.5543,0.00126716,10.5531,0.0
392,14,5.87000083923,0.222688243631,0.0,10.2054,0.0005874,10.2048,0.0
525,19,3.8200006485,0.152370224856,0.0,9.70545,0.000216677,9.70523,0.0
657,24,3.8000006485,0.165482376383,0.0,9.26287,7.55065e-05,9.2628,0.0
790,29,2.93000095367,0.137040990351,0.0,9.17742,4.29097e-05,9.17738,0.0
922,34,2.66000091553,0.13185216249,0.0,8.69896,2.10981e-05,8.69894,0.0
1054,39,3.18000110626,0.165018606003,0.0,8.61914,8.92151e-06,8.61914,0.0
1186,44,3.21000091553,0.166536387657,0.0,8.6131,1.14557e-05,8.61309,0.0
1319,49,2.610001297,0.123384786372,0.0,7.96974,8.04167e-06,7.96974,0.0
1453,54,2.81000041962,0.14541611354,0.0,8.42036,6.63023e-06,8.42035,0.0
1587,59,2.17000125885,0.130905310766,0.0,8.42169,1.67608e-06,8.42169,0.0
1720,64,2.2100006485,0.124602715658,0.0,8.71268,3.27585e-06,8.71268,0.0
1853,69,2.0000012207,0.116457838809,0.0,7.94225,1.56064e-05,7.94224,0.0
1987,74,2.33000110626,0.130239860943,0.0,8.1814,3.22338e-06,8.1814,0.0
2120,79,2.00000152588,0.110518880978,0.0,7.76102,3.0112e-06,7.76102,0.0
2254,84,2.40000095367,0.1490270185,0.0,7.96842,5.85781e-06,7.96841,0.0
2389,89,2.52000080109,0.151817558448,0.0,7.59148,2.3326e-05,7.59145,0.0
2523,94,2.19000133514,0.128167724355,0.0,7.73399,5.1687e-06,7.73398,0.0
2658,99,1.94000091553,0.11524924167,0.0,7.5676,9.91819e-07,7.5676,0.0
2794,104,1.82000099182,0.110667625214,0.0,7.4008,1.05381e-06,7.4008,0.0
2928,109,1.74000080109,0.1130131074,0.0,7.91925,2.72269e-06,7.91924,0.0
3064,114,1.80000087738,0.112871239777,0.0,7.71478,1.65461e-06,7.71478,0.0
3200,119,2.04000068665,0.120647841634,0.0,7.69843,1.01566e-06,7.69843,0.0
3336,124,1.65000095367,0.113584065283,0.0,7.67869,1.25646e-06,7.67869,0.0
3472,129,1.60000102997,0.105396735413,0.0,7.68579,4.03386e-06,7.68578,0.0
3610,134,1.76000087738,0.121932971761,0.0,7.34076,5.69819e-07,7.34076,0.0
3745,139,1.58000076294,0.107258489447,0.0,8.00894,1.24215e-06,8.00894,0.0
3881,144,1.71000083923,0.110232361591,0.0,7.69681,2.72507e-06,7.69681,0.0
4020,149,1.71000087738,0.110709638855,0.0,7.49076,6.79489e-07,7.49076,0.0
4156,154,2.0000012207,0.136625938664,0.0,7.01284,9.89432e-07,7.01284,0.0
4292,159,1.92000087738,0.133154264472,0.0,7.72938,6.58032e-07,7.72938,0.0
4429,164,1.67000102997,0.113912350322,0.0,7.34385,8.53531e-07,7.34385,0.0
4565,169,1.73000083923,0.115149197884,0.0,7.77417,2.50339e-07,7.77417,0.0
4701,174,1.8400012207,0.109766264566,0.0,7.81078,3.45707e-07,7.81078,0.0
4837,179,1.90000091553,0.118064009499,0.0,7.35682,6.3896e-07,7.35682,0.0
4974,184,1.77000099182,0.120151673653,0.0,7.62106,4.98294e-07,7.62106,0.0
5110,189,1.570001297,0.114355739793,0.0,7.17524,2.20052e-06,7.17524,0.0
5247,194,1.65000099182,0.109896156591,0.0,7.45036,1.07288e-07,7.45036,0.0
5382,199,1.73000110626,0.117839789318,0.0,7.4244,1.89783e-05,7.42438,0.0
5520,204,1.69000087738,0.112375765222,0.0,7.36934,1.90735e-07,7.36934,0.0
5656,209,1.66000076294,0.129321367428,0.0,7.13587,6.24653e-07,7.13587,0.0
5793,214,1.59000095367,0.115190038271,0.0,7.43293,1.20161e-06,7.43292,0.0
5930,219,1.76000125885,0.116933745025,0.0,7.46238,3.0756e-07,7.46238,0.0
6068,224,1.62000114441,0.109867015519,0.0,7.65801,9.51274e-07,7.658,0.0
6205,229,1.5800012207,0.113151562042,0.0,7.62563,1.07288e-07,7.62563,0.0
6342,234,1.63000102997,0.118921868406,0.0,7.16554,9.03596e-07,7.16554,0.0
6477,239,1.64000125885,0.119658981181,0.0,7.35101,3.74316e-07,7.35101,0.0
6508,240,1.61000095367,0.11749516694,0.0,7.33884,6.62799e-07,7.33884,0.0
6539,241,1.70000091553,0.128475151806,0.0,7.70528,3.62396e-07,7.70528,0.0
6571,242,1.76000080109,0.131731172583,0.0,7.49768,6.43728e-07,7.49768,0.0
6602,243,1.76000114441,0.117748481114,0.0,7.77387,1.66893e-07,7.77387,0.0
6633,244,1.82000099182,0.127706694625,0.0,6.88944,4.9114e-07,6.88944,0.0
6664,245,1.83000106812,0.116646190745,0.0,7.62908,5.17365e-07,7.62908,0.0
6696,246,1.660001297,0.105162070858,0.0,7.0571,5.79351e-07,7.0571,0.0
6727,247,1.60000106812,0.129722797423,0.0,7.22237,1.25643e-06,7.22237,0.0
6758,248,1.73000102997,0.119818673295,0.0,7.03662,8.82148e-08,7.03662,0.0
6790,249,1.63000118256,0.120697624499,0.0,7.14129,9.29832e-08,7.14129,0.0
