107,4,4.1899987793,0.207161186337,6.86645507813e-06,44.2656,0.0565224,44.2091,0.0
214,9,3.52999961853,0.157475070022,3.0517578125e-06,37.0392,0.0109749,37.0282,0.0
324,14,2.69000015259,0.11369090762,6.103515625e-06,33.5955,0.0132677,33.5822,0.0
432,19,2.48000083923,0.112626641076,5.34057617187e-06,32.3267,0.00411838,32.3226,0.0
543,24,2.60000083923,0.104660569085,4.57763671875e-06,30.3899,0.00202719,30.3879,0.0
651,29,2.58000083923,0.109484581626,6.103515625e-06,28.7444,0.0012214,28.7432,0.0
758,34,2.47000076294,0.103662618687,3.0517578125e-06,29.3388,0.000824275,29.338,0.0
861,39,2.31000106812,0.0937237281073,3.0517578125e-06,29.112,0.000773568,29.1112,0.0
965,44,2.12000137329,0.0965701038856,2.28881835937e-06,29.4606,0.000382242,29.4603,0.0
1066,49,2.220001297,0.0944333114661,2.28881835937e-06,28.5436,0.000525297,28.5431,0.0
1168,54,2.47000053406,0.0976675788779,3.0517578125e-06,28.3147,0.000297203,28.3144,0.0
1271,59,1.94000144958,0.0871858097077,5.34057617187e-06,27.5992,0.000210689,27.599,0.0
1370,64,2.20000114441,0.0936976502556,6.103515625e-06,29.3866,0.000174355,29.3865,0.0
1473,69,2.10000083923,0.0990193165839,1.52587890625e-06,29.8921,0.000149303,29.8919,0.0
1572,74,2.16000114441,0.104010431455,7.62939453125e-07,28.4065,0.00011975,28.4064,0.0
1674,79,2.05000091553,0.10085897479,2.28881835937e-06,27.7692,0.00012895,27.7691,0.0
1774,84,2.09000137329,0.089030801442,1.52587890625e-06,28.6718,9.57241e-05,28.6717,0.0
1875,89,1.94000114441,0.0955878200848,5.34057617187e-06,27.8595,8.40755e-05,27.8594,0.0
1975,94,2.0100012207,0.0956712196488,4.57763671875e-06,27.2179,0.000215076,27.2177,0.0
2077,99,2.01000091553,0.0951663767453,6.103515625e-06,27.3545,6.82717e-05,27.3544,0.0
2178,104,1.890001297,0.0906239053747,2.28881835937e-06,27.1394,0.000105516,27.1393,0.0
2280,109,1.98000106812,0.0966370119341,3.81469726562e-06,24.9165,9.4003e-05,24.9164,0.0
2380,114,1.88000091553,0.0938169483468,4.57763671875e-06,26.1917,0.00138097,26.1903,0.0
2482,119,1.81000160217,0.0895800396951,5.34057617187e-06,27.8538,6.78041e-05,27.8538,0.0
2581,124,1.72000106812,0.0812805260322,7.62939453125e-07,27.3093,8.61542e-05,27.3092,0.0
2683,129,1.91000106812,0.0974809329654,3.0517578125e-06,27.1362,4.91414e-05,27.1361,0.0
2782,134,1.83000091553,0.091455648694,5.34057617187e-06,27.7458,3.82776e-05,27.7457,0.0
2884,139,1.96000076294,0.0902777812118,2.28881835937e-06,25.8786,3.87653e-05,25.8786,0.0
2982,144,1.75000144958,0.0943439077493,6.103515625e-06,24.6107,4.32329e-05,24.6106,0.0
3084,149,2.03000114441,0.097390205604,4.57763671875e-06,26.8728,2.23816e-05,26.8727,0.0
3182,154,1.660001297,0.0872153949615,4.57763671875e-06,25.8997,3.23888e-05,25.8996,0.0
3284,159,1.820001297,0.0872621043155,7.62939453125e-07,25.5722,5.48742e-05,25.5721,0.0
3383,164,1.74000152588,0.0863777662278,3.81469726562e-06,26.3843,8.27505e-05,26.3842,0.0
3484,169,1.71000152588,0.0852117417462,6.103515625e-06,25.0246,1.53831e-05,25.0245,0.0
3583,174,1.95000175476,0.0910020537453,7.62939453125e-07,26.0327,5.0567e-05,26.0327,0.0
3684,179,1.59000167847,0.0749879215495,5.34057617187e-06,25.8911,2.52375e-05,25.8911,0.0
3783,184,1.76000175476,0.094491051198,5.34057617187e-06,25.1052,0.00010086,25.1051,0.0
3885,189,1.84000083923,0.0874674042832,6.86645507813e-06,24.9373,2.84939e-05,24.9373,0.0
3984,194,1.68000137329,0.087996519513,3.0517578125e-06,25.3552,2.83644e-05,25.3551,0.0
4086,199,1.7000012207,0.0891154240188,1.52587890625e-06,26.9367,5.52162e-05,26.9367,0.0
4187,204,1.72000167847,0.0800185644621,2.28881835937e-06,25.7987,2.15521e-05,25.7987,0.0
4288,209,1.610001297,0.0830623361422,6.103515625e-06,26.1487,2.20115e-05,26.1487,0.0
4390,214,1.68000221252,0.0866529635753,6.103515625e-06,25.5461,3.29317e-05,25.5461,0.0
4489,219,1.76000114441,0.0814291257708,7.62939453125e-07,25.9827,4.57821e-05,25.9827,0.0
4589,224,1.56000144958,0.0775403572735,6.103515625e-06,25.2985,2.48845e-05,25.2984,0.0
4687,229,1.72000099182,0.0847182319569,5.34057617187e-06,26.3106,2.74914e-05,26.3106,0.0
4788,234,1.90000160217,0.0924453918083,6.103515625e-06,25.2693,3.05988e-05,25.2692,0.0
4886,239,1.73000167847,0.0854629936628,6.103515625e-06,25.4734,1.73028e-05,25.4734,0.0
4909,240,1.58000076294,0.0881719364156,2.28881835937e-06,25.0548,2.04126e-05,25.0548,0.0
4932,241,1.66000137329,0.0799398727424,6.103515625e-06,25.905,0.000119918,25.9049,0.0
4955,242,1.5700012207,0.0853556076507,6.103515625e-06,26.242,2.10908e-05,26.242,0.0
4978,243,1.71000137329,0.0919250829911,6.86645507813e-06,25.1923,1.28134e-05,25.1923,0.0
5001,244,1.75000099182,0.0869811196596,3.0517578125e-06,26.1564,4.08924e-05,26.1563,0.0
5022,245,1.72000144958,0.0851259221206,3.81469726562e-06,25.9822,1.95755e-05,25.9822,0.0
5045,246,1.80000183105,0.0962659454101,6.86645507813e-06,26.0354,1.89247e-05,26.0354,0.0
5068,247,1.620001297,0.0811537920911,4.57763671875e-06,26.8914,1.77207e-05,26.8914,0.0
5091,248,1.53000160217,0.0821762466809,2.28881835937e-06,25.3952,0.000121052,25.3951,0.0
5114,249,1.50000190735,0.0721767114871,3.81469726562e-06,25.0154,5.68457e-05,25.0154,0.0
