47,4,5.12000038147,0.247219864801,0.0,39.8314,0.0208276,39.8106,2.93576,0.941266
101,9,4.04000022888,0.173718359433,0.0,30.649,0.00583002,30.6432,3.71202,0.971314
157,14,3.69000007629,0.164680356085,7.62939453125e-06,28.534,0.00251413,28.5315,4.1163,0.968912
213,19,3.34000083923,0.152625671299,0.0,26.9816,0.00101219,26.9806,4.71601,nan
269,24,3.1500012207,0.169621987157,7.62939453125e-06,25.8838,0.000371485,25.8834,4.67106,0.960734
315,29,2.9900012207,0.170958509091,7.62939453125e-06,25.4374,0.00025504,25.4372,5.12949,0.958313
360,34,3.04000137329,0.167019050196,7.62939453125e-06,24.9896,0.00028204,24.9893,5.14969,1.01408
405,39,2.86000106812,0.19566359174,0.0,25.9241,9.61442e-05,25.924,5.13401,nan
450,44,2.8200012207,0.192748877807,0.0,23.7255,4.40615e-05,23.7254,5.34068,nan
498,49,2.77000144958,0.219487818978,0.0,24.8333,3.97866e-05,24.8333,5.53444,nan
543,54,2.85000083923,0.211600874935,0.0,24.3505,5.50884e-05,24.3505,5.20396,nan
588,59,2.77000137329,0.214661751506,7.62939453125e-06,24.0381,2.95865e-05,24.038,5.66806,nan
634,64,2.72000236511,0.226487183405,0.0,23.9727,2.77991e-05,23.9727,6.06222,nan
680,69,2.7300012207,0.229484504643,0.0,23.1681,1.49464e-05,23.1681,6.40525,nan
724,74,2.49000213623,0.229065363339,0.0,23.9046,2.13706e-05,23.9046,6.3317,nan
769,79,2.71000167847,0.234391641303,7.62939453125e-06,23.2677,1.15412e-05,23.2677,6.51813,nan
817,84,2.61000114441,0.236325695394,7.62939453125e-06,22.8583,8.80199e-06,22.8583,6.6133,nan
865,89,2.72000190735,0.253737457314,7.62939453125e-06,22.3268,7.19278e-06,22.3267,6.55033,nan
913,94,2.46000183105,0.233436792914,0.0,22.9392,6.59445e-06,22.9392,6.23258,nan
961,99,2.62000213623,0.249852471839,0.0,22.6495,3.3271e-06,22.6495,6.47309,nan
1009,104,2.72000167847,0.260336610024,0.0,23.0963,5.81009e-06,23.0963,6.14982,nan
1056,109,2.76000221252,0.243055709903,7.62939453125e-06,22.8471,4.24738e-06,22.8471,5.76947,nan
1104,114,2.54000160217,0.2549568859,0.0,23.3462,5.43805e-06,23.3462,6.30262,nan
1152,119,2.62000137329,0.237883872544,0.0,23.0165,3.50827e-06,23.0165,7.1589,nan
1199,124,2.39000259399,0.263928636711,0.0,22.7941,1.12931e-05,22.7941,6.85333,nan
1247,129,2.52000244141,0.251727361397,7.62939453125e-06,22.0932,2.49503e-06,22.0931,6.82605,nan
1295,134,2.55000167847,0.282285865339,0.0,22.7121,1.75594e-06,22.7121,6.95928,nan
1343,139,2.47000205994,0.214236929921,0.0,22.8841,1.0991e-06,22.8841,7.12159,nan
1391,144,2.61000160217,0.28973082007,7.62939453125e-06,21.68,3.38768e-06,21.68,7.62715,nan
1438,149,2.56000167847,0.292154187205,0.0,23.4438,1.7905e-06,23.4438,7.31884,nan
1486,154,2.5700012207,0.274699174915,7.62939453125e-06,23.1902,2.36021e-06,23.1902,6.68403,nan
1533,159,2.51000175476,0.326981416655,0.0,21.9697,2.32214e-06,21.9697,7.84959,nan
1582,164,2.52000205994,0.278614073033,7.62939453125e-06,22.2089,1.13128e-06,22.2089,6.91939,nan
1629,169,2.45000205994,0.311780641633,0.0,22.0928,7.84395e-07,22.0928,7.73416,nan
1677,174,2.47000228882,0.311613629493,0.0,21.4674,9.91816e-07,21.4674,7.54474,nan
1725,179,2.45000244141,0.28144012175,7.62939453125e-06,22.0383,1.2052e-06,22.0383,7.97594,nan
1773,184,2.52000228882,0.302539039879,7.62939453125e-06,22.2731,6.55649e-07,22.2731,7.52488,nan
1820,189,2.43000198364,0.290291316674,0.0,21.321,2.01333e-06,21.321,7.51614,nan
1868,194,2.47000213623,0.299785121048,0.0,21.3513,4.80412e-07,21.3513,7.11289,nan
1917,199,2.44000190735,0.270881448343,7.62939453125e-06,22.6064,5.43594e-07,22.6064,7.44874,nan
1964,204,2.54000160217,0.332852990132,7.62939453125e-06,21.4305,2.23627e-06,21.4305,6.92345,nan
2012,209,2.41000244141,0.311752306463,7.62939453125e-06,20.9746,7.95112e-07,20.9746,8.4994,nan
2058,214,2.31000160217,0.284482100251,7.62939453125e-06,21.2163,1.14559e-06,21.2163,7.50859,nan
2105,219,2.47000213623,0.276826523542,0.0,20.8595,6.75911e-07,20.8595,7.79336,nan
2150,224,2.37000205994,0.260587701097,0.0,22.3351,4.82796e-07,22.3351,7.35853,nan
2196,229,2.38000213623,0.280687703613,7.62939453125e-06,21.825,4.01735e-07,21.825,6.86872,nan
2243,234,2.40000213623,0.315753065364,7.62939453125e-06,20.7185,4.68491e-07,20.7185,7.57741,nan
2290,239,2.36000175476,0.283803155493,0.0,20.6146,2.22921e-07,20.6146,6.45565,nan
2301,240,2.40000228882,0.294915674883,0.0,20.6685,3.33786e-07,20.6685,6.78682,nan
2313,241,2.37000183105,0.297822943922,0.0,21.7856,2.6226e-07,21.7856,7.68613,nan
2325,242,2.46000190735,0.301345131387,7.62939453125e-06,21.5984,6.56838e-07,21.5984,7.09638,nan
2337,243,2.36000198364,0.300226874778,7.62939453125e-06,20.9619,3.00407e-07,20.9619,7.60416,nan
2349,244,2.35000152588,0.296963597415,0.0,21.3478,2.83718e-07,21.3478,7.44417,nan
2360,245,2.41000175476,0.30388762299,7.62939453125e-06,21.3275,3.56435e-07,21.3275,7.51206,nan
2372,246,2.40000167847,0.289045107178,7.62939453125e-06,21.1093,1.90735e-07,21.1093,7.07557,nan
2384,247,2.41000259399,0.29123408657,0.0,20.6498,3.14712e-07,20.6498,7.54947,nan
2395,248,2.42000175476,0.315071812716,0.0,20.5029,3.06367e-07,20.5029,6.82908,nan
2407,249,2.40000144958,0.305794581264,7.62939453125e-06,20.9868,4.00542e-07,20.9868,6.65462,nan
