253,4,4.91000022888,0.20835218776,0.0,12.9512,0.0281445,12.8672,0.0558949
498,9,3.49000072479,0.153672849843,0.0,10.8357,0.0196152,10.7162,0.0998397
742,14,3.12000072479,0.13240922654,0.0,9.95485,0.0173275,9.8831,0.0544245
986,19,2.66000080109,0.116199346837,0.0,9.75062,0.0176308,9.69012,0.0428751
1230,24,2.87000068665,0.125311759133,0.0,9.43446,0.0160192,9.36043,0.0580136
1473,29,2.84000099182,0.116738251522,0.0,9.14023,0.0141497,9.05429,0.0717925
1699,34,2.3300012207,0.108098369027,0.0,9.409,0.0146144,9.29681,0.0975813
1922,39,2.41000091553,0.108371152738,0.0,8.65494,0.0131422,8.54296,0.0988296
2167,44,2.58000102997,0.112438615011,0.0,8.72723,0.0156101,8.65691,0.0547034
2392,49,2.1200006485,0.102150444454,0.0,8.58065,0.0142383,8.48466,0.081751
2619,54,2.43000110626,0.109348966237,0.0,8.69653,0.0121179,8.5441,0.140315
2871,59,2.39000106812,0.10803697085,0.0,8.45492,0.0120312,8.35499,0.0878908
3111,64,2.22000099182,0.103686440233,0.0,8.28127,0.0122576,8.17173,0.0972809
3338,69,2.350001297,0.109943034342,0.0,8.27287,0.0111772,8.17442,0.0872816
3566,74,2.37000091553,0.104702022783,0.0,8.46053,0.0120888,8.34118,0.107254
3800,79,2.25000106812,0.101901299302,0.0,8.42001,0.0113026,8.28534,0.123372
4044,84,2.20000068665,0.0990729783475,0.0,8.03998,0.0116433,7.8847,0.143632
4285,89,2.15000102997,0.0976668710168,0.0,7.95479,0.0108358,7.842,0.101957
4518,94,2.18000095367,0.100003067632,0.0,8.21161,0.0118947,8.04833,0.151386
4751,99,2.14000091553,0.102124666926,0.0,8.11012,0.0114686,7.9526,0.146056
4982,104,2.03000061035,0.0933898658585,0.0,8.11748,0.0108202,7.9942,0.112459
5225,109,2.07000091553,0.09538881029,0.0,7.71674,0.0107866,7.59985,0.1061
5463,114,2.15000106812,0.103123707939,0.0,7.81713,0.010586,7.65638,0.150162
5704,119,2.120001297,0.0948874206096,0.0,7.46967,0.010186,7.37673,0.0827519
5948,124,2.13000091553,0.0998693712009,0.0,7.9567,0.0101129,7.85565,0.0909413
6209,129,2.11000087738,0.099196872646,0.0,7.75113,0.0101905,7.6238,0.117141
6475,134,2.04000125885,0.093887568526,0.0,7.61953,0.00993515,7.53479,0.0747957
6782,139,2.10000114441,0.0919517332409,0.0,8.52834,0.00977308,8.45424,0.0643319
7117,144,1.98000106812,0.0912033924088,0.0,7.36353,0.0099747,7.26437,0.0891917
7455,149,1.97000110626,0.0892568789329,0.0,7.49794,0.00962831,7.39401,0.0942986
7784,154,1.93000087738,0.0947579884157,0.0,7.59865,0.00997686,7.5152,0.0734755
8125,159,1.93000110626,0.0877577016503,0.0,7.66554,0.0104307,7.56523,0.0898858
8453,164,1.99000095367,0.0930713459477,0.0,7.77209,0.0101529,7.69462,0.067319
8788,169,2.01000167847,0.091532240659,0.0,7.35828,0.0099185,7.27981,0.0685474
9124,174,2.08000091553,0.0943974215537,0.0,7.88229,0.00945702,7.80219,0.0706345
9457,179,2.10000102997,0.094553028415,0.0,7.85915,0.00874723,7.76657,0.0838299
9792,184,2.04000106812,0.0945250306558,0.0,7.61574,0.00995714,7.44686,0.158923
10124,189,2.07000144958,0.0953948977403,0.0,7.45123,0.00903919,7.34181,0.100381
10454,194,2.05000095367,0.0916582483985,0.0,7.88918,0.00894941,7.75682,0.123409
10781,199,2.00000114441,0.0887734538876,0.0,7.83784,0.00890795,7.73501,0.0939264
11110,204,2.0900012207,0.0895563181117,0.0,7.74976,0.00903845,7.57476,0.165957
11440,209,2.11000110626,0.0917346197274,0.0,7.46308,0.00890047,7.36624,0.0879407
11773,214,2.00000091553,0.0938189756963,0.0,7.39571,0.00878464,7.2594,0.127522
12100,219,2.07000080109,0.0934980720561,0.0,8.12146,0.00888021,8.01618,0.0964001
12433,224,2.11000080109,0.0945837671589,0.0,7.71069,0.00922119,7.56597,0.135501
12769,229,1.88000072479,0.0898958525434,0.0,7.1556,0.00934968,7.02975,0.116503
13103,234,2.02000099182,0.0949173177686,0.0,7.50449,0.00900457,7.3649,0.130581
13453,239,1.96000061035,0.0904024533136,0.0,6.99422,0.00920036,6.88517,0.0998572
13525,240,1.99000095367,0.0913692423655,0.0,7.69611,0.00908832,7.63079,0.0562269
13601,241,1.94000095367,0.090161663387,0.0,7.32618,0.00862879,7.20581,0.111741
13677,242,2.07000102997,0.0929344065255,0.0,7.25077,0.00876935,7.14234,0.0996594
13750,243,2.00000141144,0.0919923600741,0.0,7.11199,0.00866436,6.97211,0.131221
13825,244,2.00000118256,0.0913992101792,0.0,7.38497,0.00910513,7.27181,0.104062
13896,245,1.96000091553,0.0905572285969,0.0,8.05985,0.00961192,7.96763,0.0826122
13972,246,2.02000102997,0.0934577781148,0.0,7.43925,0.00916146,7.34641,0.0836832
14047,247,1.99000083923,0.0877077866625,0.0,7.33682,0.00912338,7.21929,0.108404
14120,248,1.95000118256,0.0899281294458,0.0,7.39973,0.00952327,7.30233,0.0878764
14194,249,1.98000125885,0.093711458263,0.0,7.65485,0.00974256,7.48601,0.159104
