168,4,6.03999862671,0.269202322364,0.0,18.1064,0.0213515,18.0851,0.0
343,9,3.61000083923,0.158133560941,7.62939453125e-06,14.1861,0.00601396,14.1801,0.0
514,14,2.810001297,0.117702373974,0.0,12.9252,0.00224839,12.923,0.0
687,19,2.77000137329,0.116378661497,0.0,12.009,0.000963957,12.008,0.0
858,24,2.33000198364,0.101682754913,7.62939453125e-06,11.5579,0.000435084,11.5574,0.0
1029,29,2.17000175476,0.0943428539927,7.62939453125e-06,11.666,0.000286769,11.6658,0.0
1199,34,2.09000213623,0.100427238147,0.0,11.2837,0.000110395,11.2836,0.0
1370,39,1.93000213623,0.0926688413695,0.0,11.0849,6.92527e-05,11.0849,0.0
1541,44,1.80000198364,0.0937177013699,7.62939453125e-06,11.3539,4.39823e-05,11.3538,0.0
1713,49,1.78000198364,0.0919505979924,7.62939453125e-06,10.6895,3.89218e-05,10.6895,0.0
1884,54,1.92000167847,0.0949575696688,0.0,10.1237,2.74182e-05,10.1237,0.0
2055,59,1.76000297546,0.0878861111868,0.0,11.048,2.01248e-05,11.048,0.0
2223,64,1.87000190735,0.109787863516,0.0,10.2481,1.27275e-05,10.2481,0.0
2393,69,1.56000190735,0.0869403793267,7.62939453125e-06,10.0093,6.16303e-06,10.0093,0.0
2560,74,1.62000221252,0.0847737677535,7.62939453125e-06,10.4821,8.21211e-06,10.4821,0.0
2729,79,1.55000335693,0.0855155443825,0.0,10.3967,1.0372e-05,10.3967,0.0
2896,84,1.54000267029,0.0812615483601,7.62939453125e-06,10.4304,2.89439e-06,10.4304,0.0
3064,89,1.63000221252,0.0888749726163,0.0,10.3611,9.47959e-06,10.3611,0.0
3231,94,1.44000198364,0.085333811969,0.0,10.2059,4.75508e-06,10.2059,0.0
3398,99,1.6400025177,0.0958862399682,0.0,10.0269,2.49742e-06,10.0269,0.0
3565,104,1.56000221252,0.0868934931955,0.0,10.0986,3.29369e-06,10.0986,0.0
3732,109,1.55000274658,0.0858975495514,0.0,9.50243,2.08257e-06,9.50243,0.0
3899,114,1.45000297546,0.0899477071906,7.62939453125e-06,9.57861,2.10998e-06,9.57861,0.0
4066,119,1.51000190735,0.0835356613866,7.62939453125e-06,10.1037,2.53076e-06,10.1037,0.0
4233,124,1.48000282288,0.0892413927271,0.0,9.79449,2.9086e-06,9.79449,0.0
4400,129,1.36000282288,0.0867706856644,0.0,9.46911,2.04443e-06,9.46911,0.0
4567,134,1.40000282288,0.0840312638901,7.62939453125e-06,9.32057,1.82866e-06,9.32056,0.0
4734,139,1.42000289917,0.0893527480133,7.62939453125e-06,9.50627,6.2949e-06,9.50626,0.0
4901,144,1.45000236511,0.0806003324286,7.62939453125e-06,9.43698,2.4848e-05,9.43695,0.0
5068,149,1.48000282288,0.0886958802922,0.0,10.3233,2.01461e-06,10.3233,0.0
5234,154,1.46000282288,0.0859150114062,7.62939453125e-06,9.44176,1.72732e-06,9.44176,0.0
5402,159,1.42000297546,0.0841899976227,7.62939453125e-06,9.65515,3.33511e-06,9.65514,0.0
5569,164,1.4800025177,0.0957828333345,0.0,9.44069,2.50208e-06,9.44069,0.0
5736,169,1.51000244141,0.0844220584602,7.62939453125e-06,9.34639,1.6117e-06,9.34639,0.0
5903,174,1.37000289917,0.0834899258049,7.62939453125e-06,9.54644,8.91683e-07,9.54644,0.0
6069,179,1.41000259399,0.081549171236,7.62939453125e-06,9.51754,2.38173e-06,9.51753,0.0
6238,184,1.35000358582,0.0865410917553,0.0,9.88172,2.55807e-06,9.88171,0.0
6405,189,1.4900025177,0.0974221932971,7.62939453125e-06,9.35958,2.67965e-06,9.35957,0.0
6572,194,1.37000320435,0.0842505450855,7.62939453125e-06,9.48797,1.34823e-06,9.48797,0.0
6741,199,1.43000213623,0.0937054361629,0.0,9.38598,1.28745e-06,9.38598,0.0
6907,204,1.40000305176,0.0908885751722,7.62939453125e-06,9.98176,7.54591e-07,9.98176,0.0
7075,209,1.44000228882,0.0872011998837,0.0,9.25923,4.93525e-07,9.25923,0.0
7241,214,1.40000305176,0.0796803932815,0.0,9.23033,1.23499e-06,9.23033,0.0
7408,219,1.34000267029,0.0908146095276,0.0,9.57047,4.67299e-07,9.57047,0.0
7576,224,1.3800025177,0.0875848666843,0.0,9.22259,1.19565e-06,9.22259,0.0
7744,229,1.34000244141,0.0921107424452,7.62939453125e-06,9.25942,4.74452e-07,9.25942,0.0
7912,234,1.36000267029,0.0935487198584,0.0,9.45095,3.20672e-07,9.45095,0.0
8079,239,1.4600025177,0.0916950385856,7.62939453125e-06,9.1085,4.47033e-07,9.1085,0.0
8118,240,1.3600025177,0.0908192801222,0.0,9.05396,2.57492e-07,9.05396,0.0
8157,241,1.41000297546,0.0862432057611,0.0,9.32358,3.43322e-07,9.32358,0.0
8196,242,1.43000259399,0.085355389785,0.0,9.45083,3.85045e-07,9.45083,0.0
8235,243,1.40000259399,0.0907932400217,7.62939453125e-06,9.14047,6.83064e-07,9.14047,0.0
8274,244,1.38000221252,0.0937258314587,0.0,9.36102,8.65455e-07,9.36102,0.0
8313,245,1.39000190735,0.0912691218135,7.62939453125e-06,9.18032,9.8703e-07,9.18032,0.0
8353,246,1.37000175476,0.089829189594,0.0,9.30603,4.673e-07,9.30603,0.0
8391,247,1.45000236511,0.0977609432218,0.0,9.25215,5.23327e-07,9.25215,0.0
8430,248,1.40000213623,0.0958694664149,0.0,9.29817,7.02135e-07,9.29817,0.0
8469,249,1.37000274658,0.0950058198592,0.0,9.15324,2.86101e-07,9.15324,0.0
