86,4,9.24999832153,0.36003189221,0.0,6.64127,0.0154884,6.62578,0.0
183,9,5.58999900818,0.204924224913,0.0,4.89338,0.0047138,4.88866,0.0
280,14,3.66000137329,0.146397890337,7.62939453125e-06,4.25926,0.0017446,4.25751,0.0
378,19,3.37000091553,0.135482411925,7.62939453125e-06,3.79842,0.000730436,3.79769,0.0
474,24,3.28000053406,0.129370901752,0.0,3.65873,0.00035266,3.65838,0.0
572,29,2.89000137329,0.119599708654,7.62939453125e-06,3.48299,0.00020963,3.48278,0.0
668,34,4.76999931335,0.26440408878,7.62939453125e-06,3.40496,0.000114972,3.40485,0.0
764,39,3.04000099182,0.125961430771,7.62939453125e-06,3.57403,9.614e-05,3.57394,0.0
861,44,3.18000137329,0.136666876329,7.62939453125e-06,3.28871,4.43518e-05,3.28867,0.0
955,49,2.92000106812,0.1205150662,7.62939453125e-06,3.41977,2.32422e-05,3.41975,0.0
1051,54,2.78000167847,0.119230622782,7.62939453125e-06,3.2759,1.64956e-05,3.27589,0.0
1147,59,2.57000183105,0.111493815724,7.62939453125e-06,3.1592,1.18814e-05,3.15918,0.0
1242,64,2.58000183105,0.111435085228,7.62939453125e-06,3.08171,1.62783e-05,3.08169,0.0
1337,69,2.69000183105,0.126739989808,0.0,3.09776,1.3283e-05,3.09774,0.0
1433,74,2.49000167847,0.115508580622,0.0,3.09155,9.35274e-06,3.09154,0.0
1528,79,2.30000213623,0.106058668231,0.0,3.02583,3.09704e-06,3.02582,0.0
1624,84,2.49000198364,0.108596214061,7.62939453125e-06,2.9897,6.58133e-06,2.98969,0.0
1719,89,2.27000305176,0.106529093655,7.62939453125e-06,2.99681,4.90896e-06,2.9968,0.0
1814,94,2.64000198364,0.115441307286,0.0,2.95515,1.98363e-06,2.95515,0.0
1911,99,2.34000175476,0.106112216758,7.62939453125e-06,3.15578,2.77278e-06,3.15578,0.0
2006,104,2.52000228882,0.113980101516,7.62939453125e-06,2.88344,2.20775e-06,2.88343,0.0
2101,109,2.40000244141,0.119257985514,0.0,2.94125,2.56655e-06,2.94125,0.0
