37,4,3.11000091553,0.14957215745,2.28881835937e-06,32.3273,0.0178852,32.3094,0.0
76,9,2.20000312805,0.0984080889262,6.103515625e-06,25.4593,0.00459945,25.4547,0.0
115,14,1.93000297546,0.100337830624,4.57763671875e-06,23.6597,0.00142935,23.6583,0.0
153,19,1.95000289917,0.0888426544983,0.0,21.8593,0.00063743,21.8587,0.0
191,24,1.89000221252,0.0958478547842,3.0517578125e-06,21.8865,0.000336429,21.8862,0.0
229,29,1.81000236511,0.0877933643246,4.57763671875e-06,21.0723,0.000215053,21.0721,0.0
267,34,1.42000366211,0.0768312305992,6.86645507813e-06,20.4434,0.000136586,20.4432,0.0
306,39,1.67000312805,0.0864219257492,3.81469726562e-06,20.8603,0.00011338,20.8602,0.0
344,44,1.56000343323,0.082920365287,1.52587890625e-06,19.2783,8.97725e-05,19.2782,0.0
382,49,1.50000305176,0.0833761286209,6.86645507813e-06,20.0805,5.45672e-05,20.0804,0.0
420,54,1.52000335693,0.0891075272078,3.0517578125e-06,20.2936,4.19832e-05,20.2935,0.0
458,59,1.5500037384,0.0815535506431,5.34057617187e-06,18.832,3.35376e-05,18.8319,0.0
496,64,1.50000328064,0.0790627664968,3.81469726562e-06,19.5648,1.45861e-05,19.5648,0.0
534,69,1.40000328064,0.0820110218739,3.0517578125e-06,19.8519,2.4429e-05,19.8519,0.0
572,74,1.4800037384,0.077577014733,3.81469726562e-06,18.6438,1.12172e-05,18.6438,0.0
610,79,1.3200038147,0.0737302980328,6.86645507813e-06,19.1592,1.81941e-05,19.1591,0.0
648,84,1.2600037384,0.0735767658363,5.34057617187e-06,18.8317,2.09201e-05,18.8317,0.0
686,89,1.46000358582,0.0879108332491,2.28881835937e-06,18.2549,7.53866e-06,18.2549,0.0
724,94,1.41000335693,0.0692282282014,4.57763671875e-06,18.4366,8.69735e-06,18.4366,0.0
762,99,1.39000305176,0.082418436046,3.0517578125e-06,18.3987,1.6658e-05,18.3987,0.0
801,104,1.29000328064,0.0705228327285,3.0517578125e-06,19.3294,5.93175e-06,19.3294,0.0
839,109,1.33000267029,0.0713768857984,5.34057617187e-06,18.3525,7.21651e-06,18.3525,0.0
877,114,1.33000404358,0.0786234850028,6.103515625e-06,17.7811,4.1985e-06,17.7811,0.0
915,119,1.28000366211,0.0730833608436,4.57763671875e-06,18.7729,1.03312e-05,18.7729,0.0
954,124,1.27000350952,0.0736995919679,0.0,18.5503,3.14948e-06,18.5502,0.0
991,129,1.22000389099,0.0706502289526,1.52587890625e-06,18.5577,6.84228e-06,18.5577,0.0
1030,134,1.27000320435,0.07525898211,4.57763671875e-06,17.9156,9.78404e-06,17.9156,0.0
1068,139,1.27000320435,0.0775101067794,2.28881835937e-06,18.1222,2.94801e-06,18.1222,0.0
1106,144,1.22000312805,0.0622252456169,2.28881835937e-06,18.1147,4.14957e-06,18.1147,0.0
1144,149,1.18000358582,0.069675544168,3.81469726562e-06,18.1892,7.58464e-06,18.1892,0.0
1182,154,1.17000328064,0.0734641409601,5.34057617187e-06,17.2827,6.41807e-06,17.2827,0.0
1220,159,1.17000450134,0.0622995500079,5.34057617187e-06,17.4299,4.24614e-06,17.4299,0.0
1258,164,1.27000419617,0.0767833182881,5.34057617187e-06,17.7726,3.16852e-06,17.7726,0.0
1295,169,1.23000343323,0.0697338763287,6.86645507813e-06,17.7485,3.53809e-06,17.7485,0.0
1333,174,1.23000358582,0.0677403731982,5.34057617187e-06,17.4714,0.000566442,17.4708,0.0
1371,179,1.2300038147,0.0658498160911,3.0517578125e-06,19.1175,4.50124e-06,19.1175,0.0
1409,184,1.17000404358,0.0659878162296,5.34057617187e-06,17.3303,1.45196e-06,17.3303,0.0
1447,189,1.24000350952,0.0715619025254,2.28881835937e-06,17.4732,2.85137e-06,17.4732,0.0
1485,194,1.22000389099,0.0716773013427,4.57763671875e-06,16.8796,2.40681e-06,16.8796,0.0
1523,199,1.21000411987,0.0695827124883,3.0517578125e-06,17.6495,2.04083e-06,17.6495,0.0
1561,204,1.10000358582,0.0629120186708,3.0517578125e-06,17.6939,1.23262e-06,17.6939,0.0
1599,209,1.20000411987,0.0674082969381,1.52587890625e-06,17.676,2.0277e-06,17.676,0.0
1636,214,1.10000320435,0.0639846305942,3.0517578125e-06,17.7479,1.74878e-06,17.7479,0.0
1674,219,1.12000366211,0.0673904400806,3.81469726562e-06,16.7655,8.67961e-06,16.7655,0.0
1712,224,1.2300037384,0.0739799692704,5.34057617187e-06,17.2322,4.95395e-06,17.2322,0.0
1750,229,1.0400038147,0.0689782909854,2.28881835937e-06,17.9752,8.54729e-07,17.9752,0.0
1788,234,1.13000419617,0.0663953718201,2.28881835937e-06,16.9453,9.93011e-07,16.9453,0.0
1826,239,1.0200037384,0.0698714905468,3.0517578125e-06,17.7501,7.40287e-07,17.7501,0.0
1834,240,1.14000366211,0.0713589268114,5.34057617187e-06,16.8052,4.6901e-06,16.8052,0.0
1843,241,1.1500037384,0.0732853332782,1.52587890625e-06,17.528,1.56521e-06,17.528,0.0
1851,242,1.11000427246,0.0667935195725,3.81469726562e-06,16.6469,3.50687e-06,16.6468,0.0
1860,243,1.18000350952,0.0761170900945,4.57763671875e-06,17.2673,1.08241e-06,17.2673,0.0
1868,244,1.18000320435,0.0673607336947,7.62939453125e-07,17.5621,1.50798e-06,17.5621,0.0
1876,245,1.21000411987,0.070184101039,3.0517578125e-06,16.9912,1.12771e-06,16.9912,0.0
1885,246,1.0800038147,0.0713383948838,6.103515625e-06,16.9967,8.6784e-07,16.9967,0.0
1893,247,1.02000404358,0.0674620364595,1.52587890625e-06,16.8552,1.26123e-06,16.8552,0.0
1902,248,1.0700038147,0.0727426593262,4.57763671875e-06,17.8498,2.64993e-06,17.8498,0.0
1910,249,1.0700038147,0.0654491257092,3.0517578125e-06,16.9855,2.31019e-06,16.9855,0.0
