206,4,4.55999839783,0.205206621662,0.0,18.0831,0.029992,17.9697,0.0833633
416,9,3.41000015259,0.146427098215,0.0,13.9395,0.018146,13.8391,0.0822419
630,14,2.76000061035,0.126544261239,7.62939453125e-06,13.0186,0.0155423,12.9012,0.101865
841,19,2.41000152588,0.112956087142,0.0,12.0469,0.0139252,11.9671,0.0658605
1056,24,2.5000012207,0.111415877678,0.0,11.5128,0.0132218,11.4378,0.0617581
1265,29,2.35000160217,0.107718226425,7.62939453125e-06,11.5828,0.0134792,11.4912,0.0781352
1480,34,2.20000152588,0.0965334660187,7.62939453125e-06,11.57,0.0117763,11.5097,0.0485648
1690,39,2.26000175476,0.105507614054,0.0,11.2253,0.0129352,11.1523,0.0601097
1904,44,2.11000183105,0.0962773662992,7.62939453125e-06,10.8108,0.0117243,10.7411,0.0579846
2114,49,2.20000183105,0.102690704577,7.62939453125e-06,11.0255,0.012383,10.9684,0.044737
2324,54,2.18000106812,0.0949101648293,7.62939453125e-06,10.721,0.0127842,10.6453,0.0629406
2538,59,2.07000152588,0.0920973179303,7.62939453125e-06,10.6443,0.0111608,10.5765,0.0566106
2748,64,2.09000160217,0.0933741064928,7.62939453125e-06,10.6987,0.0107492,10.651,0.0369913
2963,69,2.00000160217,0.0924595291354,0.0,10.7641,0.0100729,10.7027,0.0512882
3174,74,1.97000183105,0.0923566056602,7.62939453125e-06,10.3805,0.0104235,10.2893,0.0807787
3388,79,1.90000183105,0.0897891471907,0.0,10.2215,0.0114766,10.1485,0.0615047
3599,84,2.00000244141,0.0903052733839,0.0,10.0942,0.0112304,9.99942,0.083554
3812,89,1.96000205994,0.0916822205856,7.62939453125e-06,10.2278,0.0102953,10.0905,0.126969
4024,94,2.02000236511,0.0896740086563,0.0,10.0751,0.00989125,9.99546,0.0697761
4234,99,2.04000167847,0.0881542025879,7.62939453125e-06,10.5431,0.0103822,10.4736,0.0590748
4448,104,1.90000236511,0.0867757461406,7.62939453125e-06,9.75158,0.0100117,9.67667,0.0649021
4659,109,1.81000221252,0.0856355896778,7.62939453125e-06,10.1136,0.0108698,10.0434,0.0593287
4873,114,1.92000190735,0.0864929766394,0.0,9.973,0.0100372,9.89747,0.0654954
5084,119,1.92000160217,0.0904735210724,7.62939453125e-06,9.803,0.0105668,9.6986,0.0938286
5298,124,1.93000190735,0.089122673003,0.0,9.78964,0.009938,9.70878,0.0709187
5508,129,1.89000183105,0.0826721437275,0.0,9.66619,0.0106407,9.53306,0.122483
5722,134,1.9200025177,0.0870153228566,7.62939453125e-06,10.1088,0.0104215,9.97242,0.12599
5933,139,1.98000221252,0.0880378689058,0.0,10.0689,0.00993248,9.99075,0.0682529
6144,144,1.91000205994,0.0842027150095,7.62939453125e-06,9.55586,0.00993629,9.45135,0.0945711
6355,149,1.94000167847,0.0855521205999,7.62939453125e-06,9.54176,0.0104306,9.44121,0.0901143
6562,154,1.95000267029,0.0874425034598,0.0,9.44318,0.00975874,9.35514,0.0782742
6766,159,1.87000190735,0.0869586281851,0.0,9.5203,0.00992545,9.40554,0.104837
6976,164,1.96000221252,0.0835823139735,0.0,9.61553,0.00978332,9.53052,0.0752278
7188,169,1.91000213623,0.0877315962315,0.0,9.64334,0.00994149,9.5821,0.0513002
7396,174,1.85000244141,0.0837625361979,0.0,9.54099,0.0093568,9.47251,0.0591259
7607,179,1.97000228882,0.0893530162238,0.0,9.43871,0.00947282,9.35055,0.0786892
7815,184,1.85000259399,0.0878358674794,0.0,9.43134,0.0106767,9.35462,0.0660473
8023,189,1.82000205994,0.0839621928893,0.0,9.26091,0.0100779,9.1863,0.0645315
8229,194,1.94000183105,0.0855905414,7.62939453125e-06,9.44309,0.00995911,9.32687,0.106265
8431,199,1.78000137329,0.0825763522834,0.0,9.13971,0.00979417,9.03059,0.0993312
8638,204,1.85000213623,0.0875293883681,7.62939453125e-06,9.53611,0.00945779,9.42895,0.0976992
8835,209,1.81000205994,0.0828362168744,7.62939453125e-06,9.46839,0.00948962,9.37889,0.0800084
9014,214,1.86000190735,0.0851529559866,7.62939453125e-06,9.32174,0.00902999,9.24097,0.0717403
9229,219,2.02000160217,0.085886788629,7.62939453125e-06,9.43393,0.00889456,9.35228,0.0727576
9436,224,1.88000175476,0.0846299714595,0.0,9.29451,0.00987685,9.22391,0.0607219
9650,229,1.83000183105,0.0832448805496,7.62939453125e-06,9.48416,0.00886498,9.37049,0.104811
9859,234,1.84000221252,0.0839666210115,7.62939453125e-06,9.25047,0.00936248,9.17195,0.0691587
10070,239,1.8800025177,0.0843173735961,7.62939453125e-06,9.34451,0.00996778,9.23301,0.101531
10115,240,1.84000267029,0.0869657231495,0.0,9.28927,0.0097628,9.18699,0.0925175
10160,241,1.79000221252,0.0860292601772,7.62939453125e-06,9.47446,0.00976265,9.36935,0.0953461
10206,242,1.83000236511,0.0851769795641,0.0,9.25764,0.0100685,9.15047,0.0970965
10251,243,1.84000282288,0.0853111071326,0.0,9.46302,0.00935734,9.37282,0.0808395
10296,244,1.87000205994,0.0871121920832,0.0,9.36221,0.0103017,9.28751,0.0644024
10342,245,1.78000221252,0.0807160628587,0.0,9.57409,0.00940383,9.48549,0.0791986
10387,246,1.79000213623,0.0821694973111,0.0,9.17232,0.00941098,9.05947,0.10344
10429,247,1.81000228882,0.0861580042727,7.62939453125e-06,8.93047,0.00953326,8.82582,0.0951119
10474,248,1.84000183105,0.0825734969787,7.62939453125e-06,9.1461,0.00976156,9.0662,0.0701414
10520,249,1.87000167847,0.0811372479983,7.62939453125e-06,9.31911,0.00962911,9.24604,0.063439
