86,4,9.30000087738,0.378057628833,0.0,13.4846,0.00845668,13.4761,0.0
173,9,5.53000087738,0.221885737833,0.0,11.0297,0.00137377,11.0284,0.0
258,14,4.82000083923,0.181900877124,0.0,9.62259,0.000492454,9.6221,0.0
348,19,4.14000068665,0.190805910141,0.0,9.9415,0.000143618,9.94136,0.0
436,24,3.91000102997,0.16701302635,0.0,8.98937,6.0458e-05,8.98931,0.0
524,29,4.13000087738,0.216631281665,0.0,8.67525,4.19781e-05,8.67521,0.0
611,34,3.76000083923,0.180447176154,0.0,8.86251,3.78235e-05,8.86247,0.0
695,39,3.46000125885,0.191995716073,0.0,9.05968,1.3544e-05,9.05966,0.0
784,44,3.59000099182,0.184157074604,0.0,8.29664,1.48448e-05,8.29662,0.0
872,49,3.23000114441,0.166192399973,0.0,8.29082,1.56488e-05,8.29081,0.0
960,54,3.33000141144,0.187908605548,0.0,8.36809,1.24784e-05,8.36807,0.0
1045,59,3.08000114441,0.163085642216,0.0,8.19472,7.52428e-06,8.19472,0.0
1131,64,3.18000080109,0.192973280135,0.0,7.92358,3.15576e-05,7.92355,0.0
1220,69,3.25000125885,0.219311789417,0.0,8.21718,7.36433e-06,8.21718,0.0
1307,74,3.20000068665,0.206584210971,0.0,8.5436,2.30549e-06,8.5436,0.0
1396,79,3.06000102997,0.193602798952,0.0,8.15527,6.67778e-06,8.15526,0.0
1479,84,3.20000091553,0.212051486203,0.0,7.66964,7.01636e-06,7.66963,0.0
1565,89,3.21000053406,0.225409057882,0.0,7.93278,1.93356e-06,7.93278,0.0
1650,94,3.16000049591,0.215971159494,0.0,7.52819,3.47841e-06,7.52818,0.0
1737,99,2.95000068665,0.232409059073,0.0,7.55608,2.71075e-06,7.55607,0.0
1823,104,2.98000076294,0.196891840779,0.0,7.38063,2.34124e-06,7.38063,0.0
1907,109,2.86000083923,0.223651698039,0.0,7.44682,3.51881e-06,7.44682,0.0
1994,114,2.8600006485,0.212816919787,0.0,7.99995,1.78572e-06,7.99995,0.0
2079,119,2.90000102997,0.226844056094,0.0,7.64182,8.41614e-07,7.64182,0.0
2164,124,2.98000091553,0.215186293399,0.0,7.55555,1.53062e-06,7.55555,0.0
2248,129,2.96000080109,0.236398162327,0.0,7.5941,2.98023e-07,7.5941,0.0
2335,134,3.12000068665,0.211863576133,0.0,7.94498,7.55779e-07,7.94498,0.0
2421,139,2.82000106812,0.216458669417,0.0,7.38361,5.4027e-05,7.38356,0.0
2503,144,2.79000110626,0.209327085973,0.0,7.46674,4.95909e-07,7.46674,0.0
2588,149,2.9600006485,0.218397502518,0.0,7.41601,2.6226e-07,7.41601,0.0
2676,154,2.98000068665,0.263393453427,0.0,7.27013,6.00811e-07,7.27013,0.0
2762,159,2.87000076294,0.255125999808,0.0,7.93774,1.41139e-06,7.93774,0.0
2848,164,2.96000087738,0.244375517383,0.0,7.31658,4.19616e-07,7.31658,0.0
2933,169,2.78000072479,0.262984325375,0.0,7.41427,2.26015e-06,7.41427,0.0
3017,174,2.83000038147,0.208292000367,0.0,7.34938,4.19615e-07,7.34938,0.0
3104,179,2.9200012207,0.246740133257,0.0,7.36993,8.32402e-06,7.36993,0.0
3189,184,2.84000083923,0.240231261356,0.0,7.4941,6.81875e-07,7.4941,0.0
3276,189,2.84000083923,0.242852874067,0.0,7.52937,2.81333e-07,7.52937,0.0
3363,194,2.85000102997,0.276261775351,0.0,7.34826,8.58306e-08,7.34826,0.0
3447,199,2.97000061035,0.282493663169,0.0,7.76295,2.12192e-07,7.76295,0.0
3539,204,2.83000076294,0.236670798007,0.0,7.15032,9.53674e-08,7.15032,0.0
3633,209,2.88000076294,0.250870921629,0.0,7.47949,1.64504e-06,7.47949,0.0
3727,214,2.83000076294,0.261421934898,0.0,7.1901,1.16825e-07,7.1901,0.0
3820,219,2.90000045776,0.250372589377,0.0,7.10861,3.1948e-07,7.10861,0.0
3915,224,2.79000087738,0.2714284794,0.0,7.46086,1.0252e-07,7.46086,0.0
4009,229,2.72000083923,0.257763754646,0.0,7.24951,4.76837e-08,7.24951,0.0
4103,234,2.76000095367,0.239717701488,0.0,7.28318,2.47955e-07,7.28318,0.0
4197,239,2.77000083923,0.278598455155,0.0,7.32393,4.52995e-08,7.32393,0.0
4217,240,2.78000137329,0.26245594999,0.0,7.20816,1.43051e-08,7.20816,0.0
4238,241,2.95000076294,0.272016767239,0.0,8.095,2.9087e-07,8.095,0.0
4259,242,2.86000087738,0.251997172501,0.0,7.0007,6.19888e-08,7.0007,0.0
4279,243,2.68000114441,0.244605935004,0.0,7.56632,9.29831e-08,7.56632,0.0
4299,244,2.74000137329,0.251070761635,0.0,7.45392,2.98022e-07,7.45392,0.0
4319,245,2.86000087738,0.260269350755,0.0,7.43887,5.48363e-08,7.43887,0.0
4340,246,2.76000106812,0.253346689298,0.0,7.10095,5.48362e-08,7.10095,0.0
4359,247,2.80000087738,0.240144578037,0.0,6.95918,7.62939e-08,6.95918,0.0
4379,248,2.75000061035,0.231856000993,0.0,7.54714,5.43592e-07,7.54714,0.0
4400,249,2.75000091553,0.240507838777,0.0,7.09984,9.17892e-07,7.09984,0.0
