21,4,3.76999984741,0.200831615552,2.28881835937e-06,0.224775,0.0333947,0.0,0.191381
43,9,3.71999954224,0.157953777686,1.52587890625e-06,0.170843,0.0144897,0.0,0.156354
65,14,3.26,0.139312777948,7.62939453125e-07,0.150554,0.00871805,0.0,0.141835
87,19,2.63000030518,0.113853171002,7.62939453125e-07,0.0958809,0.0040341,0.0,0.0918468
108,24,2.57000083923,0.113831618894,3.0517578125e-06,0.116273,0.0027077,0.0,0.113566
130,29,2.76000083923,0.118540577628,3.81469726562e-06,0.10599,0.00146232,0.0,0.104528
152,34,2.54000083923,0.0987718202267,3.0517578125e-06,0.0689254,0.00282282,0.0,0.0661026
174,39,2.33000045776,0.108708389718,4.57763671875e-06,0.0509574,0.000726976,0.0,0.0502305
196,44,2.49000068665,0.108503140351,5.34057617187e-06,0.050689,0.000659269,0.0,0.0500297
218,49,2.11000114441,0.0880099427141,4.57763671875e-06,0.131577,0.000825582,0.0,0.130752
240,54,2.30000114441,0.104431730211,3.0517578125e-06,0.075195,0.000455174,0.0,0.0747398
262,59,2.08000137329,0.0966388981603,3.81469726562e-06,0.0785673,0.00100715,0.0,0.0775602
283,64,1.96000175476,0.0825189736206,3.0517578125e-06,0.0959261,0.00109164,0.0,0.0948345
305,69,2.2600012207,0.0942491083406,6.103515625e-06,0.0605179,0.000500235,0.0,0.0600176
327,74,2.01000076294,0.0828494023671,3.0517578125e-06,0.093363,0.000481619,0.0,0.0928814
349,79,2.03000160217,0.0881229363009,4.57763671875e-06,0.0556435,0.000384775,0.0,0.0552587
371,84,1.91000106812,0.0939452654496,4.57763671875e-06,0.0965951,0.00033525,0.0,0.0962599
393,89,1.81000160217,0.0767389625916,3.81469726562e-06,0.0346067,0.000281248,0.0,0.0343254
414,94,1.93000106812,0.0909537815326,1.52587890625e-06,0.0864402,0.000268306,0.0,0.0861719
436,99,1.94000099182,0.0910398194147,3.0517578125e-06,0.040881,0.000107638,0.0,0.0407733
458,104,1.95000137329,0.0854094151314,3.0517578125e-06,0.0836075,0.000728013,0.0,0.0828795
479,109,1.89000221252,0.0887268987438,5.34057617187e-06,0.0374585,0.000352056,0.0,0.0371065
501,114,2.11000221252,0.0876031351835,1.52587890625e-06,0.0565665,0.000142253,0.0,0.0564243
523,119,1.91000160217,0.0877398481686,1.52587890625e-06,0.0336182,0.000152296,0.0,0.0334659
544,124,1.71000160217,0.0816091468674,3.0517578125e-06,0.0266288,0.000177757,0.0,0.026451
566,129,1.98000137329,0.0798487111926,6.86645507813e-06,0.0477348,0.000136233,0.0,0.0475986
588,134,2.00000137329,0.0895967904804,6.103515625e-06,0.0389903,9.26441e-05,0.0,0.0388977
610,139,2.00000183105,0.0870828412194,7.62939453125e-07,0.0398705,0.000189553,0.0,0.0396809
631,144,1.76000137329,0.0808926597727,3.0517578125e-06,0.0594372,0.000206436,0.0,0.0592308
653,149,1.87000152588,0.0798374117771,1.52587890625e-06,0.0253682,0.000120298,0.0,0.0252479
675,154,1.92000144958,0.0789128420351,5.34057617187e-06,0.0528551,7.12956e-05,0.0,0.0527838
697,159,1.78000114441,0.0793176907813,5.34057617187e-06,0.054314,7.89374e-05,0.0,0.0542351
718,164,1.74000144958,0.0727885882021,3.81469726562e-06,0.042319,7.90864e-05,0.0,0.0422399
740,169,1.67000183105,0.0727072860324,3.0517578125e-06,0.0247969,0.000110091,0.0,0.0246868
762,174,1.77000160217,0.0799466377916,7.62939453125e-07,0.0548425,0.000451057,0.0,0.0543914
784,179,1.69000183105,0.0721714316751,3.81469726562e-06,0.0413143,0.000246899,0.0,0.0410674
805,184,1.73000183105,0.0794583441736,1.52587890625e-06,0.05092,6.56163e-05,0.0,0.0508544
827,189,1.83000152588,0.0763267883565,4.57763671875e-06,0.036291,0.000166439,0.0,0.0361246
849,194,1.57000228882,0.0772053848603,4.57763671875e-06,0.0292907,0.000134117,0.0,0.0291566
870,199,1.69000144958,0.0768121552281,3.81469726562e-06,0.0439294,5.23836e-05,0.0,0.043877
892,204,1.57000160217,0.0777272991498,1.52587890625e-06,0.0609418,5.95437e-05,0.0,0.0608823
914,209,1.66000190735,0.073518931102,0.0,0.0282251,0.000126505,0.0,0.0280986
935,214,1.630001297,0.0771991939656,5.34057617187e-06,0.0110491,4.90069e-05,0.0,0.0110001
957,219,1.72000114441,0.0787260309746,3.0517578125e-06,0.00649264,2.24804e-05,0.0,0.00647016
979,224,1.76000061035,0.0697767819744,3.81469726562e-06,0.00880435,9.70402e-05,0.0,0.00870731
1001,229,1.72000160217,0.0746656026156,3.0517578125e-06,0.02577,1.83372e-05,0.0,0.0257517
1022,234,1.75000205994,0.0816146043816,3.0517578125e-06,0.0214185,2.6869e-05,0.0,0.0213916
1044,239,1.7200012207,0.0785050072009,5.34057617187e-06,0.0295907,3.12221e-05,0.0,0.0295595
1049,240,1.66000190735,0.0761032053118,6.103515625e-06,0.0333173,1.28049e-05,0.0,0.0333044
1054,241,1.67000114441,0.0784919745044,4.57763671875e-06,0.0117058,1.52274e-05,0.0,0.0116905
1059,242,1.66000152588,0.0791782701091,6.103515625e-06,0.00587025,1.27585e-05,0.0,0.00585749
1064,243,1.59000190735,0.0756436716137,3.81469726562e-06,0.0226661,1.9409e-05,0.0,0.0226467
1069,244,1.52000190735,0.0811119434354,3.0517578125e-06,0.0417126,2.69738e-05,0.0,0.0416856
1074,245,1.54000244141,0.0723362942971,3.0517578125e-06,0.00767924,2.75389e-05,0.0,0.0076517
1079,246,1.64000144958,0.0760503763426,1.52587890625e-06,0.00879475,3.66018e-05,0.0,0.00875814
1084,247,1.54000228882,0.0755910622742,5.34057617187e-06,0.00643961,2.62356e-05,0.0,0.00641337
1088,248,1.5800012207,0.0806918101665,3.0517578125e-06,0.0298682,2.30054e-05,0.0,0.0298452
1093,249,1.62000160217,0.0745993706747,5.34057617187e-06,0.0153468,1.46908e-05,0.0,0.0153321
