54,4,9.70000076294,0.36514171958,0.0,17.3015,0.0190475,17.2824,0.0
110,9,5.59999542236,0.223058150709,7.62939453125e-06,14.1795,0.00550857,14.174,0.0
165,14,3.50000305176,0.173203406483,7.62939453125e-06,12.5613,0.00147394,12.5598,0.0
177,15,3.3,0.164953870326,7.62939453125e-06,12.7929,0.0022675,12.7906,0.0
189,16,3.00000152588,0.156476882473,7.62939453125e-06,12.3194,0.00141433,12.3179,0.0
201,17,3.00000076294,0.179810594954,7.62939453125e-06,12.8076,0.000798343,12.8068,0.0
213,18,3.20000152588,0.152176448889,7.62939453125e-06,12.029,0.000865065,12.0282,0.0
225,19,3.30000152588,0.157918623835,0.0,12.053,0.000630769,12.0524,0.0
237,20,2.8,0.151325282082,0.0,12.0054,0.000618728,12.0047,0.0
249,21,3.69999923706,0.185057491809,0.0,12.2139,0.000390071,12.2135,0.0
261,22,3.20000305176,0.158770295233,0.0,11.5601,0.000474846,11.5596,0.0
273,23,3.00000228882,0.136058468372,0.0,11.6822,0.000452168,11.6817,0.0
285,24,2.9000038147,0.152127579693,0.0,11.6963,0.000343954,11.6959,0.0
37,4,8.7,0.336239603162,0.0,17.419,0.0232335,17.3958,0.0
75,9,4.29999847412,0.194680954516,7.62939453125e-06,14.0677,0.00507262,14.0627,0.0
114,14,2.9,0.139456625283,0.0,12.5958,0.0018277,12.594,0.0
122,15,3.0,0.140535086393,7.62939453125e-06,12.7597,0.00178376,12.7579,0.0
131,16,3.10000305176,0.139871948212,7.62939453125e-06,12.4027,0.00103074,12.4016,0.0
139,17,3.00000152588,0.14370393157,0.0,12.75,0.000864475,12.7491,0.0
147,18,3.00000228882,0.13253881298,7.62939453125e-06,11.9918,0.0010518,11.9907,0.0
156,19,2.9,0.136777772754,7.62939453125e-06,12.0031,0.000614581,12.0025,0.0
164,20,3.20000152588,0.15112233758,0.0,12.0035,0.000698167,12.0028,0.0
173,21,2.30000152588,0.14292347692,7.62939453125e-06,12.2322,0.000415946,12.2318,0.0
181,22,2.60000152588,0.149463479966,7.62939453125e-06,11.4401,0.000491827,11.4396,0.0
190,23,2.80000152588,0.146158977225,7.62939453125e-06,11.7117,0.000462839,11.7113,0.0
198,24,2.90000152588,0.139787480794,7.62939453125e-06,11.6714,0.000350873,11.671,0.0
