75,4,3.13000099182,0.158597200587,6.103515625e-06,32.3139,0.0302186,32.2837,0.0
153,9,2.36000198364,0.119882380385,3.0517578125e-06,25.9827,0.00596942,25.9768,0.0
231,14,2.10000183105,0.0895400912501,2.28881835937e-06,24.9903,0.0017348,24.9886,0.0
308,19,2.17000228882,0.0962281035446,4.57763671875e-06,21.5115,0.00127722,21.5102,0.0
386,24,2.09000213623,0.0961831616051,1.52587890625e-06,21.0144,0.000958759,21.0134,0.0
464,29,2.00000198364,0.0950646099448,3.81469726562e-06,21.0374,0.000189797,21.0372,0.0
541,34,1.86000267029,0.0912759790587,7.62939453125e-07,20.6241,0.000185269,20.6239,0.0
618,39,1.85000259399,0.0915908805258,3.0517578125e-06,20.5042,0.000236167,20.504,0.0
695,44,1.73000183105,0.0896183451149,5.34057617187e-06,20.1552,0.00017767,20.1551,0.0
772,49,1.70000289917,0.0870048821601,4.57763671875e-06,20.0801,8.63484e-05,20.08,0.0
850,54,1.76000289917,0.0860567092407,3.81469726562e-06,19.0677,6.30596e-05,19.0676,0.0
928,59,1.62000228882,0.0829769801383,5.34057617187e-06,19.7104,3.98198e-05,19.7103,0.0
1002,64,1.50000228882,0.0727007757206,4.57763671875e-06,19.04,3.51799e-05,19.04,0.0
1080,69,1.45000305176,0.071793107508,3.81469726562e-06,18.8818,2.85147e-05,18.8818,0.0
1158,74,1.38000259399,0.0753538804792,3.0517578125e-06,19.6383,1.75525e-05,19.6383,0.0
1236,79,1.51000305176,0.0782035300913,1.52587890625e-06,18.37,4.46202e-05,18.37,0.0
1313,84,1.49000221252,0.0821171751921,3.81469726562e-06,18.4193,9.49223e-05,18.4192,0.0
1391,89,1.47000282288,0.0743708719872,3.81469726562e-06,18.7412,2.61435e-05,18.7411,0.0
1467,94,1.42000282288,0.0708223552351,3.81469726562e-06,18.6532,7.55537e-06,18.6532,0.0
1543,99,1.45000320435,0.0821182272591,1.52587890625e-06,18.3645,8.821e-06,18.3645,0.0
1620,104,1.35000312805,0.0748725350748,6.103515625e-06,17.7675,3.35007e-05,17.7675,0.0
1695,109,1.2800038147,0.0751872343743,7.62939453125e-07,17.3069,1.3383e-05,17.3069,0.0
1771,114,1.31000274658,0.0751496363203,4.57763671875e-06,17.8009,1.67179e-05,17.8009,0.0
1847,119,1.3700025177,0.0744835478152,7.62939453125e-07,17.771,1.84201e-05,17.7709,0.0
1923,124,1.29000259399,0.0744622735312,5.34057617187e-06,18.4925,9.96072e-06,18.4925,0.0
1998,129,1.41000259399,0.0701849609328,2.28881835937e-06,17.4724,2.54802e-05,17.4724,0.0
2072,134,1.35000297546,0.0722497271135,4.57763671875e-06,17.3138,9.6e-06,17.3138,0.0
2148,139,1.34000312805,0.073547261958,7.62939453125e-07,17.8756,2.89675e-06,17.8756,0.0
2224,144,1.3400025177,0.0775618304359,1.52587890625e-06,18.4964,1.03813e-05,18.4964,0.0
2299,149,1.27000305176,0.0741974266848,7.62939453125e-07,17.9134,2.80855e-06,17.9134,0.0
2375,154,1.26000312805,0.0750176841125,5.34057617187e-06,17.538,7.33294e-06,17.538,0.0
2450,159,1.19000297546,0.0710230531379,3.81469726562e-06,17.2987,1.2425e-05,17.2987,0.0
2526,164,1.39000320435,0.0772127962564,1.52587890625e-06,18.2669,3.87773e-06,18.2669,0.0
2601,169,1.3000037384,0.0692837766546,3.0517578125e-06,17.1257,5.8316e-06,17.1257,0.0
2673,174,1.24000221252,0.0698320134728,3.0517578125e-06,17.9783,6.17939e-06,17.9783,0.0
2749,179,1.29000259399,0.0807149814293,4.57763671875e-06,17.1754,2.12309e-06,17.1754,0.0
2825,184,1.31000228882,0.0714761933463,3.81469726562e-06,17.7925,2.3782e-06,17.7925,0.0
2901,189,1.28000320435,0.073202124142,4.57763671875e-06,17.0677,3.87303e-06,17.0677,0.0
2977,194,1.27000267029,0.0737013185595,7.62939453125e-07,17.4358,7.10073e-06,17.4358,0.0
3052,199,1.27000267029,0.0634014668072,2.28881835937e-06,17.4783,1.84177e-06,17.4783,0.0
3128,204,1.17000297546,0.0634572325334,3.0517578125e-06,16.7483,3.9278e-06,16.7483,0.0
3203,209,1.35000312805,0.0767782199408,2.28881835937e-06,17.56,2.58561e-06,17.56,0.0
3279,214,1.17000213623,0.0623510326633,0.0,17.2994,5.00255e-06,17.2994,0.0
3355,219,1.23000328064,0.0697647847461,3.81469726562e-06,17.3923,7.59555e-06,17.3923,0.0
3429,224,1.25000312805,0.0729841479144,2.28881835937e-06,18.0327,2.18389e-06,18.0327,0.0
3505,229,1.33000312805,0.0744471725108,3.81469726562e-06,17.0792,3.7394e-06,17.0792,0.0
3580,234,1.24000328064,0.0632419596394,3.81469726562e-06,18.2244,3.60721e-06,18.2244,0.0
3656,239,1.11000320435,0.0697357395747,2.28881835937e-06,17.1147,2.84784e-06,17.1147,0.0
3673,240,1.07000305176,0.0679433732957,3.81469726562e-06,17.3246,6.6464e-06,17.3246,0.0
3690,241,1.14000312805,0.0702285962013,1.52587890625e-06,16.9048,5.07432e-06,16.9048,0.0
3706,242,1.13000274658,0.0665284473491,3.0517578125e-06,17.6403,3.28887e-06,17.6403,0.0
3723,243,1.09000274658,0.0693569962255,7.62939453125e-07,17.3048,3.10292e-06,17.3048,0.0
3740,244,1.15000297546,0.0652190507387,6.103515625e-06,17.735,3.77879e-06,17.735,0.0
3757,245,1.18000305176,0.0700497680102,4.57763671875e-06,16.6601,4.80382e-06,16.6601,0.0
3773,246,1.15000312805,0.0731279423923,3.81469726562e-06,17.4285,1.56998e-06,17.4285,0.0
3790,247,1.18000267029,0.0713123546281,4.57763671875e-06,17.4366,4.50843e-06,17.4366,0.0
3807,248,1.22000343323,0.068188261083,3.81469726562e-06,17.2261,6.31425e-06,17.2261,0.0
3824,249,1.1100025177,0.0634128367057,4.57763671875e-06,16.7964,4.0887e-06,16.7963,0.0
