273,4,9.480001297,0.37871534355,0.0,13.1014,0.00594662,13.0954,0.0
557,9,5.95000095367,0.228025813699,0.0,10.6617,0.00182135,10.6599,0.0
839,14,5.88000087738,0.217376914546,0.0,9.5238,0.000686938,9.52311,0.0
1121,19,4.11000076294,0.164511324258,0.0,9.69419,0.000204408,9.69399,0.0
1403,24,3.61000072479,0.149659648964,0.0,9.01818,0.000118923,9.01806,0.0
1684,29,3.17000102997,0.128117272959,0.0,9.70502,2.99531e-05,9.70499,0.0
1968,34,3.8000006485,0.165355467367,0.0,8.99231,3.60069e-05,8.99228,0.0
2250,39,2.67000110626,0.131008727306,0.0,9.01961,2.03786e-05,9.01959,0.0
2532,44,2.63000083923,0.12205543265,0.0,8.51917,1.35034e-05,8.51916,0.0
2811,49,2.60000106812,0.138930477492,0.0,8.26296,5.73386e-06,8.26296,0.0
3087,54,2.500001297,0.122978048055,0.0,8.2137,4.58947e-06,8.2137,0.0
3362,59,2.66000083923,0.144156766055,0.0,8.13097,9.61736e-06,8.13096,0.0
3638,64,2.69000110626,0.134565584938,0.0,8.14337,3.54525e-06,8.14337,0.0
3912,69,2.14000068665,0.106424996847,0.0,7.98544,3.85754e-06,7.98543,0.0
4187,74,1.79000106812,0.0992150318327,0.0,7.94858,2.66073e-06,7.94858,0.0
4460,79,1.97000095367,0.10406723815,0.0,7.87153,2.52007e-06,7.87153,0.0
4734,84,1.84000087738,0.0976764576817,0.0,7.75198,4.99939e-06,7.75198,0.0
5007,89,1.81000102997,0.0901062409262,0.0,7.81002,2.40321e-06,7.81002,0.0
5280,94,2.08000080109,0.127658470613,0.0,8.09863,5.16396e-06,8.09863,0.0
5553,99,1.79000148773,0.101128640366,0.0,7.72019,1.51363e-05,7.72018,0.0
5827,104,1.59000102997,0.0914791359521,0.0,7.44271,2.00508e-06,7.44271,0.0
6101,109,1.81000106812,0.0935718092683,0.0,7.35315,3.19714e-06,7.35315,0.0
6374,114,1.77000068665,0.110103992835,0.0,7.75542,2.66785e-06,7.75541,0.0
6647,119,1.60000072479,0.092033952893,0.0,7.72088,1.5521e-06,7.72088,0.0
6921,124,1.44000080109,0.0912561071487,0.0,7.33687,1.06096e-06,7.33687,0.0
7195,129,1.52000102997,0.102359388054,0.0,7.49751,2.59157e-06,7.4975,0.0
7469,134,1.51000141144,0.0870653725799,0.0,7.53605,2.68692e-06,7.53604,0.0
7742,139,1.72000099182,0.0971429041446,0.0,7.66824,5.10214e-07,7.66824,0.0
8014,144,1.53000102997,0.0954012238654,0.0,7.82529,1.11103e-06,7.82529,0.0
8288,149,1.55000068665,0.0903280982614,0.0,7.99819,1.78814e-07,7.99819,0.0
8561,154,1.44000087738,0.0965025013338,0.0,7.94384,3.85512e-05,7.9438,0.0
8836,159,1.46000072479,0.0875770736098,0.0,7.53283,1.10989e-05,7.53282,0.0
9109,164,1.56000072479,0.091536744113,0.0,7.6519,9.70357e-07,7.6519,0.0
9382,169,1.50000102997,0.100180224231,0.0,7.56027,2.81334e-07,7.56027,0.0
9656,174,1.41000061035,0.0932476281825,0.0,7.1786,9.7036e-07,7.1786,0.0
9929,179,1.39000118256,0.0872020626357,0.0,7.62734,1.06095e-06,7.62734,0.0
10203,184,1.22000083923,0.0861896425919,0.0,7.33205,1.52347e-06,7.33204,0.0
10477,189,1.38000068665,0.0852422973461,0.0,7.44323,2.88486e-07,7.44323,0.0
10750,194,1.21000125885,0.079640058885,0.0,7.39084,2.0504e-07,7.39084,0.0
11024,199,1.32000087738,0.0909495312711,0.0,7.46623,3.43322e-07,7.46623,0.0
11297,204,1.41000083923,0.0867910750387,0.0,7.44461,2.64644e-07,7.44461,0.0
11572,209,1.31000091553,0.0845730367443,0.0,7.19234,1.23978e-07,7.19234,0.0
11846,214,1.51000091553,0.0956136497467,0.0,7.8502,2.6226e-07,7.8502,0.0
12119,219,1.43000106812,0.0982177265907,0.0,7.31564,3.69548e-07,7.31564,0.0
12391,224,1.36000049591,0.0923606481254,0.0,7.33699,4.00542e-07,7.33699,0.0
12664,229,1.48000076294,0.0938551990614,0.0,7.38137,1.23978e-07,7.38137,0.0
12937,234,1.42000110626,0.0901471108299,0.0,7.76339,2.02656e-07,7.76339,0.0
13210,239,1.32000083923,0.0833777537306,0.0,7.29402,3.09944e-08,7.29402,0.0
13273,240,1.1900006485,0.0848122131994,0.0,7.20198,1.37325e-06,7.20198,0.0
13336,241,1.32000141144,0.0892940226892,0.0,7.57111,3.33786e-08,7.57111,0.0
13399,242,1.39000099182,0.0901611019886,0.0,7.49675,4.76837e-08,7.49675,0.0
13462,243,1.34000099182,0.0918069130275,0.0,7.0336,7.41477e-07,7.0336,0.0
13525,244,1.46000106812,0.0961758459689,0.0,7.33748,1.88351e-07,7.33748,0.0
13588,245,1.35000091553,0.0848256430247,0.0,7.56188,7.22403e-07,7.56187,0.0
13651,246,1.30000080109,0.0909780614473,0.0,6.95846,8.82148e-08,6.95846,0.0
13714,247,1.39000118256,0.0926632053486,0.0,7.32111,1.32319e-06,7.3211,0.0
13777,248,1.33000091553,0.0915762991841,0.0,7.31116,7.62939e-08,7.31116,0.0
13840,249,1.25000106812,0.0778903020165,0.0,7.41959,1.5974e-07,7.41959,0.0
