79,4,9.48000118256,0.348513136916,0.0,13.4957,0.00772015,13.488,0.0
158,9,5.20000099182,0.214232453667,0.0,10.4049,0.00185047,10.4031,0.0
232,14,4.41000083923,0.194339870606,0.0,9.61225,0.000408501,9.61185,0.0
306,19,3.55000076294,0.153924184743,0.0,9.42104,0.000225158,9.42082,0.0
380,24,3.81000045776,0.170110612984,0.0,9.43905,8.19169e-05,9.43896,0.0
454,29,4.08000102997,0.198553864938,0.0,8.90565,2.80962e-05,8.90562,0.0
528,34,3.69000080109,0.196713275112,0.0,8.62757,2.33879e-05,8.62755,0.0
603,39,3.33000091553,0.190088494465,0.0,8.94114,1.13247e-05,8.94113,0.0
677,44,3.46000068665,0.228280705045,0.0,8.19528,1.22853e-05,8.19527,0.0
752,49,3.30000083923,0.2074598052,0.0,8.10551,4.74682e-06,8.1055,0.0
826,54,3.31000102997,0.201745448779,0.0,8.38369,1.17144e-05,8.38368,0.0
900,59,3.29000076294,0.205242843147,0.0,7.7191,1.87873e-06,7.71909,0.0
975,64,2.94000106812,0.171242622073,0.0,7.7514,2.01939e-06,7.7514,0.0
1048,69,3.28000083923,0.194091838774,0.0,8.00374,4.68717e-06,8.00374,0.0
1123,74,3.23000080109,0.190760568324,0.0,8.22847,1.90972e-06,8.22846,0.0
1198,79,2.6900005722,0.15703855486,0.0,7.94166,1.4758e-06,7.94165,0.0
1273,84,2.78000118256,0.158477965923,0.0,7.68002,5.90735e-06,7.68001,0.0
1347,89,2.68000083923,0.147985830845,0.0,7.7945,2.54866e-06,7.79449,0.0
1421,94,2.73000072479,0.165207356239,0.0,7.88426,1.99368e-05,7.88424,0.0
1495,99,2.68000091553,0.170667704902,0.0,7.73384,3.09224e-06,7.73384,0.0
1569,104,2.68000087738,0.164349624316,0.0,8.01945,1.72247e-05,8.01943,0.0
1643,109,2.82000095367,0.174365221341,0.0,7.75751,5.14956e-06,7.7575,0.0
1717,114,2.34000068665,0.13248381382,0.0,7.70592,2.32453e-06,7.70591,0.0
1789,119,2.61000087738,0.159838785632,0.0,7.69143,1.00612e-06,7.69142,0.0
1863,124,2.3700012207,0.148011679281,0.0,7.46299,6.24655e-07,7.46299,0.0
1936,129,2.34000087738,0.166134579237,0.0,7.42755,3.69548e-07,7.42755,0.0
2007,134,2.18000110626,0.145351174665,0.0,7.89721,3.88621e-07,7.89721,0.0
2079,139,2.17000072479,0.14611604073,0.0,7.50945,3.31401e-07,7.50945,0.0
2151,144,1.98000114441,0.132705852032,0.0,7.38436,6.91412e-07,7.38436,0.0
2222,149,2.06000072479,0.134883840046,0.0,7.36899,6.43728e-07,7.36899,0.0
2295,154,2.20000106812,0.148054240698,0.0,7.13068,3.3617e-07,7.13068,0.0
2367,159,2.14000099182,0.150129177362,0.0,8.6323,1.0085e-06,8.6323,0.0
2439,164,2.03000091553,0.143100106452,0.0,7.73996,4.69684e-07,7.73996,0.0
2512,169,1.87000083923,0.129177158849,0.0,7.27354,3.71932e-07,7.27353,0.0
2584,174,1.99000114441,0.131737443661,0.0,7.38838,1.64509e-07,7.38838,0.0
2655,179,2.14000106812,0.135134676819,0.0,7.46645,5.86506e-07,7.46645,0.0
2727,184,2.02000114441,0.140192893155,0.0,7.12197,1.40667e-07,7.12197,0.0
2799,189,1.82000061035,0.120155370632,0.0,8.30624,4.02926e-07,8.30624,0.0
2871,194,1.73000095367,0.126264233963,0.0,7.08018,9.53674e-08,7.08018,0.0
2944,199,1.71000118256,0.122540118627,0.0,7.33998,3.15893e-06,7.33997,0.0
3016,204,1.81000106812,0.122604351214,0.0,7.5826,5.6743e-07,7.5826,0.0
3088,209,1.79000091553,0.117601781627,0.0,8.05389,3.24248e-07,8.05389,0.0
3160,214,1.92000087738,0.137621509152,0.0,7.82961,6.05578e-07,7.82961,0.0
3232,219,1.77000114441,0.125787600262,0.0,7.77504,7.62939e-08,7.77504,0.0
3301,224,1.89000106812,0.140611509101,0.0,7.25654,3.8147e-08,7.25654,0.0
3370,229,1.850001297,0.132726763803,0.0,7.55485,1.36371e-06,7.55485,0.0
3439,234,1.86000106812,0.141517405868,0.0,7.3951,4.10079e-07,7.3951,0.0
3509,239,1.72000053406,0.120168628352,0.0,7.22599,7.70079e-07,7.22599,0.0
3524,240,1.6400012207,0.111575312538,0.0,7.64716,2.3365e-07,7.64716,0.0
3539,241,1.80000106812,0.129982608215,0.0,7.07055,1.7643e-07,7.07055,0.0
3553,242,1.74000080109,0.119811106275,0.0,7.53681,2.12192e-07,7.53681,0.0
3568,243,1.67000080109,0.119291173246,0.0,7.59135,5.00679e-08,7.59135,0.0
3584,244,1.81000102997,0.129476914902,0.0,7.71941,9.29832e-08,7.71941,0.0
3599,245,1.87000110626,0.122912212458,0.0,7.56842,6.19888e-08,7.56842,0.0
3613,246,1.73000091553,0.115018555208,0.0,7.50376,5.14979e-07,7.50376,0.0
3628,247,1.87000080109,0.129996573821,0.0,7.35899,4.52995e-08,7.35899,0.0
3643,248,1.68000106812,0.111442010603,0.0,7.44902,1.07288e-07,7.44902,0.0
3658,249,1.75000083923,0.114399882988,0.0,7.37867,5.72204e-08,7.37867,0.0
