78,4,3.22000083923,0.165694167688,1.52587890625e-06,32.442,0.0251598,32.4169,0.0
156,9,2.49000175476,0.111382148731,4.57763671875e-06,25.4768,0.00774246,25.4691,0.0
235,14,1.97000335693,0.0975548629835,3.0517578125e-06,23.633,0.0014462,23.6315,0.0
315,19,2.10000236511,0.0931986098224,4.57763671875e-06,22.2918,0.00148608,22.2903,0.0
394,24,1.9800025177,0.0925310423132,7.62939453125e-07,22.0766,0.00273514,22.0739,0.0
474,29,1.7500025177,0.0828923939122,3.0517578125e-06,21.0937,0.00179583,21.0919,0.0
553,34,1.79000320435,0.0858981448016,2.28881835937e-06,20.8687,0.000193221,20.8685,0.0
633,39,1.73000282288,0.0877929065132,3.0517578125e-06,20.7634,0.000146053,20.7632,0.0
712,44,1.48000328064,0.0775109128957,4.57763671875e-06,19.7057,0.000108271,19.7056,0.0
792,49,1.62000312805,0.0700952904267,3.0517578125e-06,20.6755,0.000162887,20.6754,0.0
872,54,1.55000411987,0.0880107351823,3.0517578125e-06,20.5371,2.74335e-05,20.537,0.0
951,59,1.47000389099,0.0792670974927,3.81469726562e-06,19.3522,1.83467e-05,19.3521,0.0
1030,64,1.46000305176,0.0764836228552,3.81469726562e-06,19.6055,6.49459e-05,19.6054,0.0
1110,69,1.52000305176,0.0756601269089,3.81469726562e-06,19.4268,1.85136e-05,19.4268,0.0
1191,74,1.31000259399,0.07634624689,3.81469726562e-06,18.6519,1.36836e-05,18.6519,0.0
1271,79,1.44000350952,0.0689934885665,3.0517578125e-06,19.4277,2.26041e-05,19.4277,0.0
1351,84,1.31000312805,0.0745424051228,3.81469726562e-06,18.8288,1.93253e-05,18.8288,0.0
1432,89,1.35000274658,0.0727867190941,6.103515625e-06,18.4024,6.60426e-05,18.4023,0.0
1512,94,1.41000312805,0.075699132093,5.34057617187e-06,18.1952,6.65895e-06,18.1952,0.0
1592,99,1.34000297546,0.0789343659475,3.81469726562e-06,18.5884,1.75962e-05,18.5884,0.0
1673,104,1.38000259399,0.0730927941517,3.0517578125e-06,19.7498,1.58091e-05,19.7498,0.0
1755,109,1.28000343323,0.0696200027256,3.0517578125e-06,18.5564,1.2402e-05,18.5564,0.0
1837,114,1.32000358582,0.0703385055493,3.0517578125e-06,18.3081,5.19866e-06,18.3081,0.0
1917,119,1.26000305176,0.0766343513728,3.0517578125e-06,19.2702,1.25306e-05,19.2702,0.0
1999,124,1.35000213623,0.0714817782761,3.0517578125e-06,18.0815,1.67608e-05,18.0815,0.0
2080,129,1.20000305176,0.0701187186854,3.81469726562e-06,18.4228,6.5098e-06,18.4228,0.0
2161,134,1.2400025177,0.0726372908991,3.0517578125e-06,17.9986,6.86392e-06,17.9986,0.0
2241,139,1.1600038147,0.0627578073199,3.81469726562e-06,18.1331,5.4346e-06,18.1331,0.0
2322,144,1.37000358582,0.0774547223588,3.81469726562e-06,17.9322,3.93028e-06,17.9322,0.0
2404,149,1.24000328064,0.0696473304639,3.0517578125e-06,17.7703,6.27487e-06,17.7703,0.0
2486,154,1.21000419617,0.0642665698836,1.52587890625e-06,17.3944,4.9173e-06,17.3944,0.0
2567,159,1.30000335693,0.0655999603652,6.103515625e-06,17.5997,9.718e-06,17.5997,0.0
2649,164,1.22000297546,0.0734723365832,2.28881835937e-06,17.7481,6.68597e-06,17.7481,0.0
2731,169,1.34000320435,0.0666807078914,1.52587890625e-06,17.7842,5.49783e-06,17.7842,0.0
2813,174,1.29000289917,0.0679031032941,6.103515625e-06,17.1265,4.28908e-06,17.1265,0.0
2895,179,1.21000350952,0.0738600430038,4.57763671875e-06,18.9656,4.49519e-06,18.9656,0.0
2977,184,1.20000343323,0.0693549359702,3.0517578125e-06,17.8255,5.33097e-05,17.8255,0.0
3059,189,1.2200038147,0.0711742895872,2.28881835937e-06,17.4113,1.77502e-06,17.4113,0.0
3142,194,1.14000297546,0.0680514359736,5.34057617187e-06,17.1364,2.13144e-06,17.1364,0.0
3223,199,1.17000350952,0.0640621518824,5.34057617187e-06,17.7779,2.5439e-06,17.7778,0.0
3304,204,1.13000289917,0.0599022081701,3.0517578125e-06,17.562,1.22987e-05,17.562,0.0
3386,209,1.19000305176,0.0679986238221,3.81469726562e-06,17.7185,5.33325e-06,17.7185,0.0
3468,214,1.19000320435,0.068375007795,2.28881835937e-06,17.3873,2.84551e-06,17.3873,0.0
3549,219,1.18000343323,0.0689316227938,1.52587890625e-06,17.0472,3.37351e-06,17.0472,0.0
3629,224,1.11000328064,0.0656471768013,3.81469726562e-06,17.1432,1.9884e-06,17.1432,0.0
3712,229,1.16000274658,0.0619581552346,6.103515625e-06,18.0858,6.73007e-06,18.0858,0.0
3793,234,1.05000320435,0.066130448128,3.81469726562e-06,16.9397,1.80122e-06,16.9397,0.0
3874,239,1.05000366211,0.0663650250359,2.28881835937e-06,17.6397,5.63825e-06,17.6397,0.0
3893,240,1.15000320435,0.0688824549409,4.57763671875e-06,17.0909,1.36256e-06,17.0909,0.0
3911,241,1.16000350952,0.0699412880057,2.28881835937e-06,17.5622,3.56541e-06,17.5622,0.0
3929,242,1.12000335693,0.0732690755493,4.57763671875e-06,16.5195,4.04223e-06,16.5195,0.0
3947,243,1.17000343323,0.0697637775811,2.28881835937e-06,16.4077,2.83713e-06,16.4077,0.0
3965,244,1.05000328064,0.0609499193457,3.81469726562e-06,18.069,1.64151e-06,18.069,0.0
3984,245,1.1200037384,0.0659314940275,3.81469726562e-06,16.6757,5.31039e-06,16.6757,0.0
4002,246,1.19000343323,0.0687361394406,2.28881835937e-06,16.9484,1.0061e-05,16.9484,0.0
4020,247,1.15000320435,0.0634157738937,5.34057617187e-06,16.9899,3.93959e-06,16.9899,0.0
4038,248,1.21000320435,0.0704636264476,1.52587890625e-06,17.9199,5.99948e-06,17.9199,0.0
4056,249,1.18000350952,0.0698594823707,3.81469726562e-06,17.3161,4.69425e-06,17.3161,0.0
