169,4,5.53999900818,0.258152453899,7.62939453125e-06,18.4083,0.0245387,18.3837,0.0
343,9,3.68000022888,0.154382638708,7.62939453125e-06,13.8945,0.0049282,13.8896,0.0
516,14,2.55000137329,0.11284003159,7.62939453125e-06,12.9424,0.00143857,12.941,0.0
689,19,2.53000114441,0.10372117375,0.0,12.0522,0.00117086,12.0511,0.0
862,24,2.15000213623,0.102332858089,7.62939453125e-06,11.5485,0.000334356,11.5481,0.0
1034,29,2.02000175476,0.0924028629251,0.0,11.0905,0.000160028,11.0903,0.0
1205,34,1.84000244141,0.087706273403,0.0,11.2004,0.000124173,11.2003,0.0
1379,39,1.80000282288,0.0896404732531,0.0,11.2769,7.92147e-05,11.2768,0.0
1552,44,1.80000236511,0.0873746740771,7.62939453125e-06,10.3837,4.37741e-05,10.3837,0.0
1725,49,1.93000183105,0.104583271514,7.62939453125e-06,10.8471,3.91182e-05,10.847,0.0
1892,54,1.79000175476,0.0861507995008,0.0,10.6945,1.77054e-05,10.6945,0.0
2055,59,1.64000274658,0.0940325931454,7.62939453125e-06,10.5703,9.7344e-06,10.5703,0.0
2219,64,1.6700025177,0.085917797694,0.0,10.5668,6.28939e-06,10.5668,0.0
2382,69,1.61000236511,0.0872604223853,7.62939453125e-06,10.0195,9.65572e-06,10.0195,0.0
2545,74,1.76000190735,0.0998050747172,7.62939453125e-06,10.1412,8.02369e-06,10.1412,0.0
2707,79,1.61000289917,0.0934154762657,0.0,10.0231,1.03254e-05,10.0231,0.0
2870,84,1.55000289917,0.0829923125982,0.0,9.70364,4.42018e-06,9.70363,0.0
3031,89,1.54000274658,0.0915619965491,0.0,9.73127,4.15556e-06,9.73127,0.0
3193,94,1.55000267029,0.0944960773399,0.0,9.83658,3.43435e-06,9.83658,0.0
3354,99,1.48000335693,0.0897591149362,7.62939453125e-06,9.74968,3.98392e-06,9.74968,0.0
3516,104,1.57000274658,0.0830168869311,7.62939453125e-06,9.86107,1.68561e-06,9.86107,0.0
3678,109,1.52000282288,0.0926306906584,0.0,9.87822,2.97182e-06,9.87822,0.0
3840,114,1.54000274658,0.0898242801413,7.62939453125e-06,9.7817,2.41278e-06,9.7817,0.0
4001,119,1.61000205994,0.0948629286676,0.0,9.96753,2.57366e-06,9.96753,0.0
4163,124,1.48000259399,0.0942850305117,7.62939453125e-06,9.6359,4.64905e-06,9.6359,0.0
4325,129,1.47000267029,0.0955350495025,7.62939453125e-06,9.39854,6.31269e-06,9.39853,0.0
4487,134,1.51000259399,0.100611231488,0.0,9.68457,1.06096e-06,9.68457,0.0
4648,139,1.35000282288,0.0868177303069,0.0,9.65844,2.89912e-06,9.65844,0.0
4809,144,1.37000312805,0.0840202254953,7.62939453125e-06,9.34847,2.13143e-06,9.34847,0.0
4971,149,1.39000236511,0.0878337517104,7.62939453125e-06,9.86399,3.01832e-06,9.86399,0.0
5133,154,1.33000274658,0.0920045386301,0.0,9.72556,1.62718e-06,9.72556,0.0
5294,159,1.39000274658,0.0801259486482,0.0,9.21889,1.11579e-06,9.21889,0.0
5455,164,1.5100025177,0.096233231271,7.62939453125e-06,9.69956,1.56295e-05,9.69955,0.0
5617,169,1.52000282288,0.104185584079,0.0,9.18527,7.43862e-07,9.18526,0.0
5778,174,1.37000320435,0.0894053327855,7.62939453125e-06,9.08315,3.62965e-06,9.08314,0.0
5940,179,1.42000297546,0.0901139260975,7.62939453125e-06,9.24577,8.98831e-07,9.24577,0.0
6102,184,1.35000267029,0.0900189311312,0.0,9.44853,1.51394e-06,9.44853,0.0
6264,189,1.54000167847,0.0963066716323,7.62939453125e-06,9.05293,1.39831e-06,9.05293,0.0
6427,194,1.44000267029,0.0977531141398,7.62939453125e-06,9.06413,7.74857e-07,9.06413,0.0
6590,199,1.37000297546,0.094965700038,7.62939453125e-06,9.43294,1.41262e-06,9.43294,0.0
6755,204,1.33000274658,0.0986605755809,7.62939453125e-06,8.97827,8.47574e-07,8.97827,0.0
6920,209,1.49000305176,0.101369254729,7.62939453125e-06,8.90017,7.45054e-07,8.90017,0.0
7088,214,1.39000274658,0.0882530433155,7.62939453125e-06,8.99364,6.55646e-07,8.99364,0.0
7254,219,1.36000289917,0.0935585799161,7.62939453125e-06,8.75328,2.32323e-06,8.75328,0.0
7420,224,1.4500025177,0.0977512006165,7.62939453125e-06,9.64963,4.86373e-07,9.64963,0.0
7586,229,1.40000236511,0.102641298267,0.0,9.1892,1.22066e-06,9.18919,0.0
7752,234,1.4700025177,0.0947263218165,7.62939453125e-06,9.188,1.83577e-06,9.188,0.0
7919,239,1.38000259399,0.097227093294,7.62939453125e-06,8.77747,4.33921e-07,8.77747,0.0
7959,240,1.39000297546,0.0938678525802,0.0,9.25187,3.86237e-07,9.25187,0.0
7997,241,1.32000312805,0.0887211127146,7.62939453125e-06,9.46938,2.36034e-07,9.46938,0.0
8036,242,1.59000259399,0.0965436297312,0.0,9.14813,2.0503e-06,9.14813,0.0
8075,243,1.40000259399,0.092666539304,0.0,9.21731,3.85045e-07,9.21731,0.0
8114,244,1.30000274658,0.0987072044444,7.62939453125e-06,9.09024,9.54861e-07,9.09024,0.0
8153,245,1.37000335693,0.0919896385458,0.0,9.12391,2.80141e-07,9.12391,0.0
8192,246,1.47000213623,0.0968663146565,7.62939453125e-06,9.12521,2.39958e-06,9.12521,0.0
8231,247,1.36000267029,0.0843760517579,0.0,9.12528,3.61203e-07,9.12528,0.0
8270,248,1.38000305176,0.0859035592306,0.0,9.06602,5.00956e-06,9.06601,0.0
8309,249,1.17000236511,0.0807648469029,0.0,9.17052,7.29557e-07,9.17052,0.0
