187,4,7.74000034332,0.321752330661,0.0,13.2512,0.00712071,13.244,0.0
381,9,4.90000061035,0.20087416999,0.0,11.0426,0.00150476,11.0411,0.0
569,14,4.07000061035,0.165786327468,0.0,10.0237,0.000486249,10.0233,0.0
764,19,3.94000076294,0.166074377447,0.0,9.64404,0.000163283,9.64387,0.0
958,24,3.57000099182,0.152220745636,0.0,9.39247,4.83008e-05,9.39242,0.0
1153,29,3.23000080109,0.131995383649,0.0,9.08508,5.77025e-05,9.08502,0.0
1347,34,2.83000068665,0.144451955934,0.0,8.47586,3.64837e-05,8.47582,0.0
1543,39,2.97000061035,0.151560942302,0.0,8.75614,1.78204e-05,8.75613,0.0
1737,44,2.15000125885,0.111337513894,0.0,8.57825,1.34486e-05,8.57824,0.0
1932,49,2.02000068665,0.108831020117,0.0,8.16325,2.13098e-05,8.16323,0.0
2127,54,1.96000091553,0.119721684405,0.0,8.1683,7.95326e-06,8.16829,0.0
2322,59,1.75000133514,0.111722685154,0.0,8.37578,5.56224e-06,8.37578,0.0
2516,64,2.130001297,0.121100960275,0.0,8.13184,3.43555e-06,8.13184,0.0
2711,69,1.86000095367,0.113796132102,0.0,7.7122,2.64404e-06,7.7122,0.0
2906,74,1.88000095367,0.109033903825,0.0,8.46261,1.91211e-06,8.4626,0.0
3098,79,1.80000080109,0.109696117242,0.0,8.06532,2.0286e-05,8.0653,0.0
3289,84,1.84000087738,0.102621012867,0.0,7.67422,3.70973e-06,7.67421,0.0
3480,89,1.58000087738,0.0995952617459,0.0,7.62697,3.57621e-06,7.62696,0.0
3673,94,1.77000106812,0.10730333941,0.0,7.43073,2.05039e-06,7.43073,0.0
3865,99,1.4900012207,0.0967361493083,0.0,7.71334,7.71466e-06,7.71333,0.0
4058,104,1.46000087738,0.101133868902,0.0,7.75118,1.79766e-06,7.75118,0.0
4249,109,1.39000087738,0.0995917380113,0.0,7.75113,9.34599e-07,7.75113,0.0
4442,114,1.65000114441,0.110832896702,0.0,8.39391,1.68081e-06,8.39391,0.0
4633,119,1.55000102997,0.0942829118312,0.0,7.32587,4.17232e-07,7.32587,0.0
4825,124,1.54000114441,0.102591764199,0.0,7.89135,1.93115e-06,7.89135,0.0
5017,129,1.56000091553,0.108114756315,0.0,7.63764,1.3232e-06,7.63763,0.0
5208,134,1.540001297,0.104773658437,0.0,8.04382,2.40553e-06,8.04381,0.0
5400,139,1.60000099182,0.102387376876,0.0,7.646,5.57898e-07,7.646,0.0
5590,144,1.47000053406,0.109528612263,0.0,7.84917,4.3869e-07,7.84917,0.0
5775,149,1.54000102997,0.103575692476,0.0,7.34814,1.02042e-06,7.34814,0.0
5968,154,1.56000144958,0.11655078793,0.0,7.61397,5.26903e-07,7.61396,0.0
6160,159,1.6400005722,0.1106759308,0.0,7.20716,2.05269e-06,7.20715,0.0
6353,164,1.45000114441,0.0943345397221,0.0,7.72292,3.33784e-07,7.72292,0.0
6545,169,1.46000114441,0.105986362357,0.0,7.38527,8.08563e-06,7.38526,0.0
6737,174,1.43000087738,0.0945561487272,0.0,7.62316,2.69412e-07,7.62315,0.0
6929,179,1.49000083923,0.112362013516,0.0,7.2809,2.71797e-07,7.2809,0.0
7122,184,1.46000110626,0.102412788739,0.0,7.2051,1.7643e-07,7.2051,0.0
7315,189,1.48000087738,0.110154850236,0.0,7.9006,7.15256e-08,7.9006,0.0
7507,194,1.42000087738,0.0960690122316,0.0,7.19252,1.43051e-07,7.19252,0.0
7699,199,1.45000099182,0.106458547663,0.0,7.83053,1.38283e-07,7.83053,0.0
7890,204,1.30000099182,0.0947762417667,0.0,7.54061,6.4373e-08,7.54061,0.0
8082,209,1.5200012207,0.1040519509,0.0,7.50808,1.64509e-07,7.50808,0.0
8274,214,1.46000076294,0.108995766284,0.0,7.06881,4.45839e-07,7.06881,0.0
8465,219,1.4100012207,0.108763579696,0.0,7.37412,1.16825e-07,7.37412,0.0
8656,224,1.58000118256,0.103889929516,0.0,7.72161,5.96043e-07,7.7216,0.0
8847,229,1.35000091553,0.118973076011,0.0,7.24077,4.00981e-06,7.24076,0.0
9038,234,1.41000106812,0.106786087483,0.0,7.44249,6.4373e-08,7.44249,0.0
9230,239,1.3400005722,0.102660930932,0.0,7.37281,2.02655e-07,7.37281,0.0
9274,240,1.61000068665,0.118042807896,0.0,7.33338,3.09944e-08,7.33338,0.0
9319,241,1.41000118256,0.107685876101,0.0,7.30625,1.35898e-07,7.30625,0.0
9364,242,1.48000076294,0.118097357814,0.0,7.58687,6.91414e-08,7.58687,0.0
9407,243,1.55000076294,0.121735172334,0.0,7.15896,8.79746e-07,7.15896,0.0
9450,244,1.50000095367,0.116962545456,0.0,7.51219,4.76837e-08,7.51219,0.0
9492,245,1.46000087738,0.110253248604,0.0,7.27617,1.12057e-07,7.27617,0.0
9535,246,1.41000080109,0.112440051218,0.0,7.00385,8.58306e-08,7.00385,0.0
9577,247,1.53000087738,0.120336258918,0.0,7.20994,2.71796e-07,7.20994,0.0
9620,248,1.36000106812,0.126471494631,0.0,7.51586,5.96046e-08,7.51586,0.0
9663,249,1.58000110626,0.123128850255,0.0,7.439,1.0252e-07,7.439,0.0
