61,4,8.84000072479,0.415070205331,0.0,26.7991,0.0164755,26.7827,0.0
125,9,5.53000076294,0.25388817329,0.0,21.3263,0.00773233,21.3186,0.0
183,14,3.90000080109,0.17007444066,0.0,19.2179,0.00274585,19.2152,0.0
248,19,3.6100006485,0.156662798985,0.0,18.8047,0.0011581,18.8035,0.0
312,24,3.04000083923,0.128113928256,0.0,18.2807,0.000431408,18.2803,0.0
377,29,3.33000114441,0.144176549556,0.0,16.933,0.000314721,16.9326,0.0
442,34,2.76000049591,0.117538180632,0.0,16.9709,0.000192982,16.9707,0.0
507,39,3.05000076294,0.118045821908,0.0,16.9505,0.000115015,16.9503,0.0
572,44,2.72000114441,0.115584613719,0.0,15.9235,3.73511e-05,15.9234,0.0
637,49,2.49000068665,0.110219970358,0.0,16.4251,4.2862e-05,16.425,0.0
702,54,2.40000118256,0.126898867019,0.0,15.6255,2.6849e-05,15.6255,0.0
767,59,2.61000095367,0.118417269264,0.0,15.3948,1.63907e-05,15.3948,0.0
832,64,2.50000080109,0.125154436947,0.0,15.0871,4.10117e-05,15.0871,0.0
896,69,2.36000114441,0.110891837226,0.0,15.1378,1.393e-05,15.1378,0.0
963,74,2.37000106812,0.122594358457,0.0,14.5816,3.26725e-05,14.5816,0.0
1028,79,2.12000110626,0.111631470319,0.0,15.1525,2.33129e-05,15.1524,0.0
1094,84,2.3600012207,0.118366806051,0.0,14.3427,1.50457e-05,14.3427,0.0
1160,89,2.29000102997,0.115136254112,0.0,14.7903,5.74583e-06,14.7903,0.0
1226,94,2.110001297,0.119187358438,0.0,14.4191,4.10792e-06,14.4191,0.0
1291,99,2.36000087738,0.119731181256,0.0,14.351,9.44826e-06,14.351,0.0
1357,104,2.3000012207,0.132536930517,0.0,13.746,4.23664e-06,13.746,0.0
1423,109,2.22000061035,0.113621327606,0.0,13.9855,5.16163e-06,13.9855,0.0
1490,114,2.03000087738,0.116015278935,0.0,14.6008,7.03794e-06,14.6008,0.0
1554,119,1.81000099182,0.106308940585,0.0,13.6228,6.61594e-06,13.6227,0.0
1619,124,1.99000080109,0.109008229809,0.0,13.8115,2.48429e-06,13.8115,0.0
1684,129,2.14000076294,0.116086875708,0.0,14.1778,2.84669e-06,14.1778,0.0
1748,134,1.99000083923,0.118182835686,0.0,13.8128,8.94238e-06,13.8128,0.0
1813,139,1.77000102997,0.105561655942,0.0,14.0158,1.70707e-06,14.0158,0.0
1877,144,1.90000106812,0.11089772095,0.0,14.5331,1.33514e-06,14.5331,0.0
1941,149,1.95000099182,0.111850388819,0.0,13.7285,4.27697e-06,13.7285,0.0
2005,154,1.95000118256,0.117646979238,0.0,13.2023,3.26143e-06,13.2023,0.0
2070,159,1.79000095367,0.110549548366,0.0,14.4173,5.88893e-07,14.4173,0.0
2134,164,1.87000087738,0.107729467178,0.0,13.4815,1.18493e-06,13.4815,0.0
2199,169,1.69000080109,0.106093793221,0.0,13.0184,1.02367e-05,13.0184,0.0
2264,174,1.71000091553,0.0963177767646,0.0,13.8157,1.50918e-06,13.8157,0.0
2328,179,1.68000095367,0.103231427058,0.0,13.6446,7.80776e-06,13.6446,0.0
2393,184,1.72000118256,0.113080866766,0.0,13.6869,1.40666e-06,13.6869,0.0
2458,189,1.60000072479,0.112085684879,0.0,13.5729,9.5844e-07,13.5729,0.0
2522,194,1.70000099182,0.107401172784,0.0,13.7117,2.00746e-06,13.7117,0.0
2586,199,1.880001297,0.118721297836,0.0,13.2296,9.17907e-07,13.2296,0.0
2651,204,1.73000091553,0.109815565941,0.0,13.1712,5.00678e-07,13.1712,0.0
2716,209,1.67000133514,0.0990358628167,0.0,14.0708,6.00814e-07,14.0708,0.0
2782,214,1.70000087738,0.115445682215,0.0,12.949,8.05849e-07,12.949,0.0
2847,219,1.65000068665,0.106568512598,0.0,13.2624,5.19752e-07,13.2624,0.0
2913,224,1.71000083923,0.109801577308,0.0,13.3969,1.1444e-06,13.3969,0.0
2977,229,1.58000099182,0.102776604674,0.0,12.8627,1.64746e-06,12.8627,0.0
3042,234,1.68000164032,0.113247374792,0.0,13.7648,2.61294e-06,13.7648,0.0
3106,239,1.63000125885,0.114074089607,0.0,13.222,1.0538e-06,13.222,0.0
3120,240,1.5900005722,0.120120640233,0.0,13.5174,9.2505e-07,13.5174,0.0
3135,241,1.76000148773,0.12442002197,0.0,13.3178,3.9339e-07,13.3178,0.0
3150,242,1.66000083923,0.114435338815,0.0,12.941,7.16012e-05,12.9409,0.0
3165,243,1.63000091553,0.115018281375,0.0,13.6068,7.58166e-07,13.6068,0.0
3180,244,1.67000114441,0.121070995675,0.0,12.9126,1.65938e-06,12.9126,0.0
3195,245,1.61000083923,0.110883363744,0.0,13.317,6.628e-07,13.317,0.0
3209,246,1.67000114441,0.112281854548,0.0,13.3794,3.67164e-07,13.3794,0.0
3224,247,1.71000091553,0.110837464302,0.0,13.8815,7.6532e-07,13.8815,0.0
3239,248,1.75000099182,0.12558986927,0.0,13.8357,4.26769e-07,13.8357,0.0
3254,249,1.61000110626,0.101657221112,0.0,13.8294,2.74181e-07,13.8294,0.0
