450,4,3.90000068665,0.19085745357,7.62939453125e-06,16.2795,0.0509143,16.0633,0.165258
897,9,2.81000152588,0.132630747557,0.0,13.9474,0.0234775,13.7493,0.174642
1340,14,2.60000213623,0.117747174781,7.62939453125e-06,12.5384,0.0184951,12.3433,0.176636
1782,19,2.50000244141,0.118037815839,0.0,13.0234,0.0169206,12.7251,0.28137
2223,24,2.29000236511,0.0998845673911,7.62939453125e-06,12.642,0.0132046,12.3771,0.251715
2664,29,2.13000236511,0.0991427647695,0.0,12.0914,0.0130274,11.8121,0.266244
3108,34,2.04000289917,0.0956423017196,0.0,12.4623,0.0107554,12.2425,0.208982
3550,39,1.97000244141,0.0917066960689,7.62939453125e-06,12.1751,0.0103533,12.0119,0.152882
3986,44,1.85000305176,0.0850985323451,0.0,12.6336,0.00965715,12.4209,0.202977
4427,49,1.83000289917,0.0852628360596,7.62939453125e-06,11.6523,0.00912394,11.3975,0.24567
4868,54,1.91000305176,0.0854888352752,7.62939453125e-06,11.555,0.00918773,11.3132,0.232616
5308,59,1.86000297546,0.0841837639175,0.0,11.333,0.00902896,11.174,0.150052
5748,64,1.81000335693,0.0813105090708,7.62939453125e-06,12.5704,0.00835503,12.4083,0.153722
6189,69,1.82000297546,0.0849316805787,7.62939453125e-06,11.199,0.00792534,11.0234,0.167681
6628,74,1.71000289917,0.0828893388435,7.62939453125e-06,10.7637,0.00780939,10.5511,0.204829
7067,79,1.80000297546,0.0844276607735,7.62939453125e-06,11.0239,0.00741582,10.8499,0.166556
7507,84,1.73000358582,0.0828697781544,0.0,10.9278,0.00756302,10.7535,0.166703
7947,89,1.80000282288,0.0829009880032,0.0,10.8331,0.00797166,10.7444,0.0806755
8387,94,1.69000267029,0.0812535908725,7.62939453125e-06,10.98,0.00700582,10.854,0.119028
8828,99,1.74000335693,0.0807112796791,0.0,11.3927,0.00672432,11.1504,0.235584
9268,104,1.66000328064,0.0794513855968,7.62939453125e-06,11.3804,0.00696993,11.1272,0.246258
9708,109,1.60000366211,0.0758403884713,7.62939453125e-06,11.2784,0.007308,10.981,0.290075
10148,114,1.73000343323,0.0790795302484,7.62939453125e-06,10.8831,0.00674302,10.752,0.124345
10588,119,1.71000297546,0.0802652984113,7.62939453125e-06,11.2557,0.00675476,11.0562,0.19265
11028,124,1.71000289917,0.0782849873416,0.0,11.231,0.00641515,11.0504,0.17413
11468,129,1.68000289917,0.079137759367,7.62939453125e-06,11.3201,0.00635065,11.1976,0.116132
11908,134,1.71000328064,0.0820532305352,0.0,10.6695,0.00634701,10.5857,0.0773863
12344,139,1.63000366211,0.0764627080783,7.62939453125e-06,10.9173,0.00616087,10.6372,0.273931
12778,144,1.61000350952,0.0757244517421,0.0,10.7546,0.00607266,10.6286,0.120015
13212,149,1.61000404358,0.0757221198268,0.0,10.8712,0.00619466,10.5964,0.268654
13642,154,1.68000320435,0.0784434427507,0.0,11.2371,0.00621889,10.9797,0.251193
14071,159,1.66000289917,0.0778501162026,0.0,11.2728,0.00577558,11.0963,0.170714
14499,164,1.55000328064,0.0742546463804,0.0,11.1052,0.00617487,10.7914,0.307575
14927,169,1.64000312805,0.0749871717393,7.62939453125e-06,10.5175,0.00598294,10.4023,0.109152
15355,174,1.66000366211,0.0774617799511,0.0,11.2224,0.00589117,10.8902,0.326332
15782,179,1.69000312805,0.0798515310138,0.0,10.8041,0.00557155,10.6592,0.139339
16211,184,1.6300037384,0.0756711020274,7.62939453125e-06,10.941,0.00586113,10.6463,0.288827
16640,189,1.5700037384,0.0741951121669,7.62939453125e-06,10.0303,0.00591221,9.89726,0.127093
17069,194,1.65000343323,0.0786083613615,7.62939453125e-06,10.1484,0.00575373,9.97559,0.167063
17498,199,1.65000328064,0.0797653650073,0.0,10.6035,0.00549714,10.3856,0.212412
17928,204,1.55000259399,0.0796052399185,7.62939453125e-06,10.7454,0.0055134,10.4122,0.327661
18357,209,1.5000037384,0.0726083441731,0.0,10.9285,0.00501388,10.7529,0.17057
18786,214,1.61000358582,0.0751449232455,7.62939453125e-06,10.2544,0.00531333,10.0769,0.172132
19216,219,1.58000274658,0.0701465642685,0.0,10.2622,0.00522688,10.0936,0.163434
19645,224,1.54000350952,0.0709458223497,0.0,10.6183,0.00482559,10.3666,0.246839
20074,229,1.56000259399,0.0714995878981,7.62939453125e-06,9.96935,0.00474149,9.7978,0.166808
20504,234,1.52000358582,0.071485121795,0.0,10.4453,0.0043432,10.2191,0.221848
20930,239,1.49000305176,0.0677942945901,7.62939453125e-06,10.1257,0.00434278,9.89625,0.22513
21015,240,1.52000328064,0.0764147249376,0.0,10.2005,0.00447191,10.0185,0.177547
21096,241,1.58000297546,0.0681670606229,0.0,9.98317,0.00440668,9.7876,0.191166
21176,242,1.56000282288,0.0733095526136,7.62939453125e-06,9.9845,0.00438546,9.78124,0.19888
21256,243,1.49000350952,0.0674567258963,7.62939453125e-06,10.0556,0.00426017,9.83434,0.217012
21336,244,1.56000343323,0.0752017794503,0.0,10.4638,0.00408685,10.3733,0.086423
21416,245,1.54000335693,0.0708564376412,7.62939453125e-06,9.99086,0.00417585,9.78233,0.204358
21496,246,1.51000434875,0.0685163068771,7.62939453125e-06,9.7259,0.00432083,9.52884,0.192733
21577,247,1.50000335693,0.0718546593562,0.0,9.64375,0.00428459,9.51699,0.122476
21657,248,1.48000305176,0.0696234853799,0.0,10.1828,0.00421689,10.0077,0.170902
21737,249,1.55000343323,0.0718498884514,0.0,10.374,0.00415082,10.0944,0.275412
