151,4,9.93000061035,0.426727043614,0.0,9.24256,0.0220409,9.22052,0.0
313,9,5.69000087738,0.235544692613,0.0,7.75348,0.00546913,7.74801,0.0
473,14,3.96000049591,0.165791697362,0.0,6.73372,0.00222566,6.7315,0.0
631,19,3.34000053406,0.151584400632,0.0,6.51726,0.000732038,6.51653,0.0
790,24,2.73000114441,0.129255644483,0.0,6.06918,0.000346756,6.06883,0.0
948,29,3.02000080109,0.180118355204,0.0,6.01135,0.000174808,6.01118,0.0
1107,34,2.69000053406,0.134799659661,0.0,5.85835,9.35825e-05,5.85826,0.0
1266,39,2.67000099182,0.12635921155,0.0,6.17021,6.79572e-05,6.17014,0.0
1425,44,2.33000083923,0.120676392237,0.0,5.63717,2.32854e-05,5.63715,0.0
1582,49,2.19000083923,0.115807297367,0.0,5.67325,2.12253e-05,5.67323,0.0
1738,54,2.23000091553,0.12755972204,0.0,5.60168,2.00299e-05,5.60166,0.0
1894,59,2.2200006485,0.114988814305,0.0,5.52028,8.48045e-06,5.52027,0.0
2051,64,2.41000083923,0.153216033094,0.0,5.56049,3.09028e-05,5.56046,0.0
2208,69,2.19000102997,0.118369327366,0.0,5.44131,8.44454e-06,5.4413,0.0
2362,74,2.26000076294,0.121218932543,0.0,5.3899,1.55593e-05,5.38989,0.0
2516,79,2.00000095367,0.106906199292,0.0,5.65448,3.65493e-06,5.65447,0.0
2671,84,2.01000083923,0.12322963733,0.0,5.58012,1.02491e-05,5.58011,0.0
2829,89,1.80000102997,0.110244377009,0.0,5.10273,1.48931e-05,5.10271,0.0
2997,94,1.81000076294,0.11383831636,0.0,5.02694,3.65969e-06,5.02693,0.0
3156,99,1.96000080109,0.132791769498,0.0,5.29672,2.17437e-06,5.29671,0.0
3315,104,1.96000106812,0.117518889688,0.0,5.15533,5.19982e-06,5.15532,0.0
3470,109,1.80000068665,0.109882450239,0.0,5.08439,3.04459e-06,5.08439,0.0
3624,114,1.66000076294,0.106651215569,0.0,4.96005,2.75849e-06,4.96005,0.0
3780,119,1.7700005722,0.111851957705,0.0,5.08857,1.64985e-06,5.08857,0.0
3935,124,1.55000068665,0.110805422681,0.0,5.01861,1.46865e-06,5.01861,0.0
4090,129,1.65000080109,0.10910885344,0.0,5.11596,8.99953e-06,5.11595,0.0
4247,134,1.65000091553,0.109926736145,0.0,4.97178,1.85012e-06,4.97178,0.0
4405,139,1.70000083923,0.118839447039,0.0,4.95682,7.51149e-06,4.95682,0.0
4560,144,1.71000087738,0.114869722617,0.0,4.86144,2.16482e-06,4.86144,0.0
4723,149,1.80000080109,0.13220118838,0.0,4.8707,3.34256e-06,4.87069,0.0
4878,154,1.44000099182,0.102157869123,0.0,4.75175,2.33886e-06,4.75175,0.0
5033,159,1.88000091553,0.122120412847,0.0,4.89821,8.44897e-06,4.8982,0.0
5188,164,1.63000087738,0.115420431739,0.0,4.86469,3.38779e-06,4.86469,0.0
5348,169,1.6600006485,0.10541653468,0.0,5.05271,1.02043e-06,5.05271,0.0
5506,174,1.64000118256,0.117365657856,0.0,4.75884,1.80739e-05,4.75882,0.0
5662,179,1.60000080109,0.114127839053,0.0,4.79908,4.21502e-06,4.79908,0.0
5817,184,1.55000110626,0.106183462135,0.0,4.66466,3.2925e-06,4.66465,0.0
5983,189,1.67000080109,0.119176551805,0.0,5.12712,9.77514e-07,5.12712,0.0
6139,194,1.58000102997,0.11161904495,0.0,4.95063,1.0395e-06,4.95063,0.0
6304,199,1.50000076294,0.100518735728,0.0,4.89775,1.18732e-06,4.89775,0.0
6459,204,1.74000095367,0.126454142961,0.0,4.95112,1.18017e-06,4.95111,0.0
6614,209,1.58000068665,0.105115407547,0.0,4.81029,7.55785e-07,4.81029,0.0
6768,214,1.62000087738,0.11217120761,0.0,4.8411,8.05852e-07,4.8411,0.0
6923,219,1.4500006485,0.106874005459,0.0,4.64282,5.31672e-07,4.64282,0.0
7078,224,1.64000083923,0.100931170255,0.0,4.94712,3.7096e-06,4.94712,0.0
7234,229,1.76000091553,0.123646262695,0.0,4.96161,1.48057e-06,4.96161,0.0
7388,234,1.50000102997,0.1128287995,0.0,4.76347,1.12533e-06,4.76347,0.0
7542,239,1.68000076294,0.124817109022,0.0,4.76454,6.77106e-07,4.76454,0.0
7579,240,1.52000102997,0.115928737194,0.0,4.87686,7.081e-07,4.87686,0.0
7617,241,1.61000087738,0.111904108454,0.0,5.02074,1.00878e-05,5.02073,0.0
7655,242,1.66000095367,0.116350343476,0.0,4.7408,1.90733e-06,4.74079,0.0
7694,243,1.48000110626,0.104466086475,0.0,4.68131,5.69818e-07,4.68131,0.0
7732,244,1.44000110626,0.103089679347,0.0,4.84848,8.29694e-07,4.84848,0.0
7770,245,1.59000080109,0.109270568116,0.0,4.78976,2.63923e-06,4.78975,0.0
7809,246,1.57000099182,0.109543733694,0.0,4.93719,5.65051e-07,4.93719,0.0
7846,247,1.4900006485,0.108647609556,0.0,4.76724,6.12732e-07,4.76724,0.0
7885,248,1.66000106812,0.123368529884,0.0,4.74787,8.32076e-07,4.74787,0.0
7923,249,1.54000110626,0.115549218956,0.0,4.85979,8.89294e-07,4.85979,0.0
