170,4,4.73000007629,0.204675893039,0.0,5.93247,0.0224958,5.85455,0.0554254
342,9,3.5400012207,0.161015680395,7.62939453125e-06,5.22309,0.0177903,5.02966,0.175633
514,14,2.890001297,0.129759399779,0.0,5.34804,0.0168854,5.26166,0.069489
683,19,2.80000167847,0.131313476376,7.62939453125e-06,5.12942,0.0162844,5.05696,0.0561719
852,24,2.57000167847,0.121979805455,7.62939453125e-06,4.81553,0.0130665,4.66585,0.13661
1021,29,2.49000213623,0.116850635502,0.0,5.1771,0.0140654,5.07512,0.0879097
1190,34,2.54000190735,0.118449105639,7.62939453125e-06,5.02366,0.0145413,4.76767,0.24144
1358,39,2.50000228882,0.11881299939,0.0,4.78469,0.0130385,4.6998,0.0718567
1527,44,2.31000213623,0.109126564115,0.0,4.65984,0.0123055,4.5233,0.124233
1696,49,2.43000267029,0.110506642573,7.62939453125e-06,4.71442,0.0138296,4.60161,0.0989784
1865,54,2.1200025177,0.103667378332,7.62939453125e-06,4.54921,0.0124535,4.41138,0.125383
2033,59,2.10000236511,0.10177782936,0.0,4.39684,0.012115,4.27378,0.110946
2202,64,2.14000274658,0.105330018736,7.62939453125e-06,4.34684,0.011786,4.26322,0.0718396
2371,69,2.21000221252,0.104051411562,0.0,4.42582,0.0109644,4.29567,0.119186
2540,74,1.99000244141,0.0984033508785,0.0,4.48079,0.0132577,4.30488,0.162654
2709,79,2.11000297546,0.0997163424268,7.62939453125e-06,4.68323,0.0132816,4.58443,0.0855152
2878,84,1.94000350952,0.0949685966596,0.0,4.33422,0.0119203,4.19679,0.125513
3047,89,1.9800025177,0.09558793284,0.0,4.72277,0.010872,4.57136,0.140539
3216,94,1.99000335693,0.10002298357,0.0,4.25242,0.0118784,4.04261,0.197936
3386,99,1.9500025177,0.0954395336658,0.0,4.75265,0.0121997,4.55026,0.19019
3555,104,2.03000267029,0.0966264978424,7.62939453125e-06,4.64753,0.0109182,4.41505,0.221565
3724,109,1.98000221252,0.0932790183928,0.0,4.41027,0.011953,4.26415,0.134163
3893,114,2.00000267029,0.0988465685956,0.0,4.66053,0.0124651,4.55471,0.0933473
4062,119,2.02000312805,0.0979467793182,7.62939453125e-06,4.49565,0.0119097,4.27084,0.212897
4231,124,2.00000267029,0.0944394364487,7.62939453125e-06,4.73491,0.0116182,4.59024,0.133051
4401,129,1.94000312805,0.096554521881,7.62939453125e-06,4.28216,0.0117129,4.04791,0.222544
4570,134,2.01000312805,0.0966734651104,7.62939453125e-06,4.94402,0.0112769,4.74452,0.188213
4738,139,1.98000335693,0.0979777158424,7.62939453125e-06,4.4024,0.0112173,4.16046,0.23072
4907,144,1.92000244141,0.0973522619344,0.0,4.30259,0.0116534,4.12419,0.166744
5076,149,1.80000282288,0.0945296488889,0.0,4.46494,0.0108791,4.3226,0.131463
5246,154,1.79000305176,0.0928859709203,0.0,4.57041,0.0111065,4.32083,0.238474
5414,159,1.92000335693,0.091333068423,7.62939453125e-06,4.69318,0.0109487,4.50058,0.181651
5583,164,1.94000335693,0.0963554039504,0.0,4.46424,0.012294,4.29847,0.153478
5751,169,1.83000259399,0.0948567801528,0.0,4.79464,0.011316,4.5108,0.272528
5920,174,1.84000244141,0.0949805822037,0.0,4.3711,0.0116747,4.15027,0.209152
6089,179,1.93000335693,0.0937743871659,7.62939453125e-06,4.81225,0.0122589,4.56544,0.23455
6258,184,1.99000320435,0.0916215461865,0.0,4.64949,0.011344,4.4757,0.162449
6427,189,1.81000305176,0.0905140081607,7.62939453125e-06,4.42615,0.0108964,4.14175,0.273512
6596,194,1.88000267029,0.0928429398686,7.62939453125e-06,4.32976,0.0101544,4.14681,0.172794
6766,199,1.88000236511,0.0921610022709,7.62939453125e-06,4.15978,0.0107894,3.99779,0.151205
6934,204,2.01000274658,0.0918522091769,7.62939453125e-06,4.41528,0.00971175,4.20141,0.204155
7103,209,1.87000305176,0.0920701434277,0.0,4.29468,0.011553,4.13269,0.150445
7272,214,1.77000289917,0.0931131439842,7.62939453125e-06,4.25899,0.0105769,3.97783,0.270585
7440,219,1.85000274658,0.0883896613214,7.62939453125e-06,4.62468,0.0108014,4.36453,0.249358
7609,224,1.88000305176,0.0866783071123,7.62939453125e-06,4.06661,0.0101879,3.78978,0.266636
7778,229,1.80000328064,0.0900545404106,7.62939453125e-06,4.71453,0.0103236,4.50464,0.199566
7947,234,1.79000297546,0.085860012956,7.62939453125e-06,4.28517,0.010209,4.10032,0.174637
8117,239,1.79000358582,0.0859069692716,7.62939453125e-06,4.31727,0.00953224,4.2289,0.0788371
8154,240,1.79000297546,0.0887442543916,7.62939453125e-06,4.29638,0.00962217,4.10039,0.186374
8197,241,1.73000343323,0.0910276066326,0.0,4.16254,0.0100935,3.95914,0.193304
8242,242,1.72000320435,0.0890725827031,0.0,4.32035,0.0102244,4.11538,0.194746
8285,243,1.73000259399,0.0865610136185,7.62939453125e-06,4.13108,0.00992033,3.96272,0.158435
8329,244,1.77000358582,0.0853655029554,0.0,4.30501,0.00965193,4.03379,0.261559
8373,245,1.74000282288,0.0886167235486,0.0,4.00174,0.00922333,3.81311,0.17941
8416,246,1.71000289917,0.0853136021178,0.0,3.86863,0.00940509,3.69776,0.161461
8459,247,1.69000320435,0.0846593952179,0.0,4.39079,0.0096478,4.18284,0.198301
8503,248,1.69000312805,0.084807726359,7.62939453125e-06,4.06261,0.00972071,3.80199,0.250899
8548,249,1.74000297546,0.0866123033501,0.0,4.17758,0.00957402,3.99471,0.173302
