148,4,5.31999916077,0.247165708393,0.0,17.891,0.0169905,17.874,0.0
302,9,3.48000015259,0.150472928286,0.0,13.6645,0.00355447,13.6609,0.0
453,14,2.63000160217,0.117849020325,7.62939453125e-06,12.6536,0.00164414,12.652,0.0
605,19,2.51000137329,0.10546065364,0.0,11.8634,0.000648554,11.8627,0.0
755,24,2.34000198364,0.10314939497,0.0,11.4112,0.000375126,11.4108,0.0
906,29,2.17000198364,0.0923391449382,0.0,11.475,0.000165836,11.4749,0.0
1056,34,2.10000244141,0.0886276258947,0.0,11.3408,9.09446e-05,11.3407,0.0
1206,39,1.93000244141,0.0957057293085,0.0,10.9913,5.20086e-05,10.9912,0.0
1356,44,1.77000236511,0.090771514466,7.62939453125e-06,10.7933,3.46182e-05,10.7933,0.0
1507,49,1.79000198364,0.0949734800938,0.0,10.8585,1.88544e-05,10.8584,0.0
1656,54,1.82000167847,0.104190084076,7.62939453125e-06,10.5165,2.6694e-05,10.5165,0.0
1807,59,1.89000175476,0.0869985593553,0.0,10.395,1.32711e-05,10.395,0.0
1957,64,1.80000259399,0.108056214542,0.0,10.5103,7.79374e-06,10.5103,0.0
2108,69,1.74000343323,0.0952103064652,7.62939453125e-06,10.5335,8.39805e-06,10.5335,0.0
2259,74,1.72000274658,0.0957671205531,0.0,10.208,6.40501e-06,10.208,0.0
2410,79,1.7400025177,0.0922502582474,0.0,10.0503,6.89473e-06,10.0503,0.0
2560,84,1.68000244141,0.0905737332348,0.0,9.87213,7.95783e-06,9.87213,0.0
2710,89,1.62000205994,0.0862773694115,7.62939453125e-06,9.99376,2.69766e-06,9.99376,0.0
2861,94,1.6700025177,0.0994700438518,7.62939453125e-06,9.83327,5.20688e-06,9.83327,0.0
3011,99,1.69000297546,0.10067950015,7.62939453125e-06,10.2656,5.72266e-06,10.2656,0.0
3161,104,1.54000289917,0.0939702871017,7.62939453125e-06,9.62221,8.37956e-06,9.62221,0.0
3311,109,1.51000305176,0.09466071869,7.62939453125e-06,9.90102,2.52602e-06,9.90102,0.0
3462,114,1.57000236511,0.0972358950879,7.62939453125e-06,9.77152,2.01462e-05,9.7715,0.0
3612,119,1.54000228882,0.0889832041494,0.0,9.55088,4.97787e-06,9.55087,0.0
3763,124,1.46000244141,0.101940973565,7.62939453125e-06,9.58492,2.59635e-06,9.58492,0.0
3913,129,1.44000244141,0.0909187373065,7.62939453125e-06,9.48593,1.46388e-06,9.48593,0.0
4064,134,1.39000350952,0.0870565970743,0.0,9.82387,2.56652e-06,9.82387,0.0
4215,139,1.52000305176,0.0964419338375,7.62939453125e-06,9.86652,8.90464e-06,9.86651,0.0
4365,144,1.55000289917,0.0972827671166,7.62939453125e-06,9.30117,1.893e-06,9.30116,0.0
4516,149,1.31000320435,0.0866239520034,0.0,9.43358,1.67488e-06,9.43358,0.0
4667,154,1.61000236511,0.106527181722,0.0,9.2975,1.08242e-06,9.2975,0.0
4817,159,1.43000236511,0.0942040043356,7.62939453125e-06,9.35073,5.93375e-06,9.35073,0.0
4967,164,1.37000312805,0.0921220693312,0.0,9.35849,2.46875e-06,9.35849,0.0
5118,169,1.55000312805,0.108692429175,0.0,9.55583,2.15525e-06,9.55582,0.0
5269,174,1.43000320435,0.095980161294,7.62939453125e-06,9.44316,1.21235e-06,9.44316,0.0
5420,179,1.54000244141,0.108071609908,0.0,9.24426,9.57247e-07,9.24426,0.0
5570,184,1.33000274658,0.0913847357044,7.62939453125e-06,9.2141,1.22784e-06,9.2141,0.0
5720,189,1.30000328064,0.0920762212097,0.0,9.01392,1.7216e-05,9.01391,0.0
5871,194,1.38000312805,0.0837813645226,7.62939453125e-06,9.1925,5.23327e-07,9.1925,0.0
6022,199,1.41000244141,0.0890939518251,0.0,8.94438,6.22271e-07,8.94438,0.0
6172,204,1.32000259399,0.0988681927479,7.62939453125e-06,9.3362,3.52697e-06,9.3362,0.0
6323,209,1.38000152588,0.0878630564636,0.0,9.31166,1.09552e-06,9.31166,0.0
6474,214,1.30000259399,0.0951215956875,0.0,9.26262,4.10078e-07,9.26262,0.0
6624,219,1.36000274658,0.0970003389008,7.62939453125e-06,9.39149,2.47341e-06,9.39148,0.0
6774,224,1.38000297546,0.0909717445709,7.62939453125e-06,9.25138,2.23386e-06,9.25138,0.0
6924,229,1.40000343323,0.0943585444435,0.0,9.18839,1.68914e-06,9.18839,0.0
7074,234,1.39000282288,0.0958444886736,7.62939453125e-06,8.92325,3.07559e-07,8.92325,0.0
7225,239,1.37000305176,0.088297938506,7.62939453125e-06,9.20092,3.6461e-06,9.20092,0.0
7260,240,1.43000259399,0.0976124343334,7.62939453125e-06,9.17672,4.37812e-06,9.17672,0.0
7295,241,1.51000312805,0.113888730944,7.62939453125e-06,9.33699,1.07524e-06,9.33698,0.0
7330,242,1.49000289917,0.114566599766,0.0,9.22398,1.3089e-06,9.22398,0.0
7365,243,1.41000282288,0.0970733105972,0.0,9.31483,5.56706e-07,9.31483,0.0
7400,244,1.52000320435,0.104077076296,0.0,9.15687,4.4465e-07,9.15687,0.0
7435,245,1.35000267029,0.095407540227,0.0,9.31102,2.09565e-06,9.31101,0.0
7470,246,1.41000320435,0.0975198345148,0.0,8.89863,5.61473e-07,8.89863,0.0
7506,247,1.39000328064,0.095691894746,0.0,8.82606,3.37362e-07,8.82606,0.0
7541,248,1.37000411987,0.0860717282751,7.62939453125e-06,9.05965,7.02136e-07,9.05965,0.0
7576,249,1.39000274658,0.0938398239156,0.0,9.28146,3.07559e-07,9.28146,0.0
