21,4,9.09999893188,0.382073595077,0.0,0.324834,0.0152788,0.0,0.309555
43,9,6.4099974823,0.286785769165,0.0,0.252752,0.00675768,0.0,0.245994
65,14,6.62999732971,0.297013793886,7.62939453125e-06,0.204361,0.00416489,0.0,0.200196
87,19,4.46999977112,0.20718393974,0.0,0.241404,0.00297045,0.0,0.238433
109,24,4.15999885559,0.186130257174,7.62939453125e-06,0.227236,0.00188241,0.0,0.225353
131,29,3.30999954224,0.158064097874,0.0,0.226218,0.00141645,0.0,0.224801
153,34,3.06999992371,0.157077685893,7.62939453125e-06,0.163496,0.00117008,0.0,0.162326
175,39,3.18999969482,0.155350641012,7.62939453125e-06,0.187146,0.0010554,0.0,0.186091
197,44,2.50000106812,0.134149853997,7.62939453125e-06,0.179414,0.000791972,0.0,0.178622
220,49,2.54000015259,0.136659678519,0.0,0.20347,0.000645325,0.0,0.202825
242,54,2.40000022888,0.161290182844,0.0,0.213281,0.000744838,0.0,0.212537
264,59,2.61000061035,0.114434546456,7.62939453125e-06,0.177294,0.00050502,0.0,0.176789
286,64,2.48000007629,0.129605291337,0.0,0.1681,0.000413853,0.0,0.167686
308,69,2.39000083923,0.127181130201,7.62939453125e-06,0.199306,0.000392744,0.0,0.198913
330,74,2.23000083923,0.143908321187,0.0,0.162409,0.000355758,0.0,0.162053
352,79,2.04000083923,0.145596630946,7.62939453125e-06,0.129197,0.000351199,0.0,0.128846
375,84,2.0900012207,0.138286551535,0.0,0.135889,0.000315258,0.0,0.135573
397,89,2.02000076294,0.122625323534,0.0,0.118468,0.000263503,0.0,0.118205
419,94,1.90000175476,0.129282039627,0.0,0.131208,0.000287747,0.0,0.13092
441,99,1.85000137329,0.114158197604,7.62939453125e-06,0.152807,0.000191828,0.0,0.152615
463,104,1.9000012207,0.107136452645,0.0,0.109226,0.000169477,0.0,0.109057
485,109,1.89000114441,0.132361607179,0.0,0.0951494,0.000219407,0.0,0.09493
507,114,2.00000076294,0.137690294236,7.62939453125e-06,0.120085,0.000258898,0.0,0.119826
529,119,1.95000137329,0.10841651354,0.0,0.0967612,0.00016909,0.0,0.0965921
551,124,1.81000137329,0.121061953753,7.62939453125e-06,0.101153,0.000191093,0.0,0.100962
574,129,1.79000114441,0.116341820508,0.0,0.141721,0.000148827,0.0,0.141573
596,134,1.93000091553,0.134444566369,0.0,0.141587,0.000152414,0.0,0.141435
618,139,1.81000114441,0.121349029355,0.0,0.123655,0.000123013,0.0,0.123532
640,144,1.82000137329,0.108921449147,0.0,0.0876778,0.000102296,0.0,0.0875755
662,149,1.81000114441,0.135925391987,0.0,0.0873244,0.000118322,0.0,0.087206
684,154,1.87000083923,0.127444223985,0.0,0.134599,0.000127557,0.0,0.134472
706,159,1.64000114441,0.115671995021,7.62939453125e-06,0.0802755,0.000124846,0.0,0.0801507
729,164,1.81000099182,0.108282845803,0.0,0.0890063,8.70119e-05,0.0,0.0889193
751,169,1.67000160217,0.099418441765,7.62939453125e-06,0.0828881,9.08807e-05,0.0,0.0827972
773,174,1.78000144958,0.128326470181,0.0,0.07466,0.000109188,0.0,0.0745508
795,179,1.82000106812,0.109412808046,7.62939453125e-06,0.111278,9.42071e-05,0.0,0.111184
816,184,1.82000099182,0.106711393632,0.0,0.104963,0.000108256,0.0,0.104855
838,189,2.01000106812,0.105798543952,7.62939453125e-06,0.0835403,7.90318e-05,0.0,0.0834613
860,194,1.61000175476,0.100785724558,7.62939453125e-06,0.083405,6.54607e-05,0.0,0.0833395
882,199,1.80000144958,0.105922589824,0.0,0.0976662,9.80403e-05,0.0,0.0975681
904,204,1.74000137329,0.1180054079,0.0,0.0897041,0.000148423,0.0,0.0895557
926,209,1.7200012207,0.101832768358,7.62939453125e-06,0.084435,8.53271e-05,0.0,0.0843497
948,214,1.67000091553,0.0972425055876,0.0,0.0818355,6.06042e-05,0.0,0.0817749
970,219,1.78000114441,0.100768824369,0.0,0.100096,5.89069e-05,0.0,0.100038
992,224,1.58000091553,0.0911836447194,7.62939453125e-06,0.0526091,5.22577e-05,0.0,0.0525568
1013,229,1.53000190735,0.0879347400367,0.0,0.0622156,5.9626e-05,0.0,0.0621559
1035,234,1.58000175476,0.0855658569559,7.62939453125e-06,0.0450303,4.12078e-05,0.0,0.044989
1057,239,1.43000183105,0.0889796093106,7.62939453125e-06,0.0280079,4.21617e-05,0.0,0.0279657
1062,240,1.40000068665,0.0856467662752,0.0,0.0514747,4.56934e-05,0.0,0.051429
1067,241,1.33000137329,0.0741481875256,0.0,0.0644982,4.16668e-05,0.0,0.0644565
1072,242,1.37000167847,0.0703017170541,7.62939453125e-06,0.0502234,3.75305e-05,0.0,0.0501859
1077,243,1.35000076294,0.0675748740882,0.0,0.0590171,3.71478e-05,0.0,0.05898
1082,244,1.39000221252,0.0690747874789,0.0,0.0615177,3.65067e-05,0.0,0.0614811
1087,245,1.48000144958,0.0708654084243,0.0,0.0498024,3.69524e-05,0.0,0.0497655
1092,246,1.46000160217,0.0740753247216,0.0,0.037837,3.39952e-05,0.0,0.037803
1097,247,1.49000152588,0.0743772310764,7.62939453125e-06,0.0599586,3.88896e-05,0.0,0.0599197
1102,248,1.42000205994,0.0773674907163,7.62939453125e-06,0.0572508,3.75377e-05,0.0,0.0572132
1107,249,1.380001297,0.0778957645595,0.0,0.0416404,3.49046e-05,0.0,0.0416055
