151,4,7.26999816895,0.309789590836,7.62939453125e-06,17.5048,0.0210706,17.4837,0.0
310,9,4.519998703,0.193398876116,0.0,13.9759,0.00558307,13.9703,0.0
467,14,3.34000007629,0.144693051577,0.0,13.2391,0.00156313,13.2376,0.0
627,19,2.60000083923,0.111412777826,7.62939453125e-06,12.1416,0.000687101,12.1409,0.0
789,24,2.73000106812,0.122988792174,0.0,11.512,0.00034232,11.5117,0.0
952,29,2.40000144958,0.110092688706,0.0,11.6477,0.000148118,11.6476,0.0
1115,34,2.31000175476,0.110271000592,0.0,11.0678,8.9058e-05,11.0677,0.0
1272,39,2.13000137329,0.1116358922,0.0,11.5223,9.94254e-05,11.5222,0.0
1425,44,2.080001297,0.1030745537,0.0,10.854,6.9762e-05,10.8539,0.0
1577,49,1.99000213623,0.107493223575,0.0,11.0172,2.0319e-05,11.0172,0.0
1729,54,1.9900012207,0.107264403682,0.0,10.6843,1.86851e-05,10.6843,0.0
1881,59,1.78000244141,0.0976586502662,0.0,10.6382,7.11422e-06,10.6382,0.0
2032,64,1.99000152588,0.115769187701,0.0,10.1571,1.49762e-05,10.1571,0.0
2184,69,1.97000106812,0.103592957577,0.0,10.1221,8.89164e-06,10.1221,0.0
2336,74,1.70000205994,0.0901070472924,0.0,10.1293,8.24044e-06,10.1293,0.0
2489,79,1.97000144958,0.113965751079,0.0,10.324,7.8755e-06,10.324,0.0
2641,84,1.96000137329,0.103059760384,0.0,10.0765,3.21743e-06,10.0765,0.0
2794,89,1.7500012207,0.093855574599,7.62939453125e-06,10.0927,3.2603e-06,10.0927,0.0
2947,94,1.90000183105,0.104721203687,0.0,9.73608,7.0048e-06,9.73607,0.0
3101,99,1.77000091553,0.0994786508987,7.62939453125e-06,9.91467,3.65231e-06,9.91467,0.0
3254,104,1.75000175476,0.0992678503942,0.0,10.1864,2.74418e-06,10.1864,0.0
3408,109,1.56000205994,0.085997625856,0.0,10.1747,5.06128e-06,10.1747,0.0
3561,114,1.80000221252,0.114181563973,0.0,10.8462,4.62953e-06,10.8462,0.0
3715,119,1.76000198364,0.101039887726,0.0,9.94577,1.69156e-06,9.94577,0.0
3869,124,1.53000144958,0.0814610543511,7.62939453125e-06,9.40626,1.36971e-06,9.40626,0.0
4023,129,1.84000160217,0.105617191815,0.0,9.77339,1.17182e-06,9.77339,0.0
4177,134,1.4800025177,0.0882392315855,7.62939453125e-06,9.59181,9.38174e-07,9.59181,0.0
4331,139,1.76000152588,0.0962747823162,0.0,9.44704,8.94066e-07,9.44704,0.0
4484,144,1.81000175476,0.0963548962201,0.0,9.41848,1.16586e-06,9.41848,0.0
4638,149,1.72000221252,0.0997951616041,0.0,9.59567,2.38047e-06,9.59567,0.0
4792,154,1.44000175476,0.0860345750747,0.0,9.56952,9.08865e-06,9.56951,0.0
4946,159,1.63000167847,0.0930467961705,0.0,9.72186,1.09552e-06,9.72186,0.0
5100,164,1.50000167847,0.0935143302519,7.62939453125e-06,10.1055,6.46113e-07,10.1055,0.0
5253,169,1.69000144958,0.0957708555254,0.0,9.42431,8.94063e-07,9.42431,0.0
5408,174,1.51000244141,0.100142636776,0.0,9.26967,1.57473e-06,9.26967,0.0
5561,179,1.69000167847,0.0974295935314,0.0,9.32329,1.142e-06,9.32329,0.0
5710,184,1.7800012207,0.106978636033,0.0,9.33706,4.75644e-07,9.33706,0.0
5855,189,1.53000160217,0.0955739975028,7.62939453125e-06,9.45167,1.7428e-06,9.45167,0.0
6001,194,1.62000190735,0.0948608205764,0.0,9.37779,5.24302e-05,9.37774,0.0
6146,199,1.74000205994,0.100078225203,0.0,8.90452,5.96045e-07,8.90452,0.0
6292,204,1.52000213623,0.0887550991042,0.0,9.4457,6.27038e-07,9.4457,0.0
6438,209,1.43000190735,0.0898641375839,0.0,9.28114,2.13011e-06,9.28114,0.0
6583,214,1.74000167847,0.101047121194,0.0,9.15361,7.4863e-07,9.15361,0.0
6728,219,1.58000175476,0.095438242541,0.0,9.80091,7.379e-07,9.8009,0.0
6874,224,1.60000221252,0.096445201062,0.0,9.26948,3.06367e-07,9.26948,0.0
7019,229,1.52000183105,0.0919314837584,0.0,9.30805,2.67028e-07,9.30805,0.0
7164,234,1.46000198364,0.0919621273976,0.0,9.27363,7.47439e-07,9.27363,0.0
7308,239,1.49000244141,0.106906261865,7.62939453125e-06,9.43639,3.03983e-07,9.43639,0.0
7341,240,1.51000144958,0.0963840124628,0.0,9.10732,8.69027e-07,9.10732,0.0
7374,241,1.63000244141,0.099780601165,7.62939453125e-06,9.2066,8.98815e-06,9.20659,0.0
7407,242,1.53000144958,0.0960864736655,0.0,9.16177,5.96043e-07,9.16177,0.0
7441,243,1.40000137329,0.0979124324149,7.62939453125e-06,8.94285,5.06637e-07,8.94285,0.0
7475,244,1.53000183105,0.100454598768,7.62939453125e-06,9.77848,1.83337e-06,9.77848,0.0
7508,245,1.510001297,0.110228554587,7.62939453125e-06,9.30702,2.55107e-07,9.30702,0.0
7541,246,1.37000198364,0.0872791181058,7.62939453125e-06,9.10787,1.78443e-06,9.10787,0.0
7574,247,1.69000167847,0.103966547839,7.62939453125e-06,9.06509,5.93658e-07,9.06509,0.0
7607,248,1.59000152588,0.110355903775,0.0,8.9447,4.32728e-07,8.9447,0.0
7641,249,1.60000167847,0.0983063445169,0.0,9.31982,2.38051e-06,9.31981,0.0
