261,4,3.77000091553,0.182989930063,7.62939453125e-06,18.575,0.0449018,18.3325,0.197646
528,9,2.58000205994,0.121238589659,7.62939453125e-06,14.5786,0.014923,14.3453,0.218396
794,14,2.42000228882,0.103215738395,0.0,13.2731,0.010927,13.0445,0.217579
1058,19,2.30000244141,0.100346392673,0.0,12.4327,0.00761119,12.2324,0.192706
1323,24,2.29000297546,0.0995834524743,7.62939453125e-06,11.9712,0.00872092,11.7547,0.207768
1589,29,1.90000282288,0.0858927753009,0.0,12.1123,0.00592625,11.8931,0.213205
1854,34,1.85000289917,0.0859905635845,0.0,11.6917,0.00492544,11.5442,0.142578
2115,39,1.87000328064,0.0836997903697,0.0,11.4858,0.00462788,11.258,0.223212
2370,44,1.75000328064,0.0792959462758,7.62939453125e-06,11.8342,0.0044111,11.6466,0.183127
2635,49,1.75000328064,0.0828897687746,0.0,11.1909,0.00428765,11.0368,0.149781
2899,54,1.7900037384,0.0752099074796,7.62939453125e-06,10.5972,0.00416861,10.436,0.156993
3163,59,1.74000274658,0.0854324077722,7.62939453125e-06,11.2981,0.00412009,11.117,0.176936
3427,64,1.64000312805,0.0789823382534,7.62939453125e-06,10.9129,0.00376028,10.7494,0.159735
3692,69,1.61000274658,0.0780317256879,7.62939453125e-06,10.4787,0.00348704,10.3506,0.124579
3956,74,1.63000297546,0.0798891380662,0.0,11.0363,0.00341603,10.8606,0.172289
4222,79,1.70000350952,0.0803335305676,7.62939453125e-06,11.0146,0.00354239,10.79,0.221076
4485,84,1.61000274658,0.0775009880401,0.0,11.0376,0.00354025,10.8374,0.196627
4747,89,1.76000343323,0.0814203835512,7.62939453125e-06,10.8439,0.00334871,10.7195,0.121008
5010,94,1.59000358582,0.0788944058446,7.62939453125e-06,10.8084,0.00299203,10.6464,0.159054
5272,99,1.63000328064,0.0788910223683,7.62939453125e-06,10.6388,0.00282283,10.4044,0.231569
5534,104,1.58000305176,0.0766852749791,7.62939453125e-06,10.7343,0.00310281,10.5521,0.179033
5796,109,1.54000335693,0.0744922042638,0.0,10.099,0.00303864,9.93568,0.160305
6059,114,1.61000297546,0.0800926601212,7.62939453125e-06,10.2549,0.00290345,10.1521,0.0998874
6322,119,1.48000366211,0.0718882714305,0.0,10.6564,0.00257535,10.5184,0.135415
6586,124,1.62000404358,0.0775520959729,7.62939453125e-06,10.331,0.00266316,10.1786,0.149741
6848,129,1.53000312805,0.0732801511372,0.0,10.0665,0.00274314,9.91776,0.145999
7113,134,1.52000335693,0.0694518382405,0.0,9.8896,0.00256397,9.69831,0.188721
7376,139,1.52000358582,0.0727363624005,7.62939453125e-06,10.149,0.0024938,9.96567,0.180864
7638,144,1.5000037384,0.0775377917523,7.62939453125e-06,9.9286,0.00312292,9.74153,0.18394
7900,149,1.49000343323,0.0749769521994,0.0,10.9803,0.00251008,10.7788,0.199028
8162,154,1.55000358582,0.0780766137573,7.62939453125e-06,10.0162,0.00249851,9.76759,0.246123
8424,159,1.52000358582,0.0751758986735,7.62939453125e-06,10.2596,0.00243976,10.0885,0.16864
8685,164,1.48000328064,0.0773014880531,7.62939453125e-06,10.0437,0.00265668,9.88471,0.156341
8943,169,1.55000389099,0.0731847708765,0.0,9.88729,0.00250047,9.7847,0.100083
9169,174,1.48000389099,0.073787005723,0.0,10.1363,0.00248891,9.96801,0.165805
9370,179,1.3900038147,0.0723077177955,0.0,10.0169,0.00229656,9.79578,0.218781
9571,184,1.4600037384,0.0722483877884,0.0,10.5992,0.00220712,10.4659,0.131091
9771,189,1.49000312805,0.0768200075068,7.62939453125e-06,9.93681,0.00235557,9.7658,0.168652
9972,194,1.51000320435,0.0702439649985,0.0,9.98685,0.00225149,9.83267,0.151929
10172,199,1.47000396729,0.076562159874,0.0,9.84957,0.00224951,9.65738,0.189945
10373,204,1.44000343323,0.0762334001577,0.0,10.5421,0.00220372,10.3565,0.183393
10572,209,1.44000305176,0.0693791227206,0.0,10.0065,0.00227309,9.81889,0.185289
10765,214,1.44000411987,0.0767659908626,7.62939453125e-06,9.67353,0.00218807,9.58947,0.0818726
10943,219,1.50000358582,0.0743308184016,7.62939453125e-06,10.0855,0.00224959,9.88377,0.199498
11122,224,1.44000434875,0.0668478593137,0.0,9.82532,0.00232619,9.64956,0.173428
11301,229,1.44000343323,0.0741971624852,0.0,9.84364,0.00231836,9.75249,0.0888391
11480,234,1.48000396729,0.075006317012,7.62939453125e-06,10.1714,0.00298865,9.9837,0.184711
11659,239,1.40000404358,0.0717710119812,0.0,9.80967,0.00205019,9.60332,0.204296
11699,240,1.42000389099,0.0758180555841,0.0,9.76766,0.00203739,9.64328,0.122345
11738,241,1.4600038147,0.0729112593527,7.62939453125e-06,10.1164,0.00261169,9.95731,0.156525
11777,242,1.36000358582,0.0691121000238,7.62939453125e-06,9.91173,0.00208562,9.76418,0.145458
11816,243,1.36000411987,0.0717870729929,0.0,9.72223,0.00215474,9.5945,0.125575
11856,244,1.43000419617,0.0708864543587,0.0,9.90967,0.00214706,9.79221,0.11532
11895,245,1.42000328064,0.074201308419,7.62939453125e-06,9.78157,0.00209647,9.62932,0.150148
11933,246,1.42000320435,0.0708869452216,0.0,10.0105,0.00209668,9.74704,0.261344
11972,247,1.4100038147,0.0745926980185,7.62939453125e-06,9.92225,0.0021344,9.76683,0.153288
12012,248,1.42000358582,0.0747735137842,0.0,9.83985,0.00209486,9.64499,0.192764
12051,249,1.41000358582,0.0749279848766,7.62939453125e-06,9.75617,0.00202389,9.57388,0.180266
