173,4,3.33000015259,0.152910146285,4.57763671875e-06,11.784,0.00251379,11.7815,0.0
351,9,2.68000106812,0.128762968248,3.0517578125e-06,10.8574,0.000326353,10.8571,0.0
527,14,2.13000144958,0.123332363821,4.57763671875e-06,10.0094,0.000176432,10.0092,0.0
709,19,2.22000152588,0.123611340169,5.34057617187e-06,9.18784,6.58271e-05,9.18777,0.0
886,24,1.95000144958,0.106554801656,3.81469726562e-06,9.64756,4.64846e-05,9.64751,0.0
1065,29,2.13000160217,0.122413877826,2.28881835937e-06,9.38592,3.88942e-05,9.38588,0.0
1244,34,1.80000144958,0.109527309128,4.57763671875e-06,9.43854,5.23987e-05,9.43849,0.0
1422,39,1.85000175476,0.109722164237,3.81469726562e-06,9.16045,1.50454e-05,9.16044,0.0
1602,44,1.64000213623,0.0959744427976,6.103515625e-06,9.09248,1.52702e-05,9.09247,0.0
1780,49,1.68000152588,0.103224062714,3.0517578125e-06,9.02701,2.83725e-05,9.02698,0.0
1955,54,1.72000167847,0.10642800071,3.0517578125e-06,9.31049,1.2161e-05,9.31048,0.0
2130,59,1.65000198364,0.1007391897,4.57763671875e-06,8.48531,2.5599e-05,8.48529,0.0
2303,64,1.64000190735,0.101168182419,5.34057617187e-06,9.02697,1.26132e-05,9.02695,0.0
2476,69,1.65000190735,0.118163129723,3.0517578125e-06,8.58269,2.26904e-05,8.58266,0.0
2649,74,1.72000167847,0.10219011815,3.81469726562e-06,8.6026,6.97825e-06,8.60259,0.0
2822,79,1.65000198364,0.102046637987,3.0517578125e-06,8.57208,6.75876e-06,8.57207,0.0
2994,84,1.54000190735,0.0999218613786,3.0517578125e-06,8.52415,3.03623e-06,8.52414,0.0
3165,89,1.48000228882,0.0983334339054,3.0517578125e-06,8.48804,1.6622e-05,8.48803,0.0
3337,94,1.48000213623,0.100368098736,3.81469726562e-06,8.53137,5.97434e-06,8.53136,0.0
3509,99,1.43000190735,0.0923031748697,2.28881835937e-06,8.4376,4.30339e-06,8.43759,0.0
3681,104,1.62000061035,0.104968433942,3.0517578125e-06,8.53299,1.65278e-05,8.53297,0.0
3853,109,1.44000190735,0.101799927264,4.57763671875e-06,8.38668,3.08388e-06,8.38668,0.0
4026,114,1.57000205994,0.098010530087,3.0517578125e-06,8.73784,3.40931e-06,8.73784,0.0
4199,119,1.41000183105,0.0953701335064,3.0517578125e-06,8.51601,4.43432e-06,8.516,0.0
4372,124,1.44000213623,0.0989661299257,3.81469726562e-06,8.31911,5.77784e-06,8.31911,0.0
4545,129,1.36000190735,0.0919547371587,2.28881835937e-06,8.54968,1.72494e-06,8.54968,0.0
4719,134,1.43000244141,0.094542696499,2.28881835937e-06,8.33535,3.36405e-06,8.33535,0.0
4892,139,1.52000221252,0.0961023155328,3.81469726562e-06,8.24332,5.21134e-06,8.24331,0.0
5065,144,1.36000259399,0.0860264495492,5.34057617187e-06,8.29605,6.93936e-06,8.29605,0.0
5238,149,1.34000244141,0.0891588425572,3.81469726562e-06,7.99479,1.98244e-06,7.99479,0.0
5412,154,1.32000267029,0.0930860482778,3.81469726562e-06,7.72651,1.76071e-06,7.7265,0.0
5585,159,1.41000198364,0.0850420887853,2.28881835937e-06,7.98249,4.05875e-05,7.98244,0.0
5759,164,1.44000221252,0.100936585185,5.34057617187e-06,9.01891,3.5452e-06,9.01891,0.0
5932,169,1.46000198364,0.0943327902404,4.57763671875e-06,8.60302,4.89793e-06,8.60302,0.0
6105,174,1.48000160217,0.0953906341568,1.52587890625e-06,8.53986,1.99673e-06,8.53986,0.0
6279,179,1.440001297,0.0983577730675,3.81469726562e-06,8.37587,2.28283e-06,8.37587,0.0
6453,184,1.32000213623,0.0935560338473,2.28881835937e-06,8.31586,2.98139e-06,8.31585,0.0
6630,189,1.44000213623,0.0928100501266,3.81469726562e-06,8.10027,3.873e-05,8.10023,0.0
6804,194,1.51000244141,0.110511031426,1.52587890625e-06,8.30659,2.67261e-06,8.30658,0.0
6978,199,1.41000221252,0.0974755207184,6.86645507813e-06,7.789,1.79886e-06,7.789,0.0
7156,204,1.43000228882,0.0879985703787,3.81469726562e-06,8.56042,0.000260595,8.56016,0.0
7330,209,1.3900025177,0.0936157679236,1.52587890625e-06,8.69327,1.77737e-06,8.69327,0.0
7505,214,1.42000221252,0.0949900852021,4.57763671875e-06,8.7048,1.86917e-06,8.7048,0.0
7679,219,1.29000167847,0.0893487325202,5.34057617187e-06,8.36106,2.28283e-06,8.36106,0.0
7853,224,1.25000236511,0.0809890267515,1.52587890625e-06,7.77715,2.03964e-06,7.77715,0.0
8030,229,1.25000198364,0.0935411641236,3.0517578125e-06,8.07971,1.72137e-06,8.0797,0.0
8204,234,1.33000167847,0.0913020609309,3.81469726562e-06,7.99929,2.75005e-06,7.99929,0.0
8378,239,1.30000152588,0.0857381318831,5.34057617187e-06,7.79842,1.62003e-06,7.79842,0.0
8415,240,1.30000205994,0.0868128831257,7.62939453125e-07,7.68558,2.20294e-06,7.68558,0.0
8462,241,1.36000244141,0.0883943747346,1.52587890625e-06,8.18394,1.14798e-06,8.18394,0.0
8500,242,1.33000198364,0.0926194860666,4.57763671875e-06,7.53144,1.16586e-06,7.53144,0.0
8537,243,1.34000167847,0.0880503786104,5.34057617187e-06,9.18731,5.42401e-07,9.18731,0.0
8575,244,1.32000175476,0.0846924938228,4.57763671875e-06,7.62262,1.05619e-06,7.62261,0.0
8612,245,1.29000205994,0.0815062746426,7.62939453125e-07,8.38021,1.42095e-06,8.38021,0.0
8650,246,1.35000236511,0.0888617933541,3.81469726562e-06,7.59893,6.80683e-07,7.59893,0.0
8687,247,1.2700025177,0.0952024165562,5.34057617187e-06,8.28182,2.37818e-06,8.28182,0.0
8725,248,1.32000267029,0.091705791853,3.81469726562e-06,7.84514,7.21214e-07,7.84514,0.0
8762,249,1.30000190735,0.0916626444301,3.0517578125e-06,7.69447,6.91954e-06,7.69446,0.0
