316,4,4.9100006485,0.23289410118,0.0,9.55125,0.0619841,9.09871,0.390555
638,9,2.96000095367,0.139885348994,0.0,8.09923,0.0294921,7.53228,0.537464
957,14,2.67000083923,0.113823387511,0.0,7.20385,0.0181378,6.72538,0.460337
1277,19,2.20000095367,0.10789665278,0.0,7.34424,0.0151481,6.89124,0.437851
1595,24,2.32000091553,0.0995269159647,0.0,6.58736,0.0121477,6.21279,0.362421
1916,29,1.94000102997,0.0920250922721,0.0,6.50876,0.0102201,6.07479,0.423745
2235,34,2.05000118256,0.0863394141383,0.0,6.59441,0.0101221,6.16559,0.418704
2550,39,1.97000148773,0.0876159039466,0.0,6.86772,0.00892042,6.4813,0.377498
2864,44,1.83000106812,0.0813455842528,0.0,6.35372,0.00839554,6.04106,0.304268
3176,49,1.93000087738,0.0860220162477,0.0,6.38903,0.00723721,5.97062,0.411174
3489,54,1.86000110626,0.0771592008555,0.0,6.39602,0.00724052,5.9731,0.415685
3803,59,1.76000099182,0.0821284033963,0.0,6.25315,0.00702541,5.86993,0.376189
4115,64,1.78000148773,0.0797121628444,0.0,6.01472,0.00670285,5.72268,0.285338
4428,69,1.81000099182,0.0786894312198,0.0,6.54026,0.00636278,6.01244,0.52146
4740,74,1.75000099182,0.0823971490841,0.0,6.62804,0.00606225,6.24282,0.379151
5052,79,1.73000110626,0.079807035136,0.0,6.23895,0.00575529,5.98433,0.248859
5364,84,1.650001297,0.0743031077692,0.0,6.03037,0.0059144,5.64602,0.378431
5675,89,1.75000102997,0.0816558958776,0.0,6.03245,0.00573937,5.67518,0.351535
5988,94,1.6300006485,0.0760983722098,0.0,5.85772,0.00499117,5.43647,0.41626
6300,99,1.62000076294,0.077897738975,0.0,5.89229,0.00496213,5.48292,0.404411
6613,104,1.70000080109,0.0776887078048,0.0,5.85484,0.00507255,5.49378,0.355986
6926,109,1.57000114441,0.0698504451965,0.0,5.90187,0.00466937,5.45523,0.441971
7239,114,1.74000114441,0.08124155486,0.0,6.23105,0.00445221,5.86962,0.356976
7552,119,1.66000114441,0.07413441465,0.0,5.92918,0.00499173,5.58316,0.341033
7864,124,1.64000091553,0.0716734541301,0.0,5.85199,0.00475151,5.39876,0.448488
8175,129,1.57000095367,0.0715398008563,0.0,5.83104,0.00465845,5.53699,0.28939
8487,134,1.72000106812,0.0731442918815,0.0,6.14334,0.00464174,5.73869,0.400006
8800,139,1.56000125885,0.0731378624868,0.0,5.77158,0.00442215,5.44093,0.326222
9112,144,1.59000099182,0.0734300038335,0.0,6.05056,0.004638,5.5045,0.541427
9423,149,1.65000080109,0.0740316838957,0.0,5.80099,0.00447809,5.42418,0.372328
9737,154,1.62000076294,0.0780735867121,0.0,5.54762,0.00426065,5.34434,0.199024
10050,159,1.66000102997,0.073760370235,0.0,6.14977,0.00415851,5.76108,0.384535
10363,164,1.67000099182,0.0742771315714,0.0,5.57684,0.00431572,5.30347,0.269059
10675,169,1.63000099182,0.0717826912575,0.0,5.86988,0.00440936,5.39903,0.466445
10987,174,1.68000087738,0.0787103335699,0.0,6.01628,0.00432366,5.45582,0.556137
11300,179,1.66000083923,0.0733163833781,0.0,5.87571,0.00409917,5.42415,0.447464
11613,184,1.69000068665,0.0729040222755,0.0,5.66422,0.00402901,5.39894,0.26126
11925,189,1.60000072479,0.0766775435326,0.0,5.87127,0.00388662,5.50131,0.366076
12237,194,1.59000083923,0.0706356358528,0.0,5.77858,0.00379011,5.37119,0.403598
12548,199,1.63000118256,0.0737830209942,0.0,6.22844,0.00399263,5.67289,0.551564
12859,204,1.62000072479,0.079750059006,0.0,5.67724,0.00388489,5.24134,0.432013
13170,209,1.57000087738,0.0748623266118,0.0,5.87602,0.00397067,5.43134,0.440706
13482,214,1.57000068665,0.0719232008629,0.0,5.66623,0.00380143,5.22967,0.432751
13793,219,1.54000125885,0.0702642067603,0.0,5.70283,0.00365571,5.28838,0.410791
14081,224,1.62000080109,0.0723031251365,0.0,5.96583,0.00371856,5.49074,0.471372
14365,229,1.62000076294,0.0758114984294,0.0,5.87464,0.00352754,5.40039,0.470716
14649,234,1.64000110626,0.0727567060641,0.0,5.64389,0.00371005,5.3151,0.32508
14933,239,1.62000076294,0.0692855885625,0.0,5.71281,0.00379871,5.35656,0.352454
14993,240,1.61000114441,0.0715761534532,0.0,5.79891,0.00364036,5.2326,0.562675
15053,241,1.65000095367,0.0784220614424,0.0,6.35939,0.00367734,5.89726,0.458452
15118,242,1.63000087738,0.0679542678013,0.0,5.35813,0.00354016,5.12186,0.232728
15186,243,1.55000114441,0.0691424553213,0.0,5.9089,0.00354337,5.51866,0.386702
15258,244,1.64000072479,0.073643570256,0.0,5.70296,0.00354797,5.40811,0.291309
15329,245,1.57000114441,0.0696586946654,0.0,5.78577,0.00357148,5.45644,0.325749
15399,246,1.64000099182,0.0707083486044,0.0,5.44457,0.00351355,5.13278,0.308277
15469,247,1.58000083923,0.0706464204262,0.0,5.4971,0.00373634,5.09844,0.394929
15540,248,1.56000091553,0.0702871947107,0.0,5.95483,0.00371555,5.49836,0.452755
15609,249,1.67000114441,0.0713414290512,0.0,5.75005,0.00321196,5.14069,0.606145
