176,4,4.71000007629,0.271581418067,7.62939453125e-06,17.8788,0.115885,17.5853,0.177704
356,9,2.72000236511,0.128288351335,0.0,14.3033,0.0197797,14.1557,0.127818
534,14,2.61000175476,0.11397702612,0.0,13.6937,0.0102685,13.5566,0.126851
712,19,2.28000205994,0.102864254415,0.0,12.6172,0.00783982,12.4169,0.1925
890,24,2.1300025177,0.0936758451443,0.0,12.0135,0.0065448,11.8492,0.157804
1068,29,2.06000305176,0.089070654884,0.0,12.2154,0.00568285,12.0773,0.132459
1246,34,1.96000236511,0.091301511582,7.62939453125e-06,11.5994,0.00497813,11.4436,0.150814
1423,39,1.73000335693,0.0844265924301,0.0,11.8819,0.00511922,11.7505,0.126289
1601,44,1.81000282288,0.0843666906934,0.0,11.2217,0.00500363,11.0086,0.208025
1779,49,1.72000244141,0.0831545333192,7.62939453125e-06,11.4273,0.00434783,11.3387,0.0841714
1955,54,1.87000259399,0.0809150758293,7.62939453125e-06,11.1953,0.00400863,11.0189,0.172376
2130,59,1.65000289917,0.0759196464019,7.62939453125e-06,11.1193,0.00393128,10.9825,0.132857
2305,64,1.60000343323,0.0808176206565,0.0,10.6954,0.00402967,10.5497,0.14164
2480,69,1.58000305176,0.0754653018434,7.62939453125e-06,10.6401,0.00419275,10.5048,0.131092
2654,74,1.67000221252,0.0785455508437,0.0,10.715,0.00385181,10.5996,0.111538
2828,79,1.65000297546,0.0754764116323,7.62939453125e-06,10.9993,0.0034987,10.8564,0.139441
3002,84,1.62000274658,0.0720173583366,7.62939453125e-06,10.6556,0.0032605,10.5611,0.091321
3176,89,1.65000328064,0.0773992775846,0.0,10.8316,0.00313362,10.6241,0.204391
3350,94,1.63000312805,0.0808975676494,7.62939453125e-06,10.4,0.00327668,10.2349,0.161816
3524,99,1.56000366211,0.0766143621411,7.62939453125e-06,10.7156,0.00301616,10.4692,0.24338
3698,104,1.59000274658,0.0741657960042,7.62939453125e-06,10.7182,0.00294681,10.5932,0.121989
3872,109,1.59000328064,0.0709452541452,0.0,10.8836,0.00291338,10.7538,0.126941
4046,114,1.64000312805,0.0793111985549,7.62939453125e-06,11.4392,0.00286798,11.2944,0.141867
4220,119,1.52000366211,0.0709992757277,0.0,10.6897,0.00264955,10.5191,0.168026
4394,124,1.46000358582,0.0697616919386,0.0,10.0565,0.00284687,9.86482,0.188854
4567,129,1.57000404358,0.0757806500932,7.62939453125e-06,10.4643,0.0027699,10.2292,0.232339
4741,134,1.54000297546,0.0731067998172,7.62939453125e-06,10.3857,0.00266557,10.1501,0.232961
4915,139,1.56000335693,0.0716537870746,0.0,10.1513,0.00244354,9.92649,0.222421
5089,144,1.61000198364,0.07359146439,7.62939453125e-06,10.2449,0.0023981,10.0872,0.155331
5263,149,1.5300038147,0.0721795712854,0.0,10.451,0.00249195,10.2069,0.241669
5437,154,1.42000335693,0.0730479741143,7.62939453125e-06,10.2986,0.00267346,10.1327,0.163248
5611,159,1.46000366211,0.0680960109644,7.62939453125e-06,10.2568,0.00244341,10.1543,0.100003
5785,164,1.52000305176,0.0653946441365,7.62939453125e-06,10.7205,0.00253066,10.6066,0.111375
5958,169,1.51000343323,0.0691246814188,0.0,9.96431,0.00241074,9.72506,0.236844
6133,174,1.46000305176,0.0736076838151,7.62939453125e-06,9.94295,0.00245051,9.77853,0.161976
6307,179,1.45000305176,0.0734976171469,7.62939453125e-06,10.0554,0.00267833,9.84762,0.205084
6480,184,1.44000289917,0.0665539806243,0.0,10.1208,0.00226844,9.92639,0.192144
6654,189,1.42000328064,0.0696721170377,7.62939453125e-06,10.0153,0.00225876,9.90704,0.105979
6828,194,1.49000305176,0.0691829417227,0.0,9.98235,0.00254076,9.8356,0.144205
7001,199,1.47000289917,0.0728328676103,0.0,9.65147,0.00228584,9.5216,0.12758
7175,204,1.56000335693,0.071742441752,7.62939453125e-06,10.213,0.00216902,9.98805,0.222748
7349,209,1.50000335693,0.0735142433853,0.0,9.98551,0.00226725,9.83963,0.143607
7523,214,1.40000320435,0.0695744155277,7.62939453125e-06,9.97473,0.0021421,9.77012,0.202469
7697,219,1.42000419617,0.0720661795884,0.0,10.5529,0.00206127,10.3425,0.208335
7871,224,1.54000328064,0.0738473471557,7.62939453125e-06,10.0255,0.00210123,9.81291,0.210461
8045,229,1.48000320435,0.0721175676514,7.62939453125e-06,9.96206,0.00204215,9.75381,0.206207
8237,234,1.50000343323,0.0723372651148,7.62939453125e-06,10.0022,0.00225852,9.81651,0.183425
8439,239,1.46000328064,0.0721241421392,7.62939453125e-06,10.1002,0.00217773,9.93557,0.162474
8483,240,1.39000389099,0.0699893491226,7.62939453125e-06,9.88793,0.00217166,9.68211,0.20365
8526,241,1.41000328064,0.0696271553612,0.0,9.68847,0.00207304,9.52128,0.165123
8570,242,1.36000335693,0.0711454580305,0.0,9.71944,0.00209634,9.61748,0.0998645
8616,243,1.3400037384,0.0687928939331,0.0,9.54247,0.00199769,9.40909,0.13138
8664,244,1.47000305176,0.0741916149342,0.0,10.5703,0.00197006,10.3112,0.257145
8711,245,1.45000396729,0.0721617663791,0.0,9.90523,0.002186,9.71388,0.189162
8758,246,1.43000343323,0.071969089983,0.0,9.81261,0.0021383,9.60828,0.202196
8806,247,1.4600038147,0.0727780964202,7.62939453125e-06,9.76731,0.00191792,9.35599,0.409399
8853,248,1.4600038147,0.0697914728895,7.62939453125e-06,9.64015,0.00199018,9.45585,0.182309
8901,249,1.43000320435,0.0656634996831,7.62939453125e-06,9.84808,0.00224195,9.6715,0.174333
