40,4,3.49999923706,0.191918164492,2.28881835937e-06,31.5266,0.0204727,31.5062,0.0
81,9,3.30000228882,0.145829892904,6.103515625e-06,26.6014,0.00334756,26.5981,0.0
122,14,3.19999923706,0.140508652851,3.81469726562e-06,22.9121,0.00165473,22.9104,0.0
131,15,3.00000152588,0.145535593107,6.86645507813e-06,23.27,0.00186654,23.2681,0.0
140,16,2.50000152588,0.143239820749,7.62939453125e-07,21.8133,0.00217003,21.8111,0.0
149,17,2.40000152588,0.138637355343,5.34057617187e-06,23.4297,0.00133344,23.4284,0.0
158,18,2.40000228882,0.128643871099,6.86645507813e-06,21.8976,0.000958469,21.8967,0.0
167,19,2.50000152588,0.13872101903,6.103515625e-06,21.4972,0.000824169,21.4964,0.0
176,20,2.50000152588,0.130786086991,2.28881835937e-06,21.4998,0.00074521,21.499,0.0
185,21,2.40000228882,0.115927041229,0.0,21.4767,0.000539142,21.4762,0.0
194,22,2.40000305176,0.149193735979,2.28881835937e-06,22.0061,0.00044785,22.0056,0.0
203,23,2.70000076294,0.123623464443,6.86645507813e-06,22.8167,0.000484437,22.8162,0.0
212,24,2.4000038147,0.152986958809,6.103515625e-06,20.9343,0.000794278,20.9335,0.0
