53,4,5.80999801636,0.271524871588,7.62939453125e-06,39.4602,0.0208281,39.4393,0.0
108,9,4.01000015259,0.167762271948,0.0,30.3189,0.00580791,30.3131,0.0
162,14,3.70000053406,0.150696310662,0.0,28.7067,0.00217646,28.7045,0.0
217,19,3.44000015259,0.146251882259,0.0,26.2754,0.00106932,26.2743,0.0
271,24,3.26,0.127801457457,0.0,25.3671,0.000494682,25.3666,0.0
326,29,3.050001297,0.133587066066,0.0,25.7801,0.000211099,25.7799,0.0
381,34,3.01000083923,0.132154598748,0.0,25.6308,0.000169186,25.6306,0.0
435,39,2.98000099182,0.155685175983,0.0,24.6996,0.000121816,24.6994,0.0
490,44,3.03000152588,0.160719557684,0.0,24.258,4.76262e-05,24.258,0.0
544,49,2.86000083923,0.15582277565,7.62939453125e-06,24.6701,0.000567034,24.6695,0.0
599,54,2.840001297,0.138541817591,7.62939453125e-06,24.4435,3.80724e-05,24.4434,0.0
653,59,2.98000106812,0.149559212304,0.0,23.8778,3.33311e-05,23.8778,0.0
707,64,2.88000068665,0.173699188863,0.0,24.3458,1.2873e-05,24.3458,0.0
762,69,2.76000099182,0.14622941487,7.62939453125e-06,24.5243,1.76549e-05,24.5242,0.0
816,74,2.90000099182,0.184996121461,0.0,23.5041,8.03915e-06,23.504,0.0
870,79,2.92000152588,0.184196268898,0.0,22.9075,9.33442e-06,22.9075,0.0
925,84,2.74000152588,0.187629413574,0.0,23.1937,4.45002e-06,23.1937,0.0
979,89,2.77000106812,0.180592236001,0.0,23.4662,5.09412e-05,23.4662,0.0
1034,94,2.84000152588,0.219960155324,7.62939453125e-06,23.0776,1.69726e-05,23.0776,0.0
1089,99,2.78000205994,0.220743087808,0.0,24.4104,4.06847e-06,24.4104,0.0
1143,104,2.62000167847,0.183300572591,7.62939453125e-06,22.4712,6.30985e-06,22.4712,0.0
1197,109,2.58000160217,0.187960806174,0.0,23.143,5.52036e-06,23.143,0.0
1251,114,2.64000160217,0.173419112052,7.62939453125e-06,22.7349,3.35326e-06,22.7349,0.0
1306,119,2.67000099182,0.168266387454,7.62939453125e-06,22.5097,4.82773e-06,22.5097,0.0
1362,124,2.8300012207,0.221553241035,0.0,22.2952,1.05738e-06,22.2952,0.0
1419,129,2.91000068665,0.206630465479,7.62939453125e-06,22.3729,3.43307e-06,22.3729,0.0
1476,134,2.64000183105,0.20303815953,7.62939453125e-06,23.2118,5.54243e-06,23.2118,0.0
1535,139,2.87000091553,0.235545007954,0.0,23.2313,5.24956e-06,23.2313,0.0
1594,144,2.62000137329,0.226910696891,0.0,21.918,6.58034e-07,21.918,0.0
1653,149,2.72000106812,0.258588438594,7.62939453125e-06,22.0578,1.72018e-06,22.0578,0.0
1713,154,2.56000167847,0.248252243066,0.0,21.9879,1.35064e-06,21.9879,0.0
1774,159,2.640001297,0.199977339757,7.62939453125e-06,21.9985,1.22785e-06,21.9985,0.0
1834,164,2.79000198364,0.231201402078,7.62939453125e-06,21.981,1.14971e-05,21.981,0.0
1895,169,2.63000099182,0.22573794167,7.62939453125e-06,22.5965,2.657e-06,22.5965,0.0
1956,174,2.79000183105,0.245618485656,0.0,22.3992,9.1314e-07,22.3992,0.0
2016,179,2.67000152588,0.253488569222,7.62939453125e-06,22.1618,4.31537e-07,22.1618,0.0
2078,184,2.67000106812,0.235818356536,7.62939453125e-06,22.0049,1.42083e-05,22.0049,0.0
2139,189,2.56000152588,0.209867864852,7.62939453125e-06,21.3572,7.55783e-07,21.3572,0.0
2199,194,2.660001297,0.239667910005,7.62939453125e-06,21.9627,3.86237e-07,21.9627,0.0
2260,199,2.6700012207,0.231302274582,7.62939453125e-06,21.3672,2.47353e-06,21.3672,0.0
2321,204,2.67000106812,0.257338966387,7.62939453125e-06,21.7378,9.15521e-07,21.7378,0.0
2382,209,2.57000144958,0.23165595527,7.62939453125e-06,21.9849,2.70465e-06,21.9849,0.0
2443,214,2.66000137329,0.253998561735,0.0,21.7274,5.88892e-07,21.7274,0.0
2496,219,2.6500012207,0.291634221104,0.0,21.9747,6.2227e-07,21.9747,0.0
2553,224,2.57000190735,0.247629434589,0.0,21.5604,7.16439e-07,21.5604,0.0
2615,229,2.640001297,0.253052142216,0.0,21.9843,3.86236e-07,21.9843,0.0
2676,234,2.66000099182,0.293842116141,0.0,21.5302,2.71797e-07,21.5302,0.0
2736,239,2.62000137329,0.260923273762,0.0,21.7606,3.1948e-07,21.7606,0.0
2750,240,2.61000190735,0.262204242554,0.0,21.4097,6.35383e-07,21.4097,0.0
2764,241,2.68000152588,0.258076045403,0.0,22.172,2.92062e-07,22.172,0.0
2777,242,2.610001297,0.259864672904,0.0,21.7623,3.03121e-06,21.7623,0.0
2791,243,2.63000175476,0.271966640915,0.0,22.0594,4.67299e-07,22.0594,0.0
2805,244,2.65000091553,0.280183586842,7.62939453125e-06,22.0223,1.23856e-06,22.0223,0.0
2819,245,2.5800012207,0.253624182519,7.62939453125e-06,22.3132,4.63723e-07,22.3132,0.0
2832,246,2.56000106812,0.248910488898,0.0,21.2553,6.71144e-07,21.2553,0.0
2846,247,2.68000152588,0.241019115932,7.62939453125e-06,21.1047,5.03061e-07,21.1047,0.0
2860,248,2.63000183105,0.258623987321,7.62939453125e-06,21.3032,2.57492e-07,21.3032,0.0
2873,249,2.60000160217,0.270719113576,0.0,21.6208,1.69277e-07,21.6208,0.0
