209,4,4.65999931335,0.207013501674,0.0,18.4998,0.0325782,18.401,0.0661718
417,9,3.10000038147,0.142482659481,7.62939453125e-06,14.0297,0.0183089,13.9195,0.091879
583,14,2.72000167847,0.123210880011,0.0,12.9998,0.0161705,12.9233,0.0603073
719,19,2.44000144958,0.107242547721,7.62939453125e-06,12.202,0.0150576,12.1161,0.0707632
856,24,2.40000152588,0.107623935454,0.0,11.6485,0.0139834,11.5569,0.0776903
995,29,2.22000190735,0.102290562447,0.0,11.2646,0.0141715,11.166,0.0844888
1133,34,2.24000190735,0.100910238028,7.62939453125e-06,11.2282,0.0140287,11.1478,0.0663346
1273,39,1.99000175476,0.0947160712816,7.62939453125e-06,11.3469,0.014277,11.2477,0.0849057
1410,44,1.99000205994,0.0919266106747,7.62939453125e-06,10.5816,0.0126104,10.4788,0.0902228
1550,49,1.93000190735,0.0918703786656,0.0,10.9664,0.0128898,10.8707,0.0827273
1687,54,1.93000228882,0.0912399212271,0.0,10.8507,0.0113566,10.775,0.0643362
1826,59,1.96000190735,0.0890307830088,7.62939453125e-06,10.6786,0.0119739,10.5961,0.0704925
1963,64,1.95000236511,0.0879686968587,0.0,10.7297,0.0107003,10.6271,0.0919085
2103,69,1.86000183105,0.0853842750005,0.0,10.1709,0.0106705,10.0933,0.0668774
2241,74,1.88000221252,0.0874181226082,7.62939453125e-06,10.419,0.0105489,10.3201,0.088423
2380,79,1.9000025177,0.0901187135465,7.62939453125e-06,10.2326,0.0108775,10.1674,0.0542801
2518,84,1.81000228882,0.080372654926,7.62939453125e-06,9.89254,0.0107369,9.81041,0.0713906
2658,89,1.82000198364,0.0860962211713,7.62939453125e-06,9.73121,0.0102099,9.66785,0.0531544
2795,94,1.82000228882,0.0848705727421,7.62939453125e-06,9.94837,0.0101971,9.8454,0.0927736
2933,99,1.74000289917,0.0852491794899,0.0,9.89615,0.0105715,9.80818,0.0773996
3072,104,1.79000236511,0.0860405368917,0.0,9.9298,0.0102802,9.85143,0.0680892
3209,109,1.86000228882,0.0871990811639,0.0,10.0089,0.010801,9.92554,0.0725678
3348,114,1.79000244141,0.084453701172,0.0,10.0006,0.0094742,9.89468,0.096461
3485,119,1.81000267029,0.0844275750592,0.0,10.0664,0.0106348,9.99779,0.0579422
3624,124,1.85000259399,0.0845867017843,0.0,9.71253,0.0100964,9.61761,0.0848299
3761,129,1.68000289917,0.0824777708203,0.0,9.45925,0.0104773,9.38986,0.0589161
3900,134,1.76000305176,0.0825529480912,0.0,9.87545,0.0098449,9.78062,0.0849845
4037,139,1.7800025177,0.0842000837997,7.62939453125e-06,9.76602,0.0105787,9.65416,0.101282
4176,144,1.71000228882,0.0843857287429,7.62939453125e-06,9.44587,0.0101113,9.35205,0.0837077
4309,149,1.63000221252,0.0784119222872,0.0,9.92773,0.00995082,9.83314,0.0846377
4442,154,1.75000221252,0.0827775896154,0.0,9.9266,0.0107905,9.83455,0.0812578
4576,159,1.72000297546,0.0825558020733,7.62939453125e-06,9.39827,0.0100827,9.31468,0.0735062
4707,164,1.65000221252,0.0796069642715,7.62939453125e-06,9.76352,0.0102701,9.67591,0.0773454
4827,169,1.68000328064,0.0808048085123,0.0,9.32935,0.0090617,9.26169,0.0586043
4946,174,1.70000267029,0.0795243675075,7.62939453125e-06,9.10662,0.00951527,9.00673,0.0903666
5084,179,1.75000198364,0.0839020588621,0.0,9.32884,0.00954695,9.2259,0.0933916
5217,184,1.70000198364,0.0826538697071,0.0,9.48998,0.00936363,9.42574,0.054875
5355,189,1.77000259399,0.0813780167326,7.62939453125e-06,9.3538,0.0096113,9.21601,0.128171
5489,194,1.71000221252,0.080225758981,7.62939453125e-06,9.22862,0.00908547,9.14106,0.0784675
5628,199,1.77000244141,0.0811223140359,7.62939453125e-06,9.58158,0.00939894,9.4942,0.0779795
5762,204,1.68000267029,0.0809053466097,7.62939453125e-06,9.03047,0.0100104,8.92838,0.0920766
5899,209,1.64000267029,0.0777431822382,7.62939453125e-06,9.11132,0.00893295,9.00545,0.0969282
6034,214,1.61000282288,0.0779625661112,7.62939453125e-06,9.13125,0.00923163,9.0455,0.0765126
6172,219,1.68000228882,0.0761655708402,7.62939453125e-06,8.90993,0.0101312,8.80005,0.0997528
6307,224,1.63000236511,0.0805112992972,7.62939453125e-06,9.71857,0.00984819,9.62406,0.0846629
6444,229,1.57000274658,0.0785573100112,0.0,9.36648,0.00896403,9.26686,0.0906622
6579,234,1.6000025177,0.0795060035959,0.0,9.31554,0.0094757,9.21875,0.0873099
6716,239,1.57000213623,0.0776098078676,0.0,8.9564,0.00892223,8.85894,0.0885396
6744,240,1.48000244141,0.0773563765921,0.0,9.36123,0.00853763,9.28111,0.0715815
6774,241,1.59000259399,0.0809526455589,7.62939453125e-06,9.61378,0.00897403,9.50185,0.102955
6803,242,1.66000213623,0.0808971692715,0.0,9.26518,0.0094902,9.1495,0.106186
6833,243,1.55000244141,0.0773887307197,0.0,9.39963,0.00964537,9.27067,0.119313
6862,244,1.74000228882,0.0799272779562,7.62939453125e-06,9.30884,0.00905104,9.17577,0.124019
6892,245,1.65000282288,0.0774329293519,7.62939453125e-06,9.2619,0.00902466,9.17354,0.0793334
6922,246,1.66000267029,0.0762959965877,7.62939453125e-06,9.27434,0.00963815,9.1751,0.0896085
6951,247,1.63000282288,0.0783750397712,7.62939453125e-06,9.2803,0.00955565,9.17538,0.09536
6979,248,1.65000236511,0.0762971682847,0.0,9.3362,0.00897611,9.22694,0.100292
7008,249,1.54000221252,0.0748445816897,7.62939453125e-06,9.29487,0.00923157,9.20402,0.0816196
