62,4,10.9000007629,0.413225013763,0.0,13.1101,0.00975516,13.1003,0.0
126,9,4.69999885559,0.24426699914,0.0,11.2776,0.0020607,11.2755,0.0
190,14,4.30000038147,0.198785103206,0.0,10.1132,0.000765557,10.1124,0.0
204,15,3.50000076294,0.207709814981,0.0,10.683,0.000797041,10.6822,0.0
217,16,3.80000038147,0.205958736874,0.0,9.68882,0.000282322,9.68853,0.0
231,17,4.0,0.183712582104,0.0,9.43249,0.000199828,9.43229,0.0
244,18,3.50000190735,0.178809615271,0.0,10.0201,0.000229639,10.0199,0.0
258,19,3.40000152588,0.187341504823,0.0,9.60463,0.000186523,9.60444,0.0
272,20,3.80000114441,0.207697105594,0.0,10.0695,0.000150189,10.0693,0.0
285,21,3.80000114441,0.192215507897,0.0,9.94323,0.000125395,9.9431,0.0
299,22,3.40000152588,0.209118174808,0.0,9.10585,9.78422e-05,9.10575,0.0
312,23,3.40000114441,0.216126940679,0.0,10.1858,0.000105147,10.1857,0.0
326,24,3.50000190735,0.187760715187,0.0,9.19137,4.95248e-05,9.19132,0.0
59,4,11.3000007629,0.425811946392,0.0,13.1745,0.0106273,13.1639,0.0
120,9,8.40000114441,0.352353196591,0.0,11.3044,0.0017297,11.3026,0.0
180,14,5.10000152588,0.214212810341,0.0,10.223,0.000474254,10.2225,0.0
193,15,4.60000038147,0.214499029517,0.0,10.7836,0.00156535,10.782,0.0
206,16,4.20000038147,0.190935187414,0.0,9.75691,0.000227041,9.75668,0.0
219,17,4.3,0.197320814431,0.0,9.49574,0.000225222,9.49552,0.0
232,18,4.3,0.20561111006,0.0,10.0647,0.000226023,10.0645,0.0
245,19,4.10000190735,0.190047590248,0.0,9.50599,0.000253415,9.50574,0.0
258,20,4.20000114441,0.197234891728,0.0,10.0853,0.000168934,10.0851,0.0
270,21,3.80000228882,0.19968699608,0.0,9.95857,0.000124175,9.95845,0.0
283,22,3.60000152588,0.209575165389,0.0,9.23892,0.000133898,9.23879,0.0
296,23,3.9,0.178173286002,0.0,10.1866,0.000101774,10.1865,0.0
309,24,4.40000152588,0.185850158799,0.0,9.27322,6.9297e-05,9.27315,0.0
