255.45953154563904,9,74.55,0.844666360766,100.0,5.14756,0.0197429,0.0,0.0
517.0641393661499,19,76.78,0.696661317647,99.0,10.72,0.015876,0.0,0.0
777.410248041153,29,68.84,0.775925958157,85.0,22.2226,0.0830244,0.0,0.0
1037.956523180008,39,70.02,0.831843121052,91.0,33.1169,0.115947,0.0,0.0
1297.039912700653,49,65.43,1.09563880563,81.0,38.2823,0.408029,0.0,0.0
1552.4942834377289,59,66.14,1.05384919405,83.0,41.5135,0.403536,0.0,0.0
1804.5311999320984,69,62.08,1.25056169987,77.0,46.7349,0.649344,0.0,0.0
2057.595357656479,79,62.4,1.27596672893,76.0,51.1611,0.656544,0.0,0.0
2311.2589933872223,89,59.85,1.38591533184,68.0,55.2811,0.857435,0.0,0.0
2565.1255946159363,99,60.95,1.49443452477,74.0,58.6026,1.00075,0.0,0.0
2817.487144470215,109,59.19,1.44897567749,66.0,55.8827,0.917502,0.0,0.0
3070.497174978256,119,57.85,1.54209780574,66.0,59.0608,1.0722,0.0,0.0
3323.5825691223145,129,55.68,1.55573689461,65.0,60.4552,1.17715,0.0,0.0
3575.9046125411987,139,55.3,1.60334312677,58.0,64.6349,1.19844,0.0,0.0
3828.788440465927,149,54.97,1.56859758615,59.0,68.3572,1.16626,0.0,0.0
4080.605810880661,159,54.93,1.55282610893,59.0,70.4556,1.1696,0.0,0.0
4335.715118169785,169,54.0,1.61306871653,56.0,66.9768,1.22127,0.0,0.0
4591.3679292202,179,55.03,1.61054391265,57.0,72.1613,1.23571,0.0,0.0
4846.941480398178,189,54.85,1.62213551164,57.0,71.3706,1.24407,0.0,0.0
5101.9071888923645,199,54.32,1.61873855591,55.0,67.7253,1.2479,0.0,0.0
144,9,77.9699993134,1.09802241564,100.0,7.5511,0.00362958,0.0,0.0
290,19,79.8999981689,1.13845043778,100.0,6.46545,0.000314019,0.0,0.0
436,29,80.2399979401,1.2041386956,100.0,6.4213,7.51713e-05,0.0,0.0
582,39,80.5399984741,1.17936895788,100.0,6.13313,7.28672e-05,0.0,0.0
728,49,81.589998703,1.13781962752,100.0,6.41605,0.00361273,0.0,0.0
874,59,81.2499989319,1.22474579692,99.9999923706,6.12542,9.00525e-05,0.0,0.0
1020,69,81.739998703,1.1986155355,100.0,5.9056,2.53449e-05,0.0,0.0
1165,79,83.029998703,1.11658349454,99.9999923706,5.52019,6.76976e-06,0.0,0.0
1310,89,81.8999993896,1.28516916752,100.0,5.55512,8.94701e-06,0.0,0.0
1454,99,82.5999985504,1.19147760332,100.0,5.81177,4.32348e-06,0.0,0.0
1597,109,83.0299991608,1.20955919027,99.9999923706,5.80131,1.06401e-05,0.0,0.0
1740,119,82.1199986267,1.29317650199,99.9999923706,5.40634,1.59764e-05,0.0,0.0
1883,129,81.5199990845,1.40935731411,99.9999923706,5.02315,3.68327e-06,0.0,0.0
2027,139,82.5399991608,1.23067848504,100.0,5.35077,3.22115e-05,0.0,0.0
2206,149,81.6999983215,1.3247374016,100.0,5.17787,1.12463e-05,0.0,0.0
2390,159,81.3699985504,1.33316844404,100.0,5.30945,3.01463e-06,0.0,0.0
2573,169,81.3499971008,1.3477163285,100.0,5.46679,1.28278e-05,0.0,0.0
2760,179,81.0999981689,1.37824166596,100.0,5.13608,2.59743e-06,0.0,0.0
2947,189,81.6599980927,1.37236922562,100.0,5.47067,7.98505e-06,0.0,0.0
3134,199,81.6499996185,1.35274136186,99.9999923706,5.04778,3.07311e-06,0.0,0.0
