255,4,6.53999755859,0.29943808347,0.0,17.4359,0.0248604,17.4111,0.0
520,9,4.51999938965,0.199555227831,7.62939453125e-06,14.5972,0.00465401,14.5926,0.0
782,14,3.10000015259,0.131469594799,0.0,12.6521,0.00155524,12.6505,0.0
1038,19,2.64000061035,0.115775342495,7.62939453125e-06,11.6298,0.00094451,11.6288,0.0
1301,24,2.19000083923,0.104174231216,0.0,11.4828,0.00028109,11.4826,0.0
1561,29,2.05000144958,0.0983736412646,0.0,11.1948,0.00018421,11.1946,0.0
1823,34,1.99000152588,0.0962711539958,7.62939453125e-06,10.94,7.78498e-05,10.9399,0.0
2086,39,1.69000167847,0.0921233624674,0.0,11.2918,8.02837e-05,11.2917,0.0
2348,44,1.83000183105,0.0945207049348,0.0,10.9903,2.81929e-05,10.9903,0.0
2603,49,1.84000137329,0.106875752133,0.0,10.804,2.72537e-05,10.804,0.0
2863,54,1.76000205994,0.0951338804641,0.0,11.0096,0.000491351,11.0091,0.0
3124,59,1.76000144958,0.0915114376729,0.0,10.5276,2.90088e-05,10.5275,0.0
3385,64,1.72000213623,0.091419398326,7.62939453125e-06,10.3714,1.562e-05,10.3714,0.0
3645,69,1.76000198364,0.105036533477,7.62939453125e-06,10.5971,7.40869e-06,10.597,0.0
3906,74,1.74000144958,0.10819692933,0.0,9.91858,6.25124e-06,9.91857,0.0
4161,79,1.68000236511,0.10268317631,0.0,10.4373,5.12457e-06,10.4373,0.0
4421,84,1.76000114441,0.108388131557,0.0,9.80791,6.9352e-06,9.8079,0.0
4682,89,1.54000183105,0.0984269310697,0.0,10.6956,2.62378e-06,10.6956,0.0
4942,94,1.68000190735,0.103070416301,7.62939453125e-06,10.1209,5.87449e-06,10.1209,0.0
5203,99,1.52000183105,0.0915015087149,7.62939453125e-06,10.0156,4.7752e-06,10.0156,0.0
5464,104,1.47000167847,0.0947163659919,7.62939453125e-06,9.404,3.03736e-06,9.404,0.0
5718,109,1.68000167847,0.106303191929,0.0,10.1976,2.4402e-06,10.1976,0.0
5980,114,1.53000160217,0.0947386484925,7.62939453125e-06,10.0166,1.63316e-06,10.0166,0.0
6240,119,1.43000167847,0.0919607577554,7.62939453125e-06,9.64873,2.15648e-06,9.64873,0.0
6502,124,1.45000144958,0.0919241501699,0.0,10.0096,1.38521e-06,10.0096,0.0
6762,129,1.37000152588,0.0883834008939,7.62939453125e-06,9.47146,9.60823e-07,9.47146,0.0
7022,134,1.56000160217,0.0995216639212,0.0,9.82219,5.26024e-06,9.82218,0.0
7274,139,1.34000228882,0.0879369448774,0.0,9.75069,1.60454e-06,9.75069,0.0
7529,144,1.41000183105,0.0938589750617,7.62939453125e-06,9.71311,2.37343e-06,9.71311,0.0
7785,149,1.30000183105,0.0915428933944,7.62939453125e-06,9.51499,2.92891e-06,9.51499,0.0
8041,154,1.43000175476,0.0920267567557,7.62939453125e-06,9.80803,2.88233e-06,9.80803,0.0
8294,159,1.53000160217,0.102485614722,7.62939453125e-06,9.50088,3.09104e-06,9.50088,0.0
8547,164,1.47000137329,0.0888721328892,7.62939453125e-06,9.40659,8.94068e-07,9.40659,0.0
8795,169,1.39000183105,0.0918422205609,0.0,8.8793,1.90254e-06,8.87929,0.0
9048,174,1.27000152588,0.0858775630706,0.0,9.66312,1.47337e-06,9.66311,0.0
9302,179,1.40000152588,0.0941042302019,0.0,9.35637,2.26851e-06,9.35636,0.0
9556,184,1.38000221252,0.0984320589068,7.62939453125e-06,9.17182,2.39727e-06,9.17182,0.0
9808,189,1.39000228882,0.0911452608459,0.0,9.02165,6.05846e-06,9.02164,0.0
10063,194,1.22000213623,0.0878474186508,0.0,9.2057,6.94989e-07,9.20569,0.0
10313,199,1.23000205994,0.0901284974034,7.62939453125e-06,9.9515,9.42941e-07,9.9515,0.0
10564,204,1.39000221252,0.0893782411679,0.0,9.23913,5.99621e-07,9.23913,0.0
10805,209,1.29000190735,0.0837393097641,7.62939453125e-06,9.17218,2.77031e-06,9.17218,0.0
11045,214,1.37000167847,0.0914335121787,0.0,8.97392,5.98427e-07,8.97391,0.0
11285,219,1.37000213623,0.0789635081911,0.0,9.16637,1.32917e-06,9.16637,0.0
11526,224,1.33000267029,0.090162625415,7.62939453125e-06,9.57289,5.00678e-07,9.57289,0.0
11759,229,1.38000183105,0.102017243596,7.62939453125e-06,9.8766,1.01089e-06,9.8766,0.0
11999,234,1.23000228882,0.093259817909,0.0,8.99652,7.29551e-07,8.99652,0.0
12238,239,1.26000183105,0.095799803955,7.62939453125e-06,9.29459,1.10982e-06,9.29459,0.0
12293,240,1.28000190735,0.0882152317515,7.62939453125e-06,8.94862,9.35774e-07,8.94862,0.0
12348,241,1.31000137329,0.0946173929871,7.62939453125e-06,9.16591,5.57773e-06,9.1659,0.0
12403,242,1.28000175476,0.087474715969,7.62939453125e-06,8.98595,9.10746e-07,8.98595,0.0
12457,243,1.2500025177,0.0849009729637,0.0,8.94975,4.17231e-07,8.94975,0.0
12511,244,1.33000198364,0.0944332863776,7.62939453125e-06,9.29234,3.89814e-07,9.29234,0.0
12566,245,1.33000167847,0.0910859475627,0.0,9.10268,1.87512e-06,9.10267,0.0
12621,246,1.22000167847,0.0818298598299,0.0,9.02164,7.84393e-07,9.02164,0.0
12676,247,1.30000198364,0.0913417328498,7.62939453125e-06,9.61532,2.91337e-06,9.61532,0.0
12731,248,1.24000205994,0.0958322076689,0.0,8.89557,3.02791e-07,8.89557,0.0
12786,249,1.42000160217,0.0943170936787,0.0,9.06373,5.80546e-07,9.06372,0.0
