73,4,3.150001297,0.236822920144,0.100002288818,32.3804,0.151228,31.3933,0.835807
149,9,2.40000190735,0.18285709098,3.0517578125e-06,27.4154,0.0758801,26.5151,0.824453
224,14,2.08000244141,0.16484210968,5.34057617187e-06,24.469,0.074282,23.5925,0.802206
299,19,1.89000312805,0.153155646771,1.52587890625e-06,23.8113,0.0580896,22.963,0.790274
374,24,1.82000312805,0.143660578951,7.62939453125e-07,22.2414,0.0554762,21.3312,0.854733
449,29,1.74000366211,0.141509502679,3.0517578125e-06,20.9551,0.0608398,20.1433,0.750942
524,34,1.79000350952,0.13501967527,3.0517578125e-06,22.0384,0.0485418,21.12,0.869893
599,39,1.86000274658,0.144036751837,7.62939453125e-07,21.3957,0.0594539,20.5035,0.832807
673,44,1.67000320435,0.137908818945,3.0517578125e-06,20.87,0.0521712,20.0589,0.758878
746,49,1.60000259399,0.135220114738,5.34057617187e-06,20.2377,0.0542739,19.4591,0.724345
820,54,1.65000320435,0.131877538711,4.57763671875e-06,20.081,0.0534231,19.2942,0.733338
894,59,1.52000320435,0.134020055681,4.57763671875e-06,20.6894,0.0498318,19.8483,0.79122
967,64,1.60000267029,0.128521222174,3.0517578125e-06,20.1194,0.0472225,19.399,0.67313
1041,69,1.59000289917,0.130372345895,4.57763671875e-06,20.0632,0.0476209,19.2515,0.764091
1114,74,1.56000236511,0.126324088424,3.81469726562e-06,20.419,0.0479026,19.6531,0.718059
1187,79,1.56000328064,0.127265717909,4.57763671875e-06,19.4509,0.047977,18.7287,0.674264
1260,84,1.47000358582,0.128345739394,3.81469726562e-06,19.5836,0.0503018,18.7614,0.771993
1333,89,1.47000320435,0.124453746453,5.34057617187e-06,19.6267,0.0484544,18.8236,0.754651
1407,94,1.52000320435,0.124963618889,5.34057617187e-06,18.9222,0.0495784,18.1091,0.763597
1480,99,1.55000343323,0.125895975307,2.28881835937e-06,19.2151,0.0528909,18.4426,0.719607
1553,104,1.57000358582,0.126332791522,2.28881835937e-06,18.5701,0.048419,17.814,0.707725
1626,109,1.55000343323,0.122776571214,3.81469726562e-06,19.3547,0.0479488,18.5909,0.715892
1699,114,1.40000320435,0.122250765413,5.34057617187e-06,18.223,0.0469901,17.4238,0.752125
1772,119,1.40000320435,0.121647040993,6.86645507813e-06,19.6741,0.0476241,18.85,0.776499
1846,124,1.57000274658,0.126873074099,5.34057617187e-06,18.8802,0.0503186,18.0898,0.740028
1919,129,1.38000350952,0.119993530363,3.0517578125e-06,19.0474,0.0438215,18.3176,0.68595
1992,134,1.36000350952,0.121057568043,3.81469726562e-06,19.045,0.0495351,18.3399,0.655578
2065,139,1.44000366211,0.119657172561,3.81469726562e-06,18.9226,0.0468705,18.1466,0.72909
2138,144,1.43000282288,0.118575598821,5.34057617187e-06,19.0969,0.0468135,18.3987,0.651431
2211,149,1.41000320435,0.123375225887,2.28881835937e-06,19.0894,0.0479944,18.3524,0.68893
2284,154,1.41000312805,0.118459269404,1.52587890625e-06,18.4762,0.0427378,17.59,0.843412
2357,159,1.40000320435,0.11699384816,1.52587890625e-06,18.5925,0.0424004,17.7703,0.779827
2430,164,1.35000366211,0.115390587971,3.81469726562e-06,18.7373,0.0435296,17.9123,0.781412
2503,169,1.40000350952,0.116916261986,3.0517578125e-06,17.7967,0.042544,17.0651,0.689047
2577,174,1.49000389099,0.122797762156,4.57763671875e-06,18.5003,0.0456732,17.775,0.679616
2650,179,1.32000335693,0.117841741294,5.34057617187e-06,18.9748,0.0432661,18.1648,0.766778
2723,184,1.38000396729,0.114308983609,6.86645507813e-06,18.6553,0.0371809,17.9484,0.669672
2797,189,1.34000396729,0.117979266047,3.0517578125e-06,18.2028,0.0426637,17.4313,0.728895
2870,194,1.40000312805,0.118371566162,3.0517578125e-06,17.9837,0.0435779,17.2708,0.669361
2944,199,1.38000343323,0.116420746744,7.62939453125e-07,18.657,0.0420579,17.8425,0.772385
3017,204,1.2800038147,0.117868212685,4.57763671875e-06,18.239,0.0444827,17.4115,0.782967
3091,209,1.43000350952,0.117565541342,3.81469726562e-06,19.2841,0.0436838,18.462,0.778415
3164,214,1.26000396729,0.11868274197,5.34057617187e-06,17.919,0.0446327,17.1033,0.771019
3237,219,1.44000350952,0.117393582016,5.34057617187e-06,18.1135,0.0442414,17.3137,0.755577
3311,224,1.32000320435,0.115385692492,3.81469726562e-06,18.1237,0.0421053,17.3365,0.745109
3384,229,1.32000343323,0.119431066737,2.28881835937e-06,17.6206,0.0458017,16.8947,0.680068
3457,234,1.42000328064,0.114894368201,1.52587890625e-06,17.9666,0.0401953,17.201,0.725423
3530,239,1.37000305176,0.114792405143,4.57763671875e-06,18.4299,0.0394207,17.6148,0.775725
3546,240,1.42000343323,0.116833724007,5.34057617187e-06,18.4464,0.0410017,17.6788,0.726574
3562,241,1.4400025177,0.115583168119,2.28881835937e-06,18.4752,0.0450511,17.6487,0.781437
3578,242,1.46000289917,0.116220996752,3.81469726562e-06,17.2012,0.0404789,16.4391,0.721534
3594,243,1.34000282288,0.117002222613,6.103515625e-06,18.1982,0.0433863,17.4217,0.733176
3611,244,1.39000366211,0.114446375668,2.28881835937e-06,18.5152,0.039342,17.6543,0.82156
3627,245,1.48000259399,0.117340856232,1.52587890625e-06,18.1697,0.0381995,17.3304,0.801194
3643,246,1.45000274658,0.12020320721,6.103515625e-06,19.0922,0.044573,18.271,0.776693
3659,247,1.30000328064,0.117168326601,6.103515625e-06,18.2552,0.0409466,17.4526,0.761679
3675,248,1.45000297546,0.117505689189,6.103515625e-06,18.5674,0.0441238,17.7429,0.780363
3692,249,1.48000328064,0.117056820914,1.52587890625e-06,17.7589,0.0442246,16.9322,0.782464
