46,4,9.74000080109,0.428531067818,0.0,27.1602,0.0218218,27.1384,0.0
93,9,6.2500006485,0.272596895546,0.0,21.8123,0.00552301,21.8068,0.0
140,14,4.65000087738,0.178234361736,0.0,18.5856,0.00240419,18.5832,0.0
184,19,4.3000005722,0.176175085139,0.0,17.5324,0.00151778,17.5309,0.0
242,24,4.00000038147,0.160364906611,0.0,17.2501,0.00050671,17.2496,0.0
307,29,3.25000118256,0.130445641859,0.0,17.2326,0.000227043,17.2324,0.0
372,34,3.66000083923,0.145391046342,0.0,16.3954,0.000122783,16.3952,0.0
437,39,3.04000080109,0.134989341753,0.0,16.9292,0.0001209,16.9291,0.0
502,44,3.10000091553,0.148486723026,0.0,16.5199,6.83956e-05,16.5199,0.0
567,49,2.5100012207,0.120903017355,0.0,15.8271,9.09533e-05,15.827,0.0
632,54,2.23000095367,0.114883352569,0.0,15.267,4.28673e-05,15.267,0.0
697,59,2.31000080109,0.118278109707,0.0,14.9646,3.03789e-05,14.9646,0.0
763,64,2.33000095367,0.123401118686,0.0,15.442,4.28703e-05,15.442,0.0
830,69,2.36000106812,0.12251152012,0.0,14.4772,1.25644e-05,14.4772,0.0
897,74,2.10000095367,0.114760318204,0.0,14.5085,2.10313e-05,14.5085,0.0
961,79,2.54000114441,0.135461749397,0.0,15.0436,1.44093e-05,15.0435,0.0
1026,84,2.27000080109,0.119391977368,0.0,15.7398,1.16437e-05,15.7397,0.0
1091,89,2.16000110626,0.122634480179,0.0,14.7373,1.38438e-05,14.7373,0.0
1158,94,2.15000118256,0.125061729554,0.0,14.6962,2.64034e-05,14.6962,0.0
1224,99,2.16000068665,0.128100907025,0.0,14.7135,8.17516e-06,14.7134,0.0
1289,104,1.93000106812,0.110780163727,0.0,14.5007,1.73846e-05,14.5007,0.0
1352,109,1.93000068665,0.120308658221,0.0,13.8429,1.04396e-05,13.8429,0.0
1415,114,1.83000091553,0.115904814229,0.0,14.2494,6.74239e-06,14.2493,0.0
1479,119,1.54000110626,0.106288118699,0.0,14.182,5.9437e-06,14.182,0.0
1542,124,2.11000102997,0.122885078968,0.0,14.2923,4.30104e-06,14.2922,0.0
1605,129,1.65000080109,0.103979794062,0.0,13.7214,9.8415e-06,13.7214,0.0
1668,134,1.79000099182,0.117842273969,0.0,13.8303,3.71925e-06,13.8303,0.0
1731,139,1.8200012207,0.120696025563,0.0,14.518,3.0994e-06,14.518,0.0
1794,144,2.13000095367,0.135132503823,0.0,14.3271,3.19717e-06,14.3271,0.0
1857,149,1.790001297,0.114954200902,0.0,13.7843,2.17913e-06,13.7843,0.0
1920,154,1.76000076294,0.12448821355,0.0,13.8077,4.34155e-06,13.8077,0.0
1983,159,1.80000095367,0.114487122546,0.0,13.2404,3.64535e-06,13.2404,0.0
2046,164,1.74000102997,0.111596783501,0.0,14.0575,5.72194e-06,14.0575,0.0
2108,169,1.97000114441,0.129223508237,0.0,13.1735,9.2931e-06,13.1735,0.0
2171,174,1.96000118256,0.129614525753,0.0,13.467,2.95159e-06,13.467,0.0
2233,179,1.57000099182,0.105191494354,0.0,14.4563,4.41781e-06,14.4563,0.0
2296,184,1.86000087738,0.111329246811,0.0,13.8463,2.62257e-06,13.8463,0.0
2358,189,1.91000118256,0.124969984706,0.0,13.4712,1.12392e-05,13.4712,0.0
2420,194,2.03000083923,0.124452502966,0.0,13.4416,2.05753e-06,13.4416,0.0
2483,199,1.82000106812,0.124992177701,0.0,13.6914,3.82887e-06,13.6914,0.0
2545,204,1.66000072479,0.128074905562,0.0,13.4286,9.77514e-07,13.4286,0.0
2607,209,1.78000095367,0.120846949955,0.0,14.0527,6.04365e-06,14.0527,0.0
2669,214,1.60000072479,0.101330896289,0.0,14.1156,2.5272e-06,14.1156,0.0
2731,219,1.73000080109,0.115972193365,0.0,13.6009,1.61169e-06,13.6009,0.0
2794,224,1.51000095367,0.106260162756,0.0,13.8095,6.0313e-06,13.8095,0.0
2856,229,1.62000099182,0.117813109173,0.0,13.4562,1.16586e-06,13.4562,0.0
2918,234,1.51000099182,0.102715611239,0.0,12.8489,1.62122e-06,12.8489,0.0
2979,239,1.51000095367,0.106772929839,0.0,13.7238,1.42335e-06,13.7238,0.0
2994,240,1.70000080109,0.109017935939,0.0,12.8931,2.05277e-06,12.8931,0.0
3007,241,1.66000106812,0.112453996676,0.0,13.7051,1.99314e-06,13.705,0.0
3021,242,1.72000144958,0.10707299118,0.0,13.8417,4.86373e-07,13.8417,0.0
3036,243,1.47000118256,0.106007909421,0.0,12.9963,3.69548e-07,12.9963,0.0
3050,244,1.58000102997,0.110784045567,0.0,13.4476,8.55921e-07,13.4476,0.0
3064,245,1.67000114441,0.116751398101,0.0,13.4161,1.15155e-06,13.4161,0.0
3078,246,1.78000091553,0.113884012233,0.0,13.8241,1.32798e-06,13.8241,0.0
3092,247,1.62000091553,0.119974781556,0.0,12.9482,1.54256e-06,12.9482,0.0
3106,248,1.53000076294,0.120600320521,0.0,13.2293,7.31943e-07,13.2293,0.0
3120,249,1.66000125885,0.115635596923,0.0,13.8641,3.91455e-06,13.8641,0.0
