221,4,7.80000053406,0.30833316166,0.0,16.8107,0.00821689,16.8025,0.0
457,9,4.79000080109,0.193390959445,0.0,13.986,0.00217216,13.9838,0.0
688,14,3.00000091553,0.128084618851,0.0,13.2486,0.000421422,13.2482,0.0
921,19,2.88000091553,0.125719566367,0.0,12.8131,0.000176833,12.8129,0.0
1153,24,2.89000102997,0.135622738884,0.0,12.3028,4.97814e-05,12.3027,0.0
1386,29,2.72000114441,0.120008243205,0.0,12.0066,2.81591e-05,12.0066,0.0
1621,34,2.36000099182,0.11124650226,0.0,11.7826,1.54389e-05,11.7826,0.0
1851,39,2.36000095367,0.111293524257,0.0,11.5359,0.000187176,11.5357,0.0
2083,44,2.24000110626,0.117940307835,0.0,11.196,1.23994e-05,11.196,0.0
2315,49,2.16000106812,0.124613317209,0.0,11.307,1.01039e-05,11.307,0.0
2549,54,2.1900006485,0.124604214356,0.0,11.3415,5.9723e-06,11.3415,0.0
2781,59,2.18000080109,0.123164768504,0.0,10.8481,1.07661e-05,10.8481,0.0
3014,64,2.20000099182,0.127262562376,0.0,10.7623,9.92e-06,10.7622,0.0
3246,69,1.94000080109,0.127915136323,0.0,10.9303,6.08669e-06,10.9303,0.0
3478,74,2.23000068665,0.140884952046,0.0,10.2338,1.35238e-05,10.2338,0.0
3713,79,2.13000099182,0.127953694646,0.0,10.6466,1.94786e-06,10.6466,0.0
3949,84,2.1400012207,0.128831513219,0.0,10.3293,6.27264e-06,10.3293,0.0
4182,89,2.48000106812,0.16033726436,0.0,10.4982,2.86533e-05,10.4982,0.0
4417,94,2.03000087738,0.124539311392,0.0,10.3382,1.5664e-06,10.3382,0.0
4661,99,2.06000110626,0.124602079186,0.0,10.0065,7.53402e-07,10.0065,0.0
4901,104,1.90000114441,0.124766231628,0.0,10.1222,2.33885e-06,10.1222,0.0
5131,109,2.18000114441,0.139473468138,0.0,10.0988,1.82388e-06,10.0988,0.0
5365,114,1.89000118256,0.122078317678,0.0,10.2797,1.65015e-05,10.2797,0.0
5599,119,1.90000102997,0.117678360729,0.0,9.5488,1.18491e-05,9.54879,0.0
5837,124,1.97000102997,0.127755614114,0.0,10.2191,1.54737e-05,10.2191,0.0
6071,129,2.13000114441,0.133445066446,0.0,9.88805,6.53186e-06,9.88804,0.0
6309,134,1.84000114441,0.128368385001,0.0,10.0434,1.69276e-06,10.0434,0.0
6543,139,1.84000099182,0.119976568194,0.0,9.77403,2.80137e-06,9.77403,0.0
6778,144,2.02000072479,0.135589327351,0.0,9.8872,1.34705e-06,9.8872,0.0
7023,149,1.94000118256,0.135664655322,0.0,9.86118,3.56185e-06,9.86117,0.0
7260,154,1.85000133514,0.125557933721,0.0,9.93194,8.29695e-07,9.93194,0.0
7507,159,1.58000091553,0.106918895562,0.0,9.63556,2.3722e-06,9.63556,0.0
7743,164,1.71000099182,0.1210393328,0.0,10.5334,5.23288e-06,10.5334,0.0
7978,169,2.01000072479,0.139398236734,0.0,10.1969,4.10079e-07,10.1969,0.0
8214,174,1.83000114441,0.128348742354,0.0,10.3192,3.81469e-07,10.3192,0.0
8456,179,1.82000141144,0.142498680825,0.0,10.2933,8.48766e-07,10.2933,0.0
8690,184,1.68000083923,0.121070800988,0.0,9.7238,6.55649e-07,9.7238,0.0
8920,189,1.56000102997,0.115658491948,0.0,9.6169,7.31943e-07,9.6169,0.0
9160,194,1.87000099182,0.135784084016,0.0,10.1805,1.14917e-06,10.1805,0.0
9396,199,1.750001297,0.124432200678,0.0,9.7713,5.86507e-07,9.7713,0.0
9636,204,2.05000080109,0.155973852152,0.0,9.26559,5.14983e-07,9.26559,0.0
9872,209,1.85000087738,0.124946890988,0.0,10.1119,5.1019e-06,10.1119,0.0
10114,214,1.62000061035,0.116531293535,0.0,9.36377,4.60147e-07,9.36377,0.0
10354,219,1.68000099182,0.128347944425,0.0,10.1298,2.86102e-07,10.1298,0.0
10575,224,1.75000118256,0.130945154827,0.0,9.65359,2.47473e-06,9.65359,0.0
10793,229,1.70000114441,0.125145478905,0.0,9.68198,2.17672e-06,9.68198,0.0
11055,234,1.70000133514,0.115625988993,0.0,10.0509,2.43187e-07,10.0509,0.0
11272,239,1.55000091553,0.116242611495,0.0,9.88101,5.12598e-07,9.88101,0.0
11323,240,1.55000083923,0.117725189543,0.0,9.8041,9.36976e-07,9.8041,0.0
11374,241,1.51000080109,0.111433474989,0.0,8.99346,8.48765e-07,8.99346,0.0
11426,242,1.66000099182,0.123950864453,0.0,9.94061,2.17997e-05,9.94059,0.0
11475,243,1.6900012207,0.122989378301,0.0,9.41831,6.0219e-06,9.41831,0.0
11526,244,1.55000072479,0.12201429646,0.0,9.71678,4.38688e-07,9.71678,0.0
11577,245,1.62000106812,0.136322485097,0.0,9.39828,1.69277e-07,9.39828,0.0
11630,246,1.62000125885,0.130096834173,0.0,9.42455,1.71661e-07,9.42455,0.0
11689,247,1.78000072479,0.119509684282,0.0,9.70022,1.13485e-06,9.70022,0.0
11742,248,1.60000068665,0.121753775655,0.0,9.69427,5.22133e-07,9.69426,0.0
11793,249,1.70000114441,0.120853862804,0.0,9.91365,1.0681e-06,9.91365,0.0
