61,4,6.96000061035,0.306226228736,0.0,12.717,0.0074458,12.7096,0.0
123,9,4.38000076294,0.181193797793,0.0,10.7731,0.00182104,10.7713,0.0
185,14,3.43000011444,0.150116486684,0.0,9.56645,0.000377913,9.56608,0.0
248,19,2.68000087738,0.136935998434,0.0,9.30403,0.00123513,9.3028,0.0
310,24,2.43000114441,0.116997549523,0.0,9.28468,4.53065e-05,9.28463,0.0
372,29,2.50000091553,0.124028438908,0.0,9.05408,2.6542e-05,9.05406,0.0
434,34,2.13000118256,0.125335168352,0.0,9.08876,1.80215e-05,9.08874,0.0
497,39,1.95000068665,0.110486555728,0.0,8.59919,1.70605e-05,8.59918,0.0
579,44,1.9100012207,0.105746365207,0.0,8.59948,1.01874e-05,8.59947,0.0
665,49,1.87000114441,0.105018470081,0.0,8.26535,9.74143e-06,8.26534,0.0
752,54,1.86000110626,0.105303726642,0.0,8.55007,3.96486e-06,8.55007,0.0
838,59,1.66000102997,0.100010933348,0.0,8.42347,8.57788e-06,8.42346,0.0
926,64,1.59000102997,0.103228298315,0.0,7.89398,3.84562e-06,7.89398,0.0
1013,69,1.6300012207,0.102017643614,0.0,8.27757,9.05989e-07,8.27756,0.0
1100,74,1.49000083923,0.0921631614228,0.0,8.37487,3.054e-06,8.37487,0.0
1184,79,1.56000114441,0.0967548418065,0.0,8.85063,1.33514e-06,8.85063,0.0
1269,84,1.49000091553,0.106371460759,0.0,8.33544,1.69753e-06,8.33544,0.0
1354,89,1.3300005722,0.100035138793,0.0,8.0818,1.06573e-06,8.0818,0.0
1441,94,1.50000091553,0.0924654390293,0.0,8.77504,1.30891e-06,8.77504,0.0
1527,99,1.41000110626,0.0898670519975,0.0,8.03664,8.89299e-07,8.03664,0.0
1613,104,1.37000087738,0.0825132812288,0.0,8.21909,1.44003e-06,8.21909,0.0
1698,109,1.34000080109,0.0910842649402,0.0,7.87024,6.67567e-07,7.87024,0.0
1782,114,1.42000114441,0.0900062352689,0.0,7.95348,5.0783e-07,7.95348,0.0
1867,119,1.22000114441,0.0850276719431,0.0,7.79637,2.74882e-06,7.79637,0.0
1954,124,1.28000110626,0.0943439397214,0.0,8.17281,1.64509e-07,8.17281,0.0
2040,129,1.23000099182,0.0849142167812,0.0,7.87295,3.69548e-07,7.87295,0.0
2126,134,1.38000118256,0.102575588438,0.0,8.2515,3.00407e-07,8.2515,0.0
2212,139,1.21000076294,0.0875796769071,0.0,8.7228,1.90735e-07,8.7228,0.0
2297,144,1.27000095367,0.0974988972868,0.0,7.63511,3.02791e-07,7.63511,0.0
2383,149,1.40000118256,0.0972233996515,0.0,7.82837,1.52588e-07,7.82837,0.0
2469,154,1.31000102997,0.0897563100671,0.0,7.72014,2.76565e-07,7.72013,0.0
2553,159,1.25000099182,0.0973636324965,0.0,7.78147,1.97887e-07,7.78147,0.0
2637,164,1.18000106812,0.0938513144205,0.0,7.97821,1.69277e-07,7.97821,0.0
2724,169,1.19000118256,0.0911427449658,0.0,7.56843,1.3113e-07,7.56843,0.0
2813,174,1.28000083923,0.0922594103494,0.0,8.00318,1.35898e-07,8.00318,0.0
2898,179,1.45000083923,0.0999580489429,0.0,7.99713,1.43051e-07,7.99713,0.0
2986,184,1.32000091553,0.0875882435114,0.0,8.02371,3.57628e-08,8.02371,0.0
3073,189,1.3900012207,0.0895334199807,0.0,7.39146,1.04904e-07,7.39146,0.0
3160,194,1.34000080109,0.103460158084,0.0,7.93761,1.55683e-06,7.93761,0.0
3244,199,1.21000102997,0.102103272486,0.0,7.64574,6.91414e-08,7.64574,0.0
3327,204,1.20000087738,0.0976920322579,0.0,7.80204,7.86781e-08,7.80204,0.0
3410,209,1.31000095367,0.099100971284,0.0,7.73704,6.4373e-08,7.73704,0.0
3494,214,1.25000083923,0.101088506027,0.0,7.62368,2.02655e-07,7.62368,0.0
3580,219,1.39000080109,0.103091624694,0.0,8.47311,1.8835e-07,8.47311,0.0
3665,224,1.27000110626,0.0929452795939,0.0,7.6938,7.62939e-08,7.6938,0.0
3751,229,1.29000114441,0.0883251065437,0.0,7.62857,6.55642e-07,7.62857,0.0
3837,234,1.24000087738,0.105549948783,0.0,7.63722,5.96046e-08,7.63722,0.0
3922,239,1.17000076294,0.0902263146717,0.0,7.38985,5.48363e-08,7.38985,0.0
3940,240,1.25000106812,0.0966186780048,0.0,8.15878,5.00679e-08,8.15878,0.0
3960,241,1.220001297,0.0912434184079,0.0,7.61399,2.86102e-08,7.61399,0.0
3978,242,1.35000125885,0.0868997365853,0.0,7.65832,3.33786e-08,7.65832,0.0
3996,243,1.21000072479,0.0794748313573,0.0,7.43833,1.09672e-07,7.43833,0.0
4015,244,1.26000102997,0.0894520455788,0.0,7.98562,1.90735e-08,7.98562,0.0
4033,245,1.30000083923,0.0900320777594,0.0,8.3883,4.52995e-08,8.3883,0.0
4052,246,1.38000087738,0.104848989316,0.0,7.57042,1.12057e-07,7.57042,0.0
4069,247,1.25000125885,0.0920640130534,0.0,7.48668,5.24521e-08,7.48668,0.0
4088,248,1.19000110626,0.0845082307903,0.0,7.29242,6.4373e-08,7.29242,0.0
4106,249,1.12000095367,0.0817498159727,0.0,7.71469,2.38419e-08,7.71469,0.0
