49,4,6.83999908447,0.296532442719,0.0,37.923,0.0246768,37.8983,2.79044,0.92825
101,9,3.94000076294,0.178254862353,7.62939453125e-06,31.1369,0.00701811,31.1298,3.02352,0.949171
152,14,2.95000144958,0.137275567092,7.62939453125e-06,27.7212,0.0023005,27.7189,3.88275,0.948955
204,19,2.45000144958,0.117118416224,0.0,25.3177,0.00100186,25.3167,4.5249,0.941503
256,24,2.35000228882,0.116430882523,0.0,25.6447,0.000919917,25.6438,4.39242,nan
306,29,2.27000228882,0.108064542087,0.0,25.0187,0.000177636,25.0185,4.77367,0.93097
359,34,2.12000267029,0.104209512059,0.0,24.5694,9.34165e-05,24.5693,4.94948,0.948484
410,39,2.15000282288,0.104229687522,7.62939453125e-06,25.8339,0.000107512,25.8338,5.36973,nan
462,44,2.04000259399,0.101591090718,0.0,24.7597,6.62139e-05,24.7596,5.68668,1.0269
514,49,1.84000305176,0.103792427578,0.0,23.6315,3.52636e-05,23.6315,6.39203,nan
566,54,1.92000213623,0.1028367418,0.0,25.1283,0.000257496,25.1281,6.00555,nan
618,59,1.7100037384,0.0974567450746,7.62939453125e-06,23.6077,1.96446e-05,23.6077,5.74412,nan
671,64,1.84000350952,0.109167358961,7.62939453125e-06,23.7243,2.52661e-05,23.7242,6.39726,nan
723,69,1.75000297546,0.0999866272439,7.62939453125e-06,23.5866,2.12469e-05,23.5866,6.668,nan
775,74,1.57000289917,0.0954575127832,0.0,22.5091,9.76186e-06,22.509,7.1151,nan
829,79,1.5900025177,0.0963319166572,0.0,24.0026,1.15756e-05,24.0026,7.15067,nan
883,84,1.51000328064,0.101927558101,0.0,23.7473,5.13548e-06,23.7473,6.57124,nan
934,89,1.44000289917,0.0936880773403,0.0,23.8164,9.39915e-06,23.8164,6.42745,nan
986,94,1.50000335693,0.0949693724715,0.0,23.2698,9.0488e-06,23.2698,6.77355,nan
1039,99,1.50000320435,0.102071783454,0.0,23.5202,5.29637e-06,23.5202,6.5104,nan
1091,104,1.45000320435,0.0881788103119,7.62939453125e-06,22.1286,7.05088e-06,22.1286,6.07382,nan
1142,109,1.43000335693,0.0913186682828,0.0,23.4541,7.82473e-06,23.4541,6.89757,nan
1194,114,1.4400038147,0.090557193851,0.0,23.6427,2.75966e-06,23.6427,6.7444,nan
1246,119,1.4200037384,0.0940202737514,7.62939453125e-06,23.0086,4.91969e-06,23.0086,6.70178,nan
1298,124,1.3700037384,0.085424614294,7.62939453125e-06,23.9236,2.64998e-06,23.9236,6.65979,nan
1350,129,1.43000328064,0.0957759774936,7.62939453125e-06,21.8351,3.88378e-06,21.8351,7.13482,nan
1401,134,1.42000289917,0.105420317842,0.0,23.0966,6.6527e-06,23.0966,7.12289,nan
1454,139,1.52000335693,0.10553538069,0.0,22.5928,1.99078e-06,22.5928,8.08064,nan
1505,144,1.3300037384,0.0998312081414,7.62939453125e-06,22.7503,3.88835e-06,22.7503,7.59376,nan
1556,149,1.28000312805,0.0968892764166,7.62939453125e-06,22.1253,2.19104e-06,22.1253,7.05728,nan
1607,154,1.44000312805,0.0948645480227,7.62939453125e-06,22.8543,1.64865e-06,22.8543,7.67098,nan
1660,159,1.33000335693,0.0946620561459,7.62939453125e-06,22.416,1.00731e-06,22.416,7.64336,nan
1712,164,1.37000335693,0.108229777504,7.62939453125e-06,21.764,5.10616e-06,21.764,7.94566,nan
1765,169,1.31000282288,0.0926294568081,7.62939453125e-06,21.5424,6.08351e-06,21.5424,7.45053,nan
1817,174,1.4100025177,0.101128714315,0.0,23.0307,3.90864e-06,23.0307,7.16847,nan
1871,179,1.41000312805,0.100247346044,0.0,22.1434,4.44974e-06,22.1434,7.25787,nan
1923,184,1.33000312805,0.0929919826289,0.0,21.3944,4.0586e-06,21.3944,7.34963,nan
1975,189,1.37000427246,0.101108715698,0.0,22.0528,2.4056e-06,22.0528,8.03383,nan
2026,194,1.4300037384,0.104147404604,0.0,21.1256,2.82393e-06,21.1256,8.31934,nan
2077,199,1.38000343323,0.10281476896,0.0,24.0072,6.50881e-07,24.0072,8.41527,nan
2128,204,1.31000297546,0.0922637113131,7.62939453125e-06,22.2376,6.32999e-07,22.2376,7.83178,nan
2180,209,1.30000343323,0.0973600305125,0.0,21.4857,3.08021e-06,21.4857,8.00355,nan
2231,214,1.43000289917,0.103265950357,0.0,21.9856,1.25764e-06,21.9856,8.1525,nan
2283,219,1.30000358582,0.0938495470116,7.62939453125e-06,20.9846,6.2227e-07,20.9846,7.19486,nan
2335,224,1.2400038147,0.093418904943,7.62939453125e-06,22.233,7.69501e-06,22.2329,7.82382,nan
2386,229,1.25000343323,0.0945758448346,7.62939453125e-06,22.9189,6.67568e-07,22.9189,8.23949,nan
2437,234,1.24000350952,0.0928100725489,0.0,20.443,5.87697e-07,20.443,7.65885,nan
2489,239,1.20000312805,0.0940217951984,0.0,21.541,4.5061e-07,21.541,7.14061,nan
2501,240,1.22000358582,0.0917338950733,7.62939453125e-06,20.7038,5.22136e-07,20.7038,7.6168,nan
2514,241,1.16000328064,0.0951674259854,0.0,21.3391,4.26768e-07,21.3391,6.76243,nan
2527,242,1.19000289917,0.0878242126638,0.0,21.0082,4.673e-07,21.0082,7.87035,nan
2539,243,1.22000305176,0.0948025528852,0.0,20.2274,5.05446e-07,20.2274,7.37286,nan
2552,244,1.19000396729,0.0843037836879,7.62939453125e-06,21.4802,6.67568e-07,21.4802,6.96231,nan
2565,245,1.21000427246,0.0891049911326,7.62939453125e-06,20.5842,3.85045e-07,20.5842,7.27825,nan
2576,246,1.22000343323,0.0892069035162,0.0,20.355,3.0756e-07,20.355,6.89092,nan
2590,247,1.15000389099,0.0845346200328,7.62939453125e-06,21.7073,3.01599e-07,21.7073,7.09013,nan
2602,248,1.17000427246,0.0961908401897,7.62939453125e-06,20.4161,5.38825e-07,20.4161,7.54714,nan
2614,249,1.23000343323,0.0891033071977,0.0,20.9873,6.19884e-07,20.9873,7.74423,nan
