167,4,3.03000007629,0.140666079186,3.0517578125e-06,11.8947,0.00508839,11.8896,0.0
339,9,2.75000137329,0.131183736008,4.57763671875e-06,9.91926,0.000426162,9.91883,0.0
509,14,2.15000144958,0.119756271699,1.52587890625e-06,10.1485,0.000333515,10.1482,0.0
681,19,2.10000190735,0.125991579575,3.81469726562e-06,10.1641,0.000232801,10.1639,0.0
853,24,1.87000160217,0.114119105319,6.103515625e-06,9.82687,6.80389e-05,9.8268,0.0
1025,29,1.77000190735,0.100184960959,3.81469726562e-06,9.19889,3.84903e-05,9.19885,0.0
1195,34,2.460001297,0.144460681679,3.81469726562e-06,9.32297,0.000107103,9.32287,0.0
1366,39,1.870001297,0.107379600239,1.52587890625e-06,9.1461,1.14019e-05,9.14609,0.0
1537,44,1.70000190735,0.107565649861,3.0517578125e-06,9.30883,5.12694e-05,9.30878,0.0
1710,49,1.67000190735,0.0992325767427,2.28881835937e-06,9.32636,8.06202e-06,9.32635,0.0
1882,54,1.57000183105,0.0962699327672,6.86645507813e-06,9.34381,2.28719e-05,9.34378,0.0
2054,59,1.67000205994,0.10768811475,7.62939453125e-07,8.90218,1.9484e-05,8.90216,0.0
2228,64,1.59000175476,0.103081044661,6.103515625e-06,9.15766,9.57802e-06,9.15765,0.0
2399,69,1.52000205994,0.103571976004,4.57763671875e-06,8.37741,3.20193e-06,8.37741,0.0
2569,74,1.610001297,0.109538385764,4.57763671875e-06,8.45018,8.20844e-06,8.45017,0.0
2740,79,1.48000221252,0.101296425982,7.62939453125e-06,9.22554,8.97857e-06,9.22553,0.0
2917,84,1.62000190735,0.101461560862,6.103515625e-06,8.51171,1.35233e-05,8.51169,0.0
3088,89,1.44000175476,0.0985862298982,6.103515625e-06,9.06822,2.68219e-06,9.06822,0.0
3259,94,1.48000198364,0.101979538358,7.62939453125e-07,8.36829,7.67059e-06,8.36829,0.0
3429,99,1.55000183105,0.105370478877,2.28881835937e-06,8.56047,4.39755e-06,8.56047,0.0
3602,104,1.56000167847,0.10813397099,2.28881835937e-06,8.71337,4.7611e-06,8.71337,0.0
3786,109,1.45000175476,0.0987997782462,3.81469726562e-06,8.3662,4.90887e-06,8.3662,0.0
3956,114,1.46000213623,0.0952782688925,3.0517578125e-06,8.67113,6.19926e-06,8.67112,0.0
4126,119,1.4200025177,0.0903410694394,3.0517578125e-06,7.77205,3.11369e-06,7.77204,0.0
4295,124,1.37000213623,0.0876392893173,3.0517578125e-06,8.32397,1.16928e-05,8.32396,0.0
4466,129,1.39000213623,0.101704632649,7.62939453125e-06,8.62425,6.11253e-06,8.62424,0.0
4640,134,1.58000175476,0.114758973257,4.57763671875e-06,8.24483,7.00539e-06,8.24482,0.0
4811,139,1.40000198364,0.100106567255,6.103515625e-06,9.40996,2.59872e-06,9.40995,0.0
4987,144,1.55000221252,0.103253069888,3.81469726562e-06,9.13806,2.65476e-06,9.13806,0.0
5174,149,1.44000183105,0.0841641308386,2.28881835937e-06,8.16942,2.0623e-06,8.16942,0.0
5343,154,1.45000213623,0.0914554935839,3.81469726562e-06,8.39811,1.15871e-06,8.39811,0.0
5519,159,1.43000183105,0.0978642194123,5.34057617187e-06,8.99379,3.89446e-06,8.99378,0.0
5695,164,1.38000213623,0.08859764411,5.34057617187e-06,8.82711,2.14574e-06,8.8271,0.0
5871,169,1.32000244141,0.0893839330312,6.103515625e-06,8.0551,4.6679e-06,8.05509,0.0
6053,174,1.47000205994,0.100365480905,3.81469726562e-06,8.06628,2.07663e-05,8.06626,0.0
6236,179,1.35000213623,0.102175381094,2.28881835937e-06,8.07487,3.39134e-06,8.07487,0.0
6425,184,1.43000183105,0.0993425115065,2.28881835937e-06,8.77853,0.000148735,8.77838,0.0
6600,189,1.38000175476,0.0964211491504,7.62939453125e-07,8.0992,1.59381e-06,8.09919,0.0
6789,194,1.42000213623,0.0954048929721,4.57763671875e-06,8.37593,1.77261e-06,8.37593,0.0
6982,199,1.50000175476,0.103350281962,5.34057617187e-06,8.4411,9.42942e-07,8.4411,0.0
7154,204,1.44000190735,0.0939519700928,4.57763671875e-06,7.68587,8.58305e-07,7.68587,0.0
7324,209,1.38000205994,0.0922892530351,3.0517578125e-06,8.69647,1.7619e-06,8.69647,0.0
7501,214,1.41000190735,0.0900233402775,7.62939453125e-06,8.31198,8.60686e-07,8.31198,0.0
7694,219,1.40000160217,0.0890874410765,4.57763671875e-06,8.14498,1.51752e-06,8.14497,0.0
7883,224,1.35000205994,0.089136808829,4.57763671875e-06,7.94862,7.24791e-07,7.94862,0.0
8076,229,1.41000221252,0.0909274902452,3.81469726562e-06,7.63735,8.97644e-07,7.63735,0.0
8269,234,1.36000190735,0.0916540123519,4.57763671875e-06,8.21824,7.77241e-07,8.21824,0.0
8447,239,1.29000160217,0.0841940018892,3.0517578125e-06,8.3439,8.85713e-07,8.3439,0.0
8484,240,1.33000221252,0.0955907517973,3.0517578125e-06,7.82915,1.85127e-06,7.82915,0.0
8520,241,1.28000167847,0.0868183966327,6.103515625e-06,7.70518,6.77107e-07,7.70518,0.0
8558,242,1.27000198364,0.0844994147561,5.34057617187e-06,7.39869,1.78213e-06,7.39869,0.0
8599,243,1.3400025177,0.0876281583645,2.28881835937e-06,8.33572,1.00612e-06,8.33572,0.0
8636,244,1.29000236511,0.0807455451067,3.81469726562e-06,7.80788,4.33921e-07,7.80788,0.0
8672,245,1.26000167847,0.0822412746167,5.34057617187e-06,8.10675,1.50441e-06,8.10675,0.0
8709,246,1.27000213623,0.0844703979733,5.34057617187e-06,8.43066,1.38996e-06,8.43066,0.0
8746,247,1.29000205994,0.0924902866786,4.57763671875e-06,7.92225,3.29017e-07,7.92225,0.0
8782,248,1.29000221252,0.0843862393124,6.103515625e-06,8.00327,7.41479e-07,8.00327,0.0
8819,249,1.33000221252,0.0787967854027,4.57763671875e-06,7.5829,6.65186e-07,7.5829,0.0
