63,4,9.6900005722,0.432430230528,0.0,26.5036,0.0205154,26.4831,0.0
126,9,6.23000102997,0.289217405617,0.0,22.7731,0.0102997,22.7628,0.0
190,14,4.95000076294,0.206903410219,0.0,19.5307,0.00417013,19.5266,0.0
248,19,4.13000106812,0.175025142832,0.0,18.8013,0.00124576,18.8,0.0
313,24,3.28000083923,0.140483944714,0.0,17.6247,0.000726535,17.624,0.0
378,29,3.34000083923,0.141114199142,0.0,17.2637,0.000476047,17.2633,0.0
444,34,3.25000072479,0.14356021211,0.0,16.7312,0.000478779,16.7307,0.0
509,39,2.90000072479,0.128624025811,0.0,17.6408,0.000390993,17.6404,0.0
575,44,2.750001297,0.137471471622,0.0,15.9472,0.000126163,15.9471,0.0
640,49,2.59000087738,0.124654519525,0.0,16.0502,6.4775e-05,16.0502,0.0
705,54,2.66000099182,0.135092776321,0.0,15.7616,3.56362e-05,15.7616,0.0
771,59,2.47000106812,0.126955917496,0.0,15.3835,5.47764e-05,15.3834,0.0
836,64,2.22000102997,0.115317344538,0.0,15.7273,0.000120387,15.7272,0.0
902,69,2.61000072479,0.129063999612,0.0,15.1399,1.38207e-05,15.1399,0.0
968,74,2.27000091553,0.116877097977,0.0,15.0801,4.91445e-05,15.08,0.0
1033,79,2.15000076294,0.110268564419,0.0,15.9312,8.01309e-06,15.9312,0.0
1099,84,2.04000091553,0.11594012408,0.0,15.6757,1.46667e-05,15.6757,0.0
1164,89,2.05000080109,0.112698839679,0.0,14.2901,1.35478e-05,14.2901,0.0
1229,94,2.16000102997,0.125073970415,0.0,14.0758,8.68289e-06,14.0758,0.0
1294,99,2.15000045776,0.123257574689,0.0,14.6195,1.20776e-05,14.6195,0.0
1359,104,2.05000102997,0.118124250026,0.0,14.2668,1.06236e-05,14.2667,0.0
1423,109,1.91000080109,0.121095019826,0.0,14.2211,4.28167e-05,14.2211,0.0
1488,114,1.94000099182,0.123273945031,0.0,13.8797,9.05183e-06,13.8797,0.0
1553,119,2.02000072479,0.12153609008,0.0,14.4354,8.0606e-06,14.4354,0.0
1618,124,1.84000102997,0.117965090784,0.0,13.9894,4.02444e-06,13.9894,0.0
1682,129,1.91000049591,0.118701091827,0.0,14.6072,1.07989e-05,14.6072,0.0
1747,134,1.74000099182,0.116643642893,0.0,14.0527,3.9696e-06,14.0527,0.0
1812,139,1.71000106812,0.112201550331,0.0,14.0482,2.14846e-05,14.0482,0.0
1877,144,1.90000110626,0.116665624775,0.0,13.7842,1.93357e-06,13.7842,0.0
1942,149,1.8800005722,0.125402686721,0.0,13.8343,2.58919e-06,13.8343,0.0
2006,154,1.62000080109,0.109099939604,0.0,13.4769,6.87093e-06,13.4768,0.0
2070,159,1.81000061035,0.111875118806,0.0,13.7302,5.27602e-06,13.7302,0.0
2136,164,1.85000099182,0.118368106897,0.0,13.8066,3.92909e-06,13.8065,0.0
2200,169,2.05000091553,0.131520479993,0.0,14.1805,5.19253e-06,14.1805,0.0
2266,174,1.86000110626,0.129216425619,0.0,13.4781,3.72405e-06,13.4781,0.0
2331,179,1.75000102997,0.113628621789,0.0,13.4844,2.40561e-06,13.4844,0.0
2395,184,1.78000133514,0.114260624751,0.0,13.1105,2.4056e-06,13.1105,0.0
2460,189,1.62000087738,0.11500022858,0.0,14.3542,1.4758e-06,14.3542,0.0
2525,194,1.80000102997,0.116761762532,0.0,14.0084,4.07695e-07,14.0084,0.0
2590,199,1.79000102997,0.116707598219,0.0,13.5967,3.58983e-05,13.5966,0.0
2655,204,1.71000110626,0.11563907463,0.0,13.9577,4.96583e-06,13.9577,0.0
2720,209,1.78000087738,0.120513893378,0.0,13.4449,4.71562e-06,13.4449,0.0
2785,214,1.75000083923,0.124029580289,0.0,13.5192,3.04695e-06,13.5192,0.0
2851,219,1.71000080109,0.123973746278,0.0,13.0076,1.23023e-06,13.0076,0.0
2916,224,1.66000080109,0.121698339482,0.0,13.7762,2.56049e-06,13.7762,0.0
2981,229,1.65000133514,0.116345146236,0.0,13.8521,3.45707e-07,13.8521,0.0
3046,234,1.61000091553,0.118399442987,0.0,13.4491,1.48294e-06,13.4491,0.0
3112,239,1.74000072479,0.136710616805,0.0,13.3996,9.29823e-07,13.3996,0.0
3127,240,1.67000091553,0.121861441175,0.0,13.7303,4.81604e-07,13.7303,0.0
3142,241,1.78000087738,0.122838318568,0.0,13.8581,7.46247e-07,13.8581,0.0
3157,242,1.63000095367,0.123263277958,0.0,13.389,1.20877e-06,13.389,0.0
3172,243,1.69000118256,0.127293945318,0.0,13.375,3.96473e-06,13.375,0.0
3187,244,1.61000110626,0.107149800137,0.0,13.6023,1.37328e-06,13.6023,0.0
3202,245,1.63000072479,0.118996151159,0.0,13.4292,1.51394e-06,13.4292,0.0
3217,246,1.58000076294,0.115999950073,0.0,13.803,1.92161e-06,13.803,0.0
3232,247,1.56000080109,0.114433959027,0.0,13.2643,3.60011e-07,13.2643,0.0
3247,248,1.50000106812,0.119988585272,0.0,13.3104,5.45977e-07,13.3104,0.0
3262,249,1.72000125885,0.130645758934,0.0,13.6465,7.46247e-07,13.6465,0.0
