201,4,8.56000030518,0.327166968528,0.0,16.3698,0.00585067,16.3639,0.0
130,4,4.36999847412,0.173858815022,7.62939453125e-06,13.2547,0.00288102,13.2519,0.0
266,9,2.80000068665,0.122610322274,0.0,12.7035,0.00156758,12.7019,0.0
394,14,2.530001297,0.114270351706,7.62939453125e-06,11.6671,0.000673233,11.6664,0.0
521,19,2.42000137329,0.115552360658,7.62939453125e-06,11.0859,0.00315501,11.0828,0.0
658,24,2.23000160217,0.111638203766,7.62939453125e-06,11.3078,0.000214212,11.3076,0.0
801,29,2.140001297,0.107011212073,0.0,10.9622,8.53781e-05,10.9621,0.0
941,34,2.17000099182,0.113697597147,7.62939453125e-06,10.715,4.29932e-05,10.715,0.0
1081,39,1.99000137329,0.108208193826,0.0,11.1075,3.9097e-05,11.1075,0.0
1220,44,2.01000106812,0.100545991851,0.0,10.8015,2.11133e-05,10.8015,0.0
1359,49,1.88000175476,0.10334946468,0.0,10.723,2.33708e-05,10.723,0.0
1499,54,1.85000198364,0.104774777484,0.0,10.8948,1.89751e-05,10.8948,0.0
1639,59,1.79000198364,0.0999705331854,0.0,10.3956,6.6232e-06,10.3956,0.0
1785,64,1.66000228882,0.100370090504,0.0,10.388,8.34797e-06,10.388,0.0
1931,69,1.99000160217,0.113724103135,0.0,10.5009,6.65291e-06,10.5009,0.0
2068,74,1.810001297,0.112062448738,0.0,9.87426,3.6287e-06,9.87426,0.0
2208,79,1.77000137329,0.101994139366,0.0,10.3783,4.20562e-06,10.3783,0.0
2349,84,2.07000167847,0.118083959787,0.0,9.911,2.74418e-06,9.911,0.0
2488,89,1.89000137329,0.110958568436,7.62939453125e-06,10.6169,1.61528e-06,10.6169,0.0
2629,94,1.87000144958,0.105857682259,7.62939453125e-06,10.0903,3.87068e-06,10.0903,0.0
2770,99,1.66000175476,0.098547465282,0.0,10.003,2.30549e-06,10.003,0.0
2910,104,1.70000198364,0.109093087213,7.62939453125e-06,9.35968,2.30906e-06,9.35968,0.0
3051,109,1.59000167847,0.107737605421,0.0,10.2198,1.25646e-06,10.2198,0.0
3193,114,1.55000183105,0.0998075922488,7.62939453125e-06,10.0602,3.67977e-06,10.0602,0.0
3334,119,1.47000221252,0.0961194565578,7.62939453125e-06,9.59992,1.66057e-06,9.59992,0.0
3475,124,1.63000160217,0.100029689126,7.62939453125e-06,10.0279,5.05298e-06,10.0279,0.0
3615,129,1.48000267029,0.0985505802307,7.62939453125e-06,9.63341,2.14813e-06,9.63341,0.0
3757,134,1.52000144958,0.0974649675295,7.62939453125e-06,9.97996,1.84534e-06,9.97996,0.0
3897,139,1.71000183105,0.103572079154,7.62939453125e-06,9.75337,3.97431e-06,9.75337,0.0
4035,144,1.47000205994,0.0931301261659,0.0,9.62889,5.80547e-07,9.62889,0.0
4177,149,1.49000205994,0.0979114971345,0.0,9.61637,1.67607e-06,9.61637,0.0
4320,154,1.46000183105,0.097408108121,0.0,9.85216,2.40192e-06,9.85216,0.0
4462,159,1.44000205994,0.0906118760625,0.0,9.56155,1.04188e-06,9.56155,0.0
4603,164,1.55000190735,0.098390758459,0.0,9.47065,1.88464e-06,9.47065,0.0
4746,169,1.57000167847,0.105641684782,7.62939453125e-06,8.81871,1.67011e-06,8.8187,0.0
4889,174,1.39000198364,0.0929576544248,7.62939453125e-06,9.76678,6.55649e-07,9.76678,0.0
5039,179,1.50000205994,0.101807104968,0.0,9.45615,7.45056e-07,9.45615,0.0
5183,184,1.53000213623,0.105985479348,7.62939453125e-06,9.17461,1.23739e-06,9.17461,0.0
5333,189,1.45000183105,0.0978540259386,7.62939453125e-06,9.06829,4.76777e-06,9.06829,0.0
5473,194,1.29000259399,0.0884316089981,0.0,9.28294,1.27551e-06,9.28294,0.0
5614,199,1.45000221252,0.103418181568,0.0,10.0548,2.63445e-06,10.0548,0.0
5755,204,1.51000160217,0.102290868648,0.0,9.40505,4.5094e-06,9.40504,0.0
5898,209,1.39000228882,0.0934561344481,7.62939453125e-06,9.2313,1.60451e-06,9.2313,0.0
6039,214,1.39000198364,0.0972361758925,0.0,8.94648,8.80947e-07,8.94648,0.0
6180,219,1.40000221252,0.0897461285892,7.62939453125e-06,9.22361,7.34324e-07,9.22361,0.0
6325,224,1.36000259399,0.0947606985958,7.62939453125e-06,9.66861,8.35654e-07,9.66861,0.0
6468,229,1.54000167847,0.102438311641,7.62939453125e-06,10.052,4.70875e-07,10.052,0.0
6610,234,1.41000221252,0.103012662815,0.0,9.02918,2.57492e-07,9.02918,0.0
6755,239,1.40000183105,0.101814857498,0.0,9.28676,3.86238e-07,9.28676,0.0
6789,240,1.48000190735,0.102554203443,0.0,9.06393,5.66237e-07,9.06393,0.0
6823,241,1.37000183105,0.104346139447,7.62939453125e-06,9.4062,1.55207e-06,9.4062,0.0
6856,242,1.30000205994,0.0928129208041,7.62939453125e-06,9.00469,4.2062e-06,9.00469,0.0
6889,243,1.37000152588,0.102960718914,7.62939453125e-06,9.02756,6.31805e-07,9.02755,0.0
6923,244,1.45000167847,0.102861037463,7.62939453125e-06,9.36511,5.00678e-07,9.36511,0.0
6955,245,1.54000175476,0.109966948177,0.0,9.1745,2.63683e-06,9.1745,0.0
6988,246,1.43000205994,0.102039824499,7.62939453125e-06,9.01704,6.78299e-07,9.01704,0.0
7022,247,1.34000236511,0.0937088639828,0.0,9.66633,4.9114e-07,9.66633,0.0
7055,248,1.39000190735,0.101678364338,7.62939453125e-06,8.906,6.71145e-07,8.906,0.0
7089,249,1.33000205994,0.101109238742,0.0,9.2837,7.36708e-07,9.2837,0.0
