191,4,2.98000099182,0.139890656769,2.28881835937e-06,17.4686,0.0317453,17.3289,0.107893
384,9,2.23000259399,0.107088603899,6.86645507813e-06,15.1491,0.0155825,14.9988,0.134701
577,14,2.24000289917,0.107606121916,3.0517578125e-06,13.339,0.0148519,13.2588,0.0653945
769,19,2.08000267029,0.0932067446783,2.28881835937e-06,12.3394,0.0127892,12.1769,0.14971
962,24,1.94000267029,0.0887690600194,1.52587890625e-06,12.6177,0.0107043,12.4577,0.149245
1155,29,1.88000267029,0.0921968875639,1.52587890625e-06,11.9585,0.0117968,11.7881,0.158626
1347,34,1.89000282288,0.0883292946033,3.0517578125e-06,12.0454,0.00954921,11.9431,0.0927479
1539,39,1.88000282288,0.0872122552805,1.52587890625e-06,11.4415,0.0101695,11.2868,0.14457
1732,44,1.65000328064,0.0815858686157,6.103515625e-06,11.6173,0.00936912,11.3681,0.239929
1924,49,1.57000350952,0.083258570917,2.28881835937e-06,11.3269,0.010959,11.2736,0.0422972
2113,54,1.63000312805,0.0822895087302,5.34057617187e-06,11.8002,0.0103263,11.5821,0.207862
2301,59,1.63000297546,0.0816916714609,6.103515625e-06,10.6274,0.0114638,10.5148,0.101153
2488,64,1.62000328064,0.0817334690876,4.57763671875e-06,11.1943,0.0100552,11.0788,0.105477
2674,69,1.60000289917,0.0783444365673,5.34057617187e-06,10.508,0.0109058,10.3803,0.116775
2860,74,1.77000282288,0.0761034426745,6.86645507813e-06,10.7092,0.00983454,10.5398,0.159505
3046,79,1.55000350952,0.0759480225295,3.0517578125e-06,10.6775,0.0103249,10.524,0.143143
3233,84,1.49000328064,0.0714306213707,5.34057617187e-06,10.6947,0.00966381,10.5507,0.134327
3421,89,1.54000312805,0.0773567114677,3.81469726562e-06,10.7741,0.00995616,10.3902,0.373987
3608,94,1.49000328064,0.0766930718068,3.0517578125e-06,11.0477,0.0181707,10.7652,0.264362
3795,99,1.5200038147,0.071549882926,4.57763671875e-06,10.749,0.0098632,10.5073,0.231823
3983,104,1.68000282288,0.0787002856657,3.0517578125e-06,10.8345,0.0109369,10.4261,0.397514
4171,109,1.43000297546,0.0737652044743,3.0517578125e-06,10.8015,0.00841309,10.4519,0.341215
4359,114,1.51000366211,0.0742649935,4.57763671875e-06,11.0297,0.00961796,10.6601,0.359989
4547,119,1.53000274658,0.0695425945241,6.86645507813e-06,10.6189,0.00934845,10.3481,0.261402
4735,124,1.56000366211,0.0762654325552,3.81469726562e-06,10.7894,0.00994781,10.2845,0.494928
4922,129,1.41000335693,0.0710817832127,1.52587890625e-06,10.9128,0.00894374,10.3745,0.529344
5110,134,1.45000358582,0.0711782130972,3.0517578125e-06,10.6171,0.00956761,10.1193,0.488281
5298,139,1.42000343323,0.0679123868421,3.0517578125e-06,10.7337,0.00952131,10.1594,0.564873
5486,144,1.39000350952,0.0693713942356,5.34057617187e-06,10.6504,0.00807255,10.1596,0.482806
5674,149,1.38000366211,0.0685673206951,6.86645507813e-06,10.7803,0.00876334,9.83896,0.932615
5864,154,1.40000358582,0.0711732612923,3.0517578125e-06,9.87486,0.00860035,9.44848,0.417776
6052,159,1.43000350952,0.069479384236,4.57763671875e-06,10.4397,0.0175569,9.68027,0.741869
6241,164,1.38000358582,0.0720736557804,5.34057617187e-06,11.8194,0.0099144,10.8226,0.986918
6431,169,1.43000320435,0.0709795830585,6.103515625e-06,11.3234,0.00849101,10.4337,0.881225
6620,174,1.41000312805,0.0701179235522,6.86645507813e-06,11.0546,0.0104265,10.3709,0.673345
6809,179,1.44000335693,0.0696573821642,3.0517578125e-06,10.9018,0.0104832,10.116,0.775341
7001,184,1.52000312805,0.0748997468874,5.34057617187e-06,10.8334,0.010028,10.06,0.763412
7190,189,1.42000328064,0.0674401390366,4.57763671875e-06,10.6104,0.00966462,9.65752,0.94319
7380,194,1.39000419617,0.0719564821944,1.52587890625e-06,11.3986,0.0103792,10.1022,1.28599
7572,199,1.46000366211,0.0716378169693,5.34057617187e-06,10.5924,0.00953816,9.4514,1.13145
7774,204,1.40000305176,0.0669297857396,5.34057617187e-06,10.9939,0.0110203,10.1451,0.837748
7963,209,1.43000389099,0.0696481377259,1.52587890625e-06,11.5969,0.00810442,10.6633,0.925448
8149,214,1.42000312805,0.0687053578626,3.0517578125e-06,12.1466,0.00864196,10.6088,1.52913
8340,219,1.36000320435,0.0684935987927,0.100006103516,11.3132,0.00805912,10.2302,1.07492
8531,224,1.38000350952,0.0664916864317,3.81469726562e-06,10.6472,0.00889552,9.56387,1.07447
8721,229,1.34000389099,0.0645016967226,6.103515625e-06,11.4497,0.00957431,10.0598,1.38024
8912,234,1.36000404358,0.0652484135516,6.103515625e-06,10.6524,0.00919532,9.61185,1.03136
9103,239,1.34000350952,0.0625532481633,3.0517578125e-06,10.6084,0.00853589,9.52281,1.07704
9143,240,1.36000350952,0.0629825917538,6.103515625e-06,10.4342,0.0104289,9.28092,1.14287
9183,241,1.35000335693,0.0671605094243,1.52587890625e-06,11.2655,0.0143592,9.71058,1.54057
9222,242,1.34000312805,0.0666320228111,2.28881835937e-06,10.3147,0.00863612,9.17136,1.13473
9262,243,1.3300038147,0.0668141552806,5.34057617187e-06,12.4224,0.00741146,11.0116,1.40338
9302,244,1.35000358582,0.0656247356348,1.52587890625e-06,10.611,0.00885812,9.14274,1.45941
9343,245,1.32000312805,0.0628312253393,3.81469726562e-06,11.5737,0.00878851,10.2693,1.29559
9382,246,1.30000320435,0.0659170184564,5.34057617187e-06,10.1918,0.00792802,9.19967,0.984232
9422,247,1.33000366211,0.0672113612853,2.28881835937e-06,11.4748,0.00936701,10.0675,1.39794
9462,248,1.34000389099,0.0680632800236,3.81469726562e-06,10.5221,0.00775988,9.32143,1.19287
9502,249,1.38000267029,0.0672005741112,6.86645507813e-06,10.6596,0.00945874,9.25399,1.39615
