38,4,3.26000152588,0.170873051696,1.52587890625e-06,32.7087,0.02928,32.6794,0.0
77,9,2.34000221252,0.107406330211,6.103515625e-06,26.1091,0.00666058,26.1025,0.0
117,14,1.9400038147,0.097112679244,2.28881835937e-06,24.4345,0.00206273,24.4325,0.0
156,19,1.94000282288,0.0973404924059,2.28881835937e-06,21.8267,0.000628616,21.826,0.0
196,24,1.83000328064,0.0886917899759,6.103515625e-06,20.6474,0.000405903,20.647,0.0
235,29,1.66000289917,0.0831185144,1.52587890625e-06,20.8295,0.00025781,20.8293,0.0
275,34,1.69000335693,0.0772000998165,2.28881835937e-06,20.6867,0.000133471,20.6866,0.0
314,39,1.83000289917,0.0835066008233,3.81469726562e-06,20.7114,0.000100645,20.7113,0.0
354,44,1.75000312805,0.0864924455597,5.34057617187e-06,19.8694,0.00011384,19.8693,0.0
394,49,1.50000389099,0.074877095824,6.103515625e-06,20.316,7.10198e-05,20.3159,0.0
433,54,1.59000305176,0.0768110518454,1.52587890625e-06,19.6112,2.49969e-05,19.6112,0.0
473,59,1.37000358582,0.0700509685057,3.0517578125e-06,19.0843,3.92328e-05,19.0842,0.0
513,64,1.59000274658,0.0845982925111,3.81469726562e-06,19.4619,2.93743e-05,19.4619,0.0
552,69,1.6000038147,0.0830484698387,6.86645507813e-06,18.6752,1.79989e-05,18.6751,0.0
592,74,1.37000305176,0.0799898658507,2.28881835937e-06,19.3616,2.45115e-05,19.3616,0.0
632,79,1.50000358582,0.0789785035056,6.86645507813e-06,18.3374,7.44074e-05,18.3373,0.0
672,84,1.34000328064,0.0778477522935,2.28881835937e-06,18.7028,1.4147e-05,18.7028,0.0
711,89,1.37000312805,0.069945683469,3.81469726562e-06,18.1838,1.62575e-05,18.1838,0.0
751,94,1.22000419617,0.0701324483112,6.103515625e-06,18.6004,6.10454e-06,18.6004,0.0
791,99,1.33000328064,0.0701891090184,6.86645507813e-06,18.1933,6.44779e-06,18.1933,0.0
831,104,1.33000411987,0.0684958081713,4.57763671875e-06,18.1251,9.00778e-06,18.1251,0.0
871,109,1.38000366211,0.0727660503844,7.62939453125e-06,17.6241,1.68715e-05,17.6241,0.0
910,114,1.1800038147,0.0663400217035,6.103515625e-06,17.9055,1.2319e-05,17.9055,0.0
950,119,1.1700038147,0.0701012599231,3.81469726562e-06,18.0841,3.11301e-05,18.0841,0.0
990,124,1.23000328064,0.0741311029244,3.81469726562e-06,18.1514,5.47026e-06,18.1514,0.0
1029,129,1.3000038147,0.0723602714902,1.52587890625e-06,18.0466,1.7428e-05,18.0465,0.0
1069,134,1.19000411987,0.0661165325633,5.34057617187e-06,17.784,3.58339e-06,17.784,0.0
1109,139,1.16000411987,0.0712956690707,5.34057617187e-06,17.5236,7.03791e-06,17.5236,0.0
1149,144,1.13000358582,0.0701711570179,2.28881835937e-06,18.3136,8.95105e-06,18.3136,0.0
1188,149,1.0200037384,0.0630763018745,6.86645507813e-06,17.7627,4.66365e-05,17.7626,0.0
1228,154,1.12000328064,0.0638964875427,6.103515625e-06,17.5091,3.30205e-06,17.5091,0.0
1268,159,1.13000389099,0.0667297553809,4.57763671875e-06,17.8473,3.37715e-06,17.8473,0.0
1308,164,1.15000366211,0.0657920721712,3.81469726562e-06,17.9055,1.33424e-05,17.9055,0.0
1347,169,1.1200037384,0.0635496356804,3.81469726562e-06,17.6768,1.87038e-06,17.6768,0.0
1387,174,1.12000434875,0.0650956819463,3.0517578125e-06,17.6238,2.95159e-06,17.6238,0.0
1427,179,1.1200037384,0.0651047301471,6.103515625e-06,17.3831,2.04919e-06,17.3831,0.0
1467,184,1.12000419617,0.0666246543816,5.34057617187e-06,18.1325,7.45955e-06,18.1325,0.0
1506,189,1.10000404358,0.0646686746379,1.52587890625e-06,17.3742,1.38044e-06,17.3742,0.0
1546,194,1.07000328064,0.0585639059422,5.34057617187e-06,17.0851,6.01168e-06,17.0851,0.0
1586,199,1.23000297546,0.069290111355,1.52587890625e-06,17.3889,1.30295e-06,17.3889,0.0
1626,204,1.03000389099,0.0634298219399,1.52587890625e-06,16.6833,1.72969e-06,16.6833,0.0
1665,209,1.04000419617,0.0699898171614,6.86645507813e-06,17.6005,1.02162e-06,17.6005,0.0
1704,214,1.12000434875,0.0646725491772,3.81469726562e-06,17.2824,9.84665e-07,17.2824,0.0
1743,219,0.940004119873,0.0680436926609,1.52587890625e-06,17.2391,2.54267e-06,17.2391,0.0
1781,224,1.11000427246,0.0642885049809,6.103515625e-06,17.4603,1.41858e-06,17.4603,0.0
1820,229,1.1400037384,0.0707287505807,2.28881835937e-06,17.1248,1.40666e-06,17.1248,0.0
1859,234,1.10000320435,0.0658680920413,1.52587890625e-06,17.8866,1.13368e-06,17.8866,0.0
1898,239,1.07000419617,0.0685691910178,4.57763671875e-06,17.2965,1.53421e-06,17.2965,0.0
1907,240,0.980003814697,0.0654731395189,2.28881835937e-06,17.2513,1.91803e-06,17.2513,0.0
1916,241,1.08000427246,0.0657892305781,6.103515625e-06,16.6602,6.81876e-07,16.6602,0.0
1924,242,1.00000427246,0.0672585356745,2.28881835937e-06,17.7896,1.85604e-06,17.7896,0.0
1933,243,1.01000320435,0.0678694710344,6.103515625e-06,17.264,1.04546e-06,17.264,0.0
1941,244,1.0500037384,0.0603339011061,7.62939453125e-07,17.8617,1.32679e-06,17.8617,0.0
1950,245,1.13000366211,0.0701965303288,3.81469726562e-06,16.5506,8.92875e-07,16.5506,0.0
1959,246,1.06000389099,0.0671108467729,2.28881835937e-06,17.4625,1.77262e-06,17.4625,0.0
1967,247,1.09000465393,0.0667068216909,6.103515625e-06,17.688,4.17453e-06,17.688,0.0
1976,248,1.02000350952,0.0617644696508,4.57763671875e-06,17.1065,1.23143e-06,17.1064,0.0
1985,249,1.07000457764,0.0622635692209,7.62939453125e-07,17.1344,1.29103e-06,17.1344,0.0
