21,4,10.4699993896,0.421930907816,0.0,0.350484,0.0171976,0.0,0.333286
43,9,12.8799993896,0.580945520103,0.0,0.319709,0.00550692,0.0,0.314203
66,14,12.1799988556,1.17783710957,0.0,0.046301,0.00305023,0.0,0.0432508
88,19,12.4999993896,1.0654736954,7.62939453125e-06,0.0792141,0.0027952,0.0,0.0764189
110,24,11.1299991608,0.700632528067,7.62939453125e-06,0.140224,0.00225631,0.0,0.137967
133,29,9.14999786377,0.589633585066,7.62939453125e-06,0.127851,0.00087545,0.0,0.126975
155,34,7.66999755859,0.287689587474,0.0,0.289851,0.00127415,0.0,0.288577
178,39,6.54999809265,0.285934344232,7.62939453125e-06,0.286616,0.000890295,0.0,0.285726
200,44,10.4999984741,0.560458539724,0.0,0.113747,0.000974501,0.0,0.112772
222,49,8.36999824524,0.493236045837,0.0,0.0904887,0.000725218,0.0,0.0897635
245,54,9.81999893188,0.421960827857,7.62939453125e-06,0.113569,0.00059694,0.0,0.112972
267,59,6.93999839783,0.330787326843,0.0,0.173028,0.00052546,0.0,0.172503
289,64,6.20999794006,0.310487795025,7.62939453125e-06,0.141782,0.00053632,0.0,0.141245
312,69,5.82999801636,0.279834982455,7.62939453125e-06,0.125202,0.000480549,0.0,0.124721
334,74,6.6699974823,0.326717046946,7.62939453125e-06,0.123751,0.000438681,0.0,0.123312
357,79,5.33999794006,0.280471103787,7.62939453125e-06,0.151102,0.000389979,0.0,0.150712
379,84,4.62999916077,0.26446057722,7.62939453125e-06,0.122927,0.000379266,0.0,0.122547
402,89,4.83999816895,0.23741466701,0.0,0.14571,0.000341075,0.0,0.145369
424,94,4.04999923706,0.246014541239,0.0,0.114052,0.000320788,0.0,0.113731
446,99,3.73999908447,0.247288804203,0.0,0.109095,0.00030333,0.0,0.108792
469,104,3.48,0.241514013857,0.0,0.120575,0.000267596,0.0,0.120308
491,109,3.63999916077,0.240669051409,0.0,0.0828032,0.000263328,0.0,0.0825399
513,114,4.8999987793,0.251572852135,7.62939453125e-06,0.0740051,0.000223474,0.0,0.0737816
536,119,4.05999916077,0.246926646233,7.62939453125e-06,0.137182,0.000232482,0.0,0.13695
558,124,4.239998703,0.245708194971,7.62939453125e-06,0.118641,0.000216145,0.0,0.118425
581,129,4.33999923706,0.254551745802,7.62939453125e-06,0.0966045,0.000212852,0.0,0.0963916
603,134,5.35999893188,0.299939995259,7.62939453125e-06,0.0766081,0.000182492,0.0,0.0764256
625,139,4.89999847412,0.293620776087,0.0,0.0994851,0.000138362,0.0,0.0993467
648,144,4.36999923706,0.270816708654,0.0,0.111363,0.000147815,0.0,0.111215
670,149,4.86999893188,0.326481804401,0.0,0.0878182,0.000154283,0.0,0.0876639
693,154,4.20999938965,0.310605617464,0.0,0.0550669,0.000154289,0.0,0.0549126
715,159,4.57999862671,0.3519343701,7.62939453125e-06,0.0884433,0.00010687,0.0,0.0883365
737,164,4.77999862671,0.37706788376,7.62939453125e-06,0.0453913,0.000141527,0.0,0.0452498
760,169,4.61999923706,0.472852523029,7.62939453125e-06,0.0303199,0.000455506,0.0,0.0298644
782,174,6.24999755859,0.396204913706,0.0,0.0614366,8.64349e-05,0.0,0.0613502
804,179,5.37999832153,0.374869068265,0.0,0.065841,9.4065e-05,0.0,0.0657469
826,184,5.94999816895,0.680440795124,7.62939453125e-06,0.0354478,0.000103358,0.0,0.0353445
848,189,9.21999763489,0.710403084755,7.62939453125e-06,0.0345179,0.00011311,0.0,0.0344048
870,194,9.9299987793,0.598201287687,7.62939453125e-06,0.0359835,0.000191855,0.0,0.0357916
892,199,8.80999824524,0.476200284958,7.62939453125e-06,0.0427169,7.6486e-05,0.0,0.0426404
915,204,9.38999809265,0.485891112089,0.0,0.0319391,7.20682e-05,0.0,0.031867
937,209,5.40999763489,0.359362835288,7.62939453125e-06,0.0769365,7.28656e-05,0.0,0.0768636
959,214,6.70999801636,0.306359261125,0.0,0.0386631,9.75794e-05,0.0,0.0385655
981,219,7.69999763489,0.344885532856,0.0,0.0774293,7.64232e-05,0.0,0.0773529
1003,224,7.14999786377,0.327581160367,7.62939453125e-06,0.0422622,7.3491e-05,0.0,0.0421887
1025,229,6.56999824524,0.323132355064,0.0,0.058342,8.06317e-05,0.0,0.0582614
1047,234,6.15999755859,0.311829070449,7.62939453125e-06,0.0690808,6.8151e-05,0.0,0.0690126
1068,239,5.77999816895,0.298228860199,0.0,0.0661381,5.55144e-05,0.0,0.0660825
1073,240,4.93999839783,0.274211952835,7.62939453125e-06,0.0700278,5.79148e-05,0.0,0.0699699
1078,241,4.61999824524,0.276482308358,7.62939453125e-06,0.0720303,5.80676e-05,0.0,0.0719722
1083,242,4.32999893188,0.266814863682,7.62939453125e-06,0.0628133,5.92453e-05,0.0,0.062754
1088,243,4.77999847412,0.277387198061,7.62939453125e-06,0.0278948,5.64206e-05,0.0,0.0278383
1093,244,4.72999839783,0.276316182613,0.0,0.083188,5.97687e-05,0.0,0.0831282
1098,245,4.56999900818,0.272752975821,0.0,0.0599937,5.16834e-05,0.0,0.059942
1103,246,4.65999946594,0.281989587098,7.62939453125e-06,0.0650226,6.13213e-05,0.0,0.0649613
1108,247,5.40999786377,0.283284911215,0.0,0.0885505,6.19118e-05,0.0,0.0884886
1113,248,5.08999809265,0.262209499329,0.0,0.0593135,5.75569e-05,0.0,0.059256
1118,249,4.819998703,0.292891442329,7.62939453125e-06,0.0461379,7.09889e-05,0.0,0.0460669
