220,4,8.71999816895,0.346048903912,7.62939453125e-06,6.6555,0.00210409,6.65339,0.0
445,9,5.07999862671,0.241147151291,7.62939453125e-06,5.64417,0.000312123,5.64386,0.0
667,14,3.78999938965,0.194452241324,0.0,5.15054,7.38693e-05,5.15046,0.0
890,19,3.47999984741,0.213673838992,7.62939453125e-06,5.25808,1.7455e-05,5.25807,0.0
1110,24,3.12000030518,0.195896495425,0.0,5.32897,1.16759e-05,5.32896,0.0
1331,29,3.13000030518,0.18330021465,0.0,4.80583,3.16974e-06,4.80582,0.0
1550,34,2.99000015259,0.173762638479,7.62939453125e-06,5.02943,2.03012e-06,5.02943,0.0
1771,39,2.61000106812,0.170247750183,7.62939453125e-06,4.87043,1.69276e-06,4.87042,0.0
1994,44,2.93,0.181815052633,0.0,5.12005,1.03831e-06,5.12005,0.0
2216,49,2.79000068665,0.187222064193,7.62939453125e-06,4.62368,1.10983e-06,4.62368,0.0
2440,54,2.53000053406,0.175429497688,7.62939453125e-06,4.59885,1.53657e-06,4.59885,0.0
2662,59,2.450001297,0.165770427547,0.0,4.49869,1.09314e-06,4.49869,0.0
2882,64,2.61000061035,0.189949542692,7.62939453125e-06,4.86192,6.43725e-07,4.86192,0.0
3100,69,3.08000038147,0.204112031294,0.0,4.72855,9.83469e-07,4.72855,0.0
3317,74,2.82000083923,0.194966042565,0.0,4.25845,5.81738e-07,4.25845,0.0
3532,79,2.41000106812,0.183834441684,7.62939453125e-06,4.57045,6.89025e-07,4.57045,0.0
3748,84,2.6300012207,0.182107199181,7.62939453125e-06,4.39998,2.41994e-07,4.39997,0.0
3967,89,2.65000068665,0.196594775923,0.0,4.3593,2.36034e-07,4.3593,0.0
4186,94,2.46000038147,0.159228253393,7.62939453125e-06,4.23507,1.03472e-06,4.23507,0.0
4406,99,2.6900012207,0.203195637381,0.0,4.5394,2.12192e-07,4.5394,0.0
4623,104,2.63000076294,0.200732943713,7.62939453125e-06,4.74483,1.75237e-07,4.74483,0.0
4837,109,2.360001297,0.181351341549,7.62939453125e-06,5.07549,6.6995e-07,5.07549,0.0
5056,114,2.44000099182,0.189610506089,7.62939453125e-06,4.58762,1.57356e-07,4.58762,0.0
5276,119,2.58000099182,0.203801633622,7.62939453125e-06,4.68772,9.53674e-08,4.68772,0.0
5493,124,2.45000152588,0.194611534153,7.62939453125e-06,4.33178,1.58548e-07,4.33178,0.0
5712,129,2.51000083923,0.20680141382,7.62939453125e-06,4.68878,1.75237e-07,4.68878,0.0
5929,134,2.57000038147,0.204958472857,0.0,4.17705,8.49957e-07,4.17705,0.0
6149,139,2.44000106812,0.181284027318,7.62939453125e-06,4.54995,4.81604e-07,4.54995,0.0
6367,144,2.25000137329,0.188795173348,0.0,4.34838,3.23057e-07,4.34838,0.0
6578,149,2.61000083923,0.21541448121,7.62939453125e-06,4.20926,2.6226e-07,4.20926,0.0
6796,154,2.44000114441,0.198919110852,7.62939453125e-06,4.72979,1.8239e-07,4.72979,0.0
7009,159,2.35000114441,0.197454514203,7.62939453125e-06,4.71956,1.63317e-07,4.71956,0.0
7227,164,2.55000099182,0.219653959079,0.0,4.38716,1.20401e-07,4.38716,0.0
7446,169,2.52000038147,0.204681611272,7.62939453125e-06,4.14869,1.74045e-07,4.14869,0.0
7661,174,2.70000091553,0.221485040089,7.62939453125e-06,4.44717,2.76414e-06,4.44717,0.0
7877,179,2.69000083923,0.225406730566,7.62939453125e-06,4.57307,1.12057e-07,4.57307,0.0
8093,184,2.72000038147,0.215028356344,0.0,4.30914,1.2517e-07,4.30914,0.0
8307,189,2.98000007629,0.252697630057,7.62939453125e-06,4.0009,2.32457e-07,4.0009,0.0
8521,194,2.50000114441,0.216587636531,0.0,4.05882,6.07967e-08,4.05882,0.0
8735,199,2.84000022888,0.224182738231,7.62939453125e-06,4.86641,1.20651e-05,4.8664,0.0
8951,204,2.36000137329,0.216709929135,0.0,4.2653,8.46385e-08,4.2653,0.0
9169,209,2.55000022888,0.207586316364,7.62939453125e-06,4.38494,8.22544e-08,4.38494,0.0
9384,214,2.31000099182,0.197517790523,0.0,4.06228,8.46385e-08,4.06228,0.0
9600,219,2.42000137329,0.195571822608,0.0,4.17008,2.3365e-07,4.17008,0.0
9816,224,2.28000114441,0.195966063809,0.0,4.39832,3.09944e-08,4.39832,0.0
10027,229,2.30000137329,0.194124644029,0.0,3.94732,1.78814e-08,3.94732,0.0
10243,234,2.25000144958,0.202176252973,0.0,4.19337,1.30407e-06,4.19336,0.0
10461,239,2.16000099182,0.198985133963,7.62939453125e-06,4.01803,1.78814e-08,4.01803,0.0
10508,240,2.18000099182,0.203695481436,7.62939453125e-06,4.07562,5.48362e-08,4.07562,0.0
10552,241,2.12000091553,0.193596243828,0.0,4.25805,1.54972e-08,4.25805,0.0
10597,242,2.18000099182,0.185891839246,0.0,7.22364,2.14577e-08,7.22364,0.0
10643,243,2.21000053406,0.17834692741,7.62939453125e-06,3.98905,1.43051e-08,3.98905,0.0
10689,244,2.14000091553,0.183207798931,0.0,4.14233,3.69543e-07,4.14233,0.0
10734,245,2.180001297,0.19321344206,0.0,3.81658,2.86102e-08,3.81658,0.0
10781,246,2.2300012207,0.194487035328,0.0,3.87112,1.3113e-08,3.87112,0.0
10826,247,2.19000106812,0.195512356027,7.62939453125e-06,3.92225,2.26498e-08,3.92225,0.0
10870,248,2.190001297,0.197305087089,7.62939453125e-06,4.82537,2.14577e-08,4.82537,0.0
10915,249,2.19000091553,0.186795897963,7.62939453125e-06,4.20352,1.90735e-08,4.20352,0.0
