60,4,5.03999969482,0.251127412468,7.62939453125e-06,39.6602,0.0193042,39.6409,0.0
122,9,4.12999946594,0.170714904591,0.0,30.6147,0.00641753,30.6083,0.0
183,14,3.45000068665,0.146550888978,0.0,28.6183,0.00205856,28.6162,0.0
245,19,3.34000045776,0.140094606448,7.62939453125e-06,26.7788,0.00123538,26.7776,0.0
307,24,2.960001297,0.13982125924,0.0,25.7669,0.000402073,25.7665,0.0
369,29,3.10000114441,0.158120132443,7.62939453125e-06,24.6492,0.000195229,24.649,0.0
430,34,2.94000167847,0.171024728352,0.0,25.0418,0.000170733,25.0417,0.0
492,39,2.92000205994,0.194040957456,7.62939453125e-06,25.2581,9.00069e-05,25.258,0.0
554,44,2.72000183105,0.171789835244,0.0,23.2836,5.15043e-05,23.2835,0.0
616,49,2.78000137329,0.191325988439,7.62939453125e-06,24.1988,5.03963e-05,24.1987,0.0
678,54,2.64000175476,0.194581834849,7.62939453125e-06,24.1144,3.80316e-05,24.1143,0.0
740,59,2.71000175476,0.174608070274,7.62939453125e-06,23.9403,1.26977e-05,23.9402,0.0
801,64,2.56000236511,0.195891060224,0.0,23.8554,1.34475e-05,23.8554,0.0
862,69,2.55000183105,0.198246857927,7.62939453125e-06,22.8775,1.54622e-05,22.8775,0.0
924,74,2.640001297,0.2311097164,0.0,23.4085,8.71624e-06,23.4085,0.0
986,79,2.6000025177,0.211885634457,7.62939453125e-06,23.3426,9.7746e-06,23.3426,0.0
1046,84,2.4700025177,0.217238132805,7.62939453125e-06,22.4608,5.5169e-06,22.4608,0.0
1096,89,2.61000190735,0.206758161037,0.0,22.2421,6.50974e-06,22.2421,0.0
1157,94,2.55000244141,0.24004879156,7.62939453125e-06,22.8796,4.98875e-06,22.8796,0.0
1219,99,2.49000213623,0.231804758244,0.0,22.5713,5.84697e-06,22.5713,0.0
1280,104,2.56000198364,0.238205814671,7.62939453125e-06,22.8194,2.63091e-06,22.8194,0.0
1343,109,2.46000221252,0.244733029219,0.0,23.1737,6.04483e-06,23.1737,0.0
1404,114,2.51000213623,0.230170939678,7.62939453125e-06,22.9816,4.7432e-06,22.9816,0.0
1465,119,2.53000183105,0.244392618071,7.62939453125e-06,23.1634,5.60857e-06,23.1634,0.0
1525,124,2.50000205994,0.256801799497,7.62939453125e-06,22.5363,3.96122e-06,22.5363,0.0
1587,129,2.62000144958,0.271145374734,0.0,22.1866,1.89899e-06,22.1866,0.0
1648,134,2.50000213623,0.240828030787,7.62939453125e-06,22.8007,1.36255e-06,22.8007,0.0
1709,139,2.43000228882,0.231883757561,7.62939453125e-06,22.4991,1.9991e-06,22.4991,0.0
1770,144,2.45000244141,0.266501600374,7.62939453125e-06,21.8361,1.79527e-06,21.8361,0.0
1832,149,2.40000221252,0.254699506806,0.0,23.1673,1.6558e-06,23.1673,0.0
1893,154,2.61000167847,0.250207450574,7.62939453125e-06,22.7881,7.91548e-07,22.7881,0.0
1954,159,2.46000205994,0.274566398186,0.0,21.9217,1.64387e-06,21.9217,0.0
2015,164,2.44000289917,0.291084440949,7.62939453125e-06,22.5002,4.67118e-06,22.5002,0.0
2076,169,2.35000236511,0.236703507438,7.62939453125e-06,21.6684,1.97526e-06,21.6684,0.0
2137,174,2.48000289917,0.247502556976,0.0,21.2618,3.00514e-06,21.2618,0.0
2198,179,2.41000259399,0.274872708974,0.0,21.7256,2.35075e-06,21.7256,0.0
2259,184,2.44000152588,0.278333571335,7.62939453125e-06,22.428,1.16824e-06,22.428,0.0
2320,189,2.46000175476,0.257426487875,7.62939453125e-06,21.4564,5.97238e-07,21.4564,0.0
2381,194,2.41000183105,0.284471689287,7.62939453125e-06,21.4405,1.3363e-06,21.4405,0.0
2442,199,2.32000213623,0.255098123843,0.0,22.4568,2.21479e-06,22.4568,0.0
2504,204,2.34000190735,0.259317202774,0.0,20.9938,8.94055e-07,20.9938,0.0
2565,209,2.53000213623,0.255202945128,0.0,21.0528,5.74587e-07,21.0528,0.0
2626,214,2.24000205994,0.245081727581,0.0,21.6013,4.02925e-07,21.6013,0.0
2687,219,2.31000236511,0.294042016622,7.62939453125e-06,20.8186,3.93013e-06,20.8186,0.0
2749,224,2.36000167847,0.229426007633,7.62939453125e-06,22.6635,5.57897e-07,22.6635,0.0
2810,229,2.28000221252,0.290570680252,7.62939453125e-06,21.5453,9.09559e-07,21.5453,0.0
2871,234,2.37000259399,0.258067352258,0.0,21.3938,6.42536e-07,21.3938,0.0
2932,239,2.39000198364,0.297656326567,7.62939453125e-06,20.691,7.77238e-07,20.691,0.0
2945,240,2.25000267029,0.284457885723,7.62939453125e-06,21.6188,3.29017e-07,21.6188,0.0
2959,241,2.33000198364,0.270187564869,7.62939453125e-06,22.4645,1.31602e-06,22.4645,0.0
2973,242,2.33000289917,0.32062579216,7.62939453125e-06,21.6825,8.32074e-07,21.6825,0.0
2986,243,2.38000274658,0.281290283375,7.62939453125e-06,21.9711,2.71797e-07,21.9711,0.0
3000,244,2.44000221252,0.296977167304,0.0,21.4619,3.12328e-07,21.4619,0.0
3014,245,2.38000205994,0.256159009967,7.62939453125e-06,21.5649,4.41073e-07,21.5649,0.0
3028,246,2.32000244141,0.307263723952,0.0,21.5499,4.70192e-06,21.5499,0.0
3041,247,2.44000175476,0.291777564324,0.0,21.4305,4.26463e-06,21.4305,0.0
3055,248,2.43000198364,0.291117787872,7.62939453125e-06,21.7695,1.71661e-07,21.7695,0.0
3069,249,2.3400025177,0.259766613332,7.62939453125e-06,21.8531,4.97101e-07,21.8531,0.0
