105,4,3.14000091553,0.262169061899,3.81469726562e-06,33.3775,0.154206,32.4874,0.735868
215,9,2.62000083923,0.176900669411,0.0,27.3604,0.0856054,26.4057,0.869072
322,14,2.26000175476,0.156177457869,3.81469726562e-06,23.9356,0.0599899,22.9801,0.895535
424,19,1.9900025177,0.149232295379,4.57763671875e-06,23.2253,0.0599059,22.3464,0.818974
527,24,1.90000282288,0.141991691813,3.0517578125e-06,21.7005,0.0565616,20.8616,0.78233
631,29,1.91000183105,0.139669396579,4.57763671875e-06,20.6094,0.0557475,19.7469,0.806728
735,34,1.93000236511,0.136497551501,3.81469726562e-06,20.5814,0.051692,19.67,0.859611
837,39,1.76000236511,0.129561756626,6.103515625e-06,20.9522,0.0511085,20.0787,0.82241
941,44,1.75000297546,0.1326034493,3.81469726562e-06,21.4025,0.0550835,20.6115,0.735869
1045,49,1.78000282288,0.127225795537,1.52587890625e-06,19.9008,0.04774,19.1608,0.692235
1147,54,1.66000305176,0.129149951637,2.28881835937e-06,20.1341,0.0503854,19.226,0.857739
1250,59,1.62000305176,0.128946756497,2.28881835937e-06,19.2531,0.0478767,18.3429,0.862385
1354,64,1.60000267029,0.125985247269,6.103515625e-06,20.6884,0.0483222,19.8529,0.7872
1456,69,1.64000213623,0.124529427886,7.62939453125e-07,19.9757,0.0478786,19.0757,0.852197
1560,74,1.51000320435,0.121439749897,7.62939453125e-07,20.1906,0.0481933,19.2579,0.884457
1664,79,1.55000183105,0.118549886383,4.57763671875e-06,19.6955,0.0443239,18.827,0.824126
1766,84,1.5800025177,0.122643036023,5.34057617187e-06,20.4752,0.0478581,19.4744,0.952988
1870,89,1.53000305176,0.120350756198,6.103515625e-06,19.6772,0.0428342,18.752,0.882432
1974,94,1.39000297546,0.1167931474,3.81469726562e-06,19.2855,0.0432931,18.426,0.816269
2076,99,1.48000228882,0.119895398691,2.28881835937e-06,19.4198,0.045228,18.5037,0.870944
2179,104,1.51000244141,0.11941718556,3.0517578125e-06,19.0022,0.0405053,18.019,0.942768
2283,109,1.56000305176,0.119316221736,4.57763671875e-06,18.4277,0.0469387,17.4813,0.899436
2385,114,1.46000282288,0.116043290645,2.28881835937e-06,18.5366,0.0437781,17.6331,0.859771
2489,119,1.48000244141,0.117435586974,6.86645507813e-06,19.3586,0.0430965,18.4379,0.877597
2592,124,1.53000244141,0.119519640803,3.0517578125e-06,19.4405,0.0423983,18.7168,0.681264
2696,129,1.48000274658,0.117271138281,2.28881835937e-06,19.7218,0.0425543,18.7363,0.942922
2798,134,1.43000267029,0.114630058482,3.81469726562e-06,19.9644,0.0402775,19.1027,0.821373
2902,139,1.38000297546,0.114411154017,2.28881835937e-06,18.8202,0.0404877,17.9225,0.857283
3006,144,1.43000312805,0.116643753126,1.52587890625e-06,18.2876,0.0416001,17.475,0.771027
3107,149,1.46000297546,0.117006356493,3.81469726562e-06,18.9877,0.0404668,18.0939,0.853365
3211,154,1.54000282288,0.115032068565,7.62939453125e-07,18.8474,0.0380757,17.7691,1.04024
3314,159,1.44000213623,0.113882069066,5.34057617187e-06,18.2815,0.0421469,17.3865,0.852877
3415,164,1.51000282288,0.115918204188,3.0517578125e-06,18.5417,0.0427601,17.6331,0.865844
3513,169,1.42000259399,0.116634454504,7.62939453125e-07,18.2312,0.0413354,17.3201,0.869756
3614,174,1.37000282288,0.115966845751,0.0,18.6471,0.0413412,17.6429,0.962883
3715,179,1.38000274658,0.115963742286,3.0517578125e-06,18.6774,0.0393389,17.8037,0.834395
3813,184,1.47000274658,0.116561013386,5.34057617187e-06,18.0003,0.0469016,17.0075,0.945958
3913,189,1.45000244141,0.113627590276,3.0517578125e-06,17.7628,0.0381624,16.7789,0.945771
4013,194,1.41000312805,0.115349298716,3.81469726562e-06,18.5459,0.0435879,17.6532,0.849173
4109,199,1.39000267029,0.115505875349,3.0517578125e-06,19.0126,0.0434963,18.2446,0.72446
4184,204,1.35000312805,0.111034784913,6.103515625e-06,18.7004,0.0411115,17.7361,0.923124
4259,209,1.44000343323,0.114016886503,3.81469726562e-06,18.4467,0.039471,17.5993,0.807852
4333,214,1.42000259399,0.115019273534,6.86645507813e-06,18.0824,0.0417396,17.2256,0.815007
4408,219,1.39000259399,0.11472873345,5.34057617187e-06,18.1442,0.0400699,17.1611,0.943056
4483,224,1.44000289917,0.111265466884,1.52587890625e-06,18.1206,0.0393422,17.1855,0.895822
4558,229,1.41000259399,0.113755872175,4.57763671875e-06,18.645,0.0423161,17.8534,0.749291
4633,234,1.43000282288,0.114358831197,6.103515625e-06,17.7187,0.044448,16.839,0.835295
4708,239,1.38000289917,0.112888248786,3.0517578125e-06,17.9565,0.0416304,17.1117,0.803228
4725,240,1.36000259399,0.11398659423,4.57763671875e-06,17.896,0.0391148,16.9813,0.875636
4741,241,1.32000358582,0.112102202848,3.81469726562e-06,18.1223,0.039308,17.2831,0.799884
4758,242,1.37000267029,0.113464312777,1.52587890625e-06,18.5788,0.0433019,17.5962,0.939335
4775,243,1.38000244141,0.115898351669,3.81469726562e-06,18.1285,0.0400899,17.167,0.921422
4791,244,1.32000259399,0.111612028256,4.57763671875e-06,18.7,0.0414915,17.9038,0.754627
4808,245,1.34000328064,0.112029212415,3.81469726562e-06,18.2475,0.0427861,17.3984,0.806284
4824,246,1.43000267029,0.115366574302,4.57763671875e-06,18.1652,0.0454037,17.2963,0.823452
4841,247,1.36000305176,0.111529609188,3.81469726562e-06,18.7858,0.0423501,17.8714,0.872014
4857,248,1.37000305176,0.109475215822,4.57763671875e-06,17.9115,0.0392885,16.9776,0.894557
4874,249,1.31000335693,0.114830498546,4.57763671875e-06,17.6483,0.0408777,16.8301,0.77737
