334.97989654541016,9,54.36,1.51895801544,100.0,9.0329,0.0118207,0.0,0.0835466
671.5939798355103,19,50.66,1.82105973363,100.0,8.58968,0.00784541,0.0,0.104957
1007.3929841518402,29,45.34,1.96932966471,100.0,10.9299,0.00551921,0.0,0.119393
1344.0040082931519,39,40.7,2.48059677839,100.0,8.93652,0.00528762,0.0,0.103557
1682.1392064094543,49,40.32,2.56282065868,100.0,8.26694,0.00564477,0.0,0.133159
2019.5300726890564,59,38.04,2.72562787771,100.0,10.3919,0.0046609,0.0,0.152281
2357.6147196292877,69,38.16,3.16008581161,100.0,10.5964,0.003514,0.0,0.139946
2690.0277276039124,79,39.77,3.05692683935,100.0,9.91627,0.00288552,0.0,0.24768
3018.6602296829224,89,37.96,3.20193495035,100.0,9.4403,0.00389476,0.0,0.208596
3347.6516823768616,99,36.49,3.49553609848,100.0,10.8817,0.00377626,0.0,0.175647
3676.141133785248,109,36.5,3.56073129177,100.0,11.2043,0.00380795,0.0,0.147459
4003.177823781967,119,35.12,3.80851567268,100.0,8.67851,0.00323991,0.0,0.166658
4336.129770278931,129,37.55,3.55053310156,100.0,8.73761,0.0034919,0.0,0.219868
4668.276571512222,139,35.73,3.61936245918,100.0,8.30199,0.00344846,0.0,0.229726
5001.0179052352905,149,35.65,3.71569976807,100.0,8.54438,0.00364731,0.0,0.209133
5332.265464305878,159,35.7,3.78461941719,100.0,10.4507,0.00418345,0.0,0.202635
5664.069683074951,169,32.89,4.15290342331,100.0,12.3223,0.00333971,0.0,0.162533
5995.026107311249,179,33.96,4.07252409458,100.0,12.222,0.00376907,0.0,0.191511
6326.439179182053,189,33.58,4.29695694208,100.0,9.60911,0.00357617,0.0,0.217143
6657.749587535858,199,33.42,4.3609357667,100.0,9.3802,0.00371571,0.0,0.192239
