21,4,31.2900010109,1.43657805562,0.0,0.137498,0.0235736,0.0,0.113924
43,9,23.7400012779,0.845475521535,0.0,0.312876,0.0119544,0.0,0.300922
65,14,25.7000012589,0.905205342174,0.0,0.183646,0.00523962,0.0,0.178407
87,19,20.7900011444,0.883966967911,0.0,0.1355,0.00509439,0.0,0.130406
110,24,21.4900014496,0.742202394754,0.0,0.236811,0.00361602,0.0,0.233195
132,29,15.6100013733,0.69066007778,0.0,0.131493,0.00262044,0.0,0.128872
154,34,13.1400010681,0.560201396644,0.0,0.171677,0.00143132,0.0,0.170246
176,39,10.3600008774,0.57521101743,0.0,0.154979,0.000998986,0.0,0.15398
198,44,11.0900009918,0.647024206966,0.0,0.0911693,0.000730091,0.0,0.0904392
221,49,11.27000103,0.718750638515,0.0,0.0786764,0.000538559,0.0,0.0781379
243,54,11.1100013351,0.594847337157,0.0,0.0962886,0.000664399,0.0,0.0956242
265,59,10.4300009918,0.586664300412,0.0,0.0961983,0.00072002,0.0,0.0954783
287,64,8.4500006485,0.520103116781,0.0,0.121857,0.000352464,0.0,0.121504
310,69,9.4800006485,0.45701291196,0.0,0.126385,0.000365804,0.0,0.126019
332,74,8.47000068665,0.487136931866,0.0,0.102228,0.000262002,0.0,0.101966
354,79,8.52000091553,0.582237607837,0.0,0.0737348,0.00030586,0.0,0.073429
376,84,8.88000106812,0.451362211183,0.0,0.115437,0.000223901,0.0,0.115213
399,89,8.92000080109,0.494131210744,0.0,0.0984212,0.000172816,0.0,0.0982484
421,94,8.25000099182,0.567362738997,0.0,0.0855806,0.000222918,0.0,0.0853577
444,99,8.21000083923,0.400897594839,0.0,0.110643,0.000156561,0.0,0.110487
466,104,8.61000045776,0.531263784766,0.0,0.0618624,0.000185825,0.0,0.0616766
488,109,9.12000080109,0.464398411065,0.0,0.0879881,0.000251221,0.0,0.0877368
511,114,7.51000106812,0.502329319715,0.0,0.0642421,0.000151934,0.0,0.0640901
533,119,9.68000080109,0.646180231273,0.0,0.0586402,0.000141914,0.0,0.0584983
555,124,8.49000061035,0.599262946546,0.0,0.0477159,0.000124016,0.0,0.0475919
578,129,8.85000076294,0.49764812842,0.0,0.0477075,0.00010552,0.0,0.0476019
600,134,8.21000076294,0.5333260943,0.0,0.0827168,9.05731e-05,0.0,0.0826262
622,139,8.19000053406,0.463672961444,0.0,0.0509956,0.000124906,0.0,0.0508707
645,144,8.71000049591,0.48566200465,0.0,0.0756638,7.43949e-05,0.0,0.0755894
667,149,7.6700006485,0.420811590403,0.0,0.0735357,0.000103674,0.0,0.073432
689,154,7.65000091553,0.417475280985,0.0,0.0656159,0.000137266,0.0,0.0654787
712,159,7.11000072479,0.455673154369,0.0,0.0482739,7.8841e-05,0.0,0.0481951
734,164,7.76000091553,0.484710928947,0.0,0.0628795,0.000103709,0.0,0.0627758
756,169,8.02000053406,0.453596078902,0.0,0.0660196,7.34539e-05,0.0,0.0659462
778,174,7.98000110626,0.429172292501,0.0,0.0734399,8.78155e-05,0.0,0.073352
801,179,7.71000095367,0.457529798001,0.0,0.0551195,6.6689e-05,0.0,0.0550528
823,184,7.27000076294,0.439767308831,0.0,0.0754421,9.4083e-05,0.0,0.075348
845,189,7.95000076294,0.520971280485,0.0,0.0454309,5.88107e-05,0.0,0.0453721
868,194,7.61000083923,0.501426016837,0.0,0.038668,5.87436e-05,0.0,0.0386093
890,199,8.84000144958,0.52548494786,0.0,0.0462218,4.0325e-05,0.0,0.0461814
912,204,7.78000030518,0.496334052384,0.0,0.0587138,5.54074e-05,0.0,0.0586584
935,209,7.76000072479,0.50189620927,0.0,0.0665088,0.000117376,0.0,0.0663915
957,214,7.61000080109,0.439153517634,0.0,0.0500292,5.63885e-05,0.0,0.0499728
979,219,7.2200005722,0.424328908846,0.0,0.0726225,6.08245e-05,0.0,0.0725617
1001,224,6.47000061035,0.367997820079,0.0,0.0583293,4.52647e-05,0.0,0.058284
1024,229,7.16000106812,0.369455297142,0.0,0.07211,4.77059e-05,0.0,0.0720623
1046,234,6.99000080109,0.345206876993,0.0,0.0511078,4.0244e-05,0.0,0.0510675
1068,239,6.35000041962,0.328829475865,0.0,0.0597256,5.25548e-05,0.0,0.0596731
1073,240,6.34000034332,0.323536221981,0.0,0.0286968,4.65355e-05,0.0,0.0286502
1078,241,6.52000106812,0.315524232909,0.0,0.0426814,5.07716e-05,0.0,0.0426306
1084,242,6.29000080109,0.311554904506,0.0,0.0608249,4.52236e-05,0.0,0.0607796
1089,243,6.2500012207,0.298885041922,0.0,0.0488548,4.71095e-05,0.0,0.0488077
1094,244,6.1900006485,0.305300836414,0.0,0.0485473,4.86798e-05,0.0,0.0484986
1099,245,5.99000053406,0.295154423341,0.0,0.044973,4.07278e-05,0.0,0.0449323
1104,246,5.85000076294,0.290965260267,0.0,0.0529842,4.44469e-05,0.0,0.0529397
1109,247,6.20000076294,0.299247556925,0.0,0.053697,4.61587e-05,0.0,0.0536509
1114,248,6.56000041962,0.307712998986,0.0,0.0582355,3.9352e-05,0.0,0.0581962
1119,249,6.2900006485,0.314613948911,0.0,0.0549093,4.43207e-05,0.0,0.054865
