125,4,4.37000022888,0.199446058869,7.62939453125e-06,17.5549,0.0278219,17.4388,0.0882539
279,9,3.35000068665,0.144148460329,0.0,14.6985,0.0193845,14.5865,0.0926289
492,14,2.85000091553,0.131463013589,7.62939453125e-06,12.7055,0.0168049,12.6381,0.050576
698,19,2.490001297,0.118522643056,7.62939453125e-06,11.6563,0.0181674,11.5673,0.0707803
910,24,2.58000106812,0.122721658647,7.62939453125e-06,11.5791,0.0154861,11.4961,0.0674945
1118,29,2.26000190735,0.106717284992,7.62939453125e-06,11.4073,0.0147158,11.3237,0.0688925
1330,34,2.11000267029,0.102905348316,7.62939453125e-06,11.0658,0.0135254,10.973,0.0792186
1536,39,2.20000160217,0.102182092387,7.62939453125e-06,11.3907,0.0118487,11.2828,0.096056
1738,44,2.04000167847,0.0947272178531,0.0,11.0141,0.0134242,10.9493,0.051382
1942,49,1.92000282288,0.0926586728171,0.0,10.8965,0.012218,10.7891,0.0952051
2151,54,2.04000221252,0.0999627346732,7.62939453125e-06,11.0469,0.0140123,10.9748,0.0580627
2363,59,1.97000244141,0.0918091146834,0.0,10.4784,0.0116365,10.3969,0.0698956
2571,64,1.97000267029,0.0958786775731,7.62939453125e-06,10.4897,0.012492,10.3932,0.0839704
2783,69,1.95000167847,0.0992406559363,0.0,10.6524,0.0109571,10.57,0.0714475
2990,74,1.96000244141,0.0958754679747,7.62939453125e-06,10.0293,0.0124575,9.94009,0.0767056
3201,79,1.95000244141,0.0918557932414,7.62939453125e-06,10.3983,0.011921,10.3084,0.0779069
3410,84,2.11000183105,0.092131986022,0.0,10.0055,0.0105911,9.92836,0.066516
3619,89,2.08000259399,0.0964727526344,7.62939453125e-06,10.7901,0.0105273,10.6726,0.107013
3829,94,1.95000228882,0.0941013045609,7.62939453125e-06,10.1744,0.0121221,10.0886,0.0736636
4035,99,1.8700025177,0.0905157339759,0.0,10.1488,0.0110207,10.0933,0.0445481
4247,104,1.89000259399,0.0892116379924,7.62939453125e-06,9.55654,0.0112424,9.45961,0.0856956
4454,109,1.97000267029,0.0965174072143,7.62939453125e-06,10.2887,0.0108968,10.1894,0.0883463
4665,114,2.04000274658,0.0935018174164,7.62939453125e-06,10.1001,0.0126598,9.99843,0.0890216
4872,119,1.88000236511,0.0885045320168,0.0,9.79294,0.0116725,9.68896,0.0923088
5082,124,1.92000259399,0.0870770435221,7.62939453125e-06,10.1855,0.0103857,10.0502,0.124912
5289,129,1.89000267029,0.0921093924157,0.0,9.6192,0.010587,9.52547,0.0831414
5501,134,1.92000228882,0.0882844058238,7.62939453125e-06,10.1005,0.0112658,9.99576,0.0935082
5707,139,1.86000183105,0.085522014536,7.62939453125e-06,9.8664,0.0100425,9.78173,0.0746287
5915,144,1.88000267029,0.0876127330214,0.0,9.73437,0.0100305,9.6111,0.113245
6126,149,1.82000267029,0.0857862188295,0.0,9.67287,0.0104418,9.60716,0.0552675
6335,154,1.99000160217,0.0870855220966,7.62939453125e-06,9.9307,0.0104874,9.81892,0.101285
6547,159,1.82000267029,0.0845703494921,0.0,9.71509,0.010253,9.55924,0.145592
6755,164,1.86000282288,0.0864931199513,0.0,9.62649,0.0113671,9.51557,0.0995508
6967,169,1.90000213623,0.0896449883655,7.62939453125e-06,8.9313,0.0107284,8.85231,0.0682599
7176,174,1.82000259399,0.0851648461446,7.62939453125e-06,9.75345,0.0102347,9.68107,0.0621489
7387,179,1.93000236511,0.0845450170524,7.62939453125e-06,9.48041,0.0111731,9.36953,0.0997076
7596,184,1.87000213623,0.0880301875249,0.0,9.20692,0.00999458,9.07768,0.11924
7803,189,1.84000228882,0.08707992265,0.0,9.18951,0.0108335,9.0884,0.0902802
8015,194,1.90000205994,0.0865990381315,7.62939453125e-06,9.41854,0.0109719,9.30951,0.0980613
8223,199,1.84000213623,0.0855815207586,7.62939453125e-06,10.1096,0.0105065,10.0179,0.0812277
8434,204,1.97000213623,0.0879134924337,0.0,9.55214,0.00978409,9.40428,0.138068
8643,209,2.01000244141,0.0888437534124,0.0,9.25405,0.00935987,9.14357,0.101116
8854,214,1.93000289917,0.087877501063,7.62939453125e-06,8.91962,0.00936707,8.78367,0.126588
9062,219,1.87000312805,0.0843579417653,7.62939453125e-06,9.29156,0.0110598,9.16517,0.11533
9271,224,1.89000259399,0.0891558999941,0.0,9.72484,0.0103762,9.59806,0.116405
9469,229,1.94000213623,0.089282727316,0.0,10.0695,0.0101863,9.96581,0.093509
9677,234,1.75000289917,0.0860914293304,0.0,9.08926,0.00949498,8.96978,0.10998
9890,239,1.87000175476,0.0883777444623,0.0,9.30059,0.00922351,9.19783,0.0935324
9936,240,1.80000221252,0.0862172759697,7.62939453125e-06,9.13001,0.0102066,9.00456,0.115245
9981,241,1.85000221252,0.0859719514102,0.0,9.31518,0.00956579,9.22454,0.0810718
10027,242,1.75000274658,0.0831612369604,7.62939453125e-06,9.0956,0.00996662,8.99369,0.091947
10069,243,1.79000274658,0.0857641665451,7.62939453125e-06,9.11708,0.00921587,8.98658,0.121287
10114,244,1.97000236511,0.0905620938912,7.62939453125e-06,9.43306,0.00992292,9.30428,0.118852
10160,245,1.92000236511,0.0831653600931,0.0,9.18254,0.0105173,9.08765,0.0843691
10206,246,1.79000205994,0.0864596971683,0.0,9.15781,0.00928314,9.05225,0.0962812
10251,247,1.83000297546,0.0867982389964,0.0,9.7205,0.00961452,9.59037,0.120514
10296,248,1.9200025177,0.0911489326321,7.62939453125e-06,8.97223,0.00946667,8.8432,0.119563
10342,249,1.79000244141,0.0854474439472,0.0,9.22179,0.00956624,9.12375,0.088471
