61,4,6.81000049591,0.294312688597,0.0,13.4121,0.00722222,13.4048,0.0
124,9,4.18000095367,0.179150074357,0.0,10.1336,0.00178059,10.1318,0.0
187,14,3.24000091553,0.141731707237,0.0,9.61532,0.000560841,9.61476,0.0
250,19,2.96000061035,0.138345796213,0.0,9.6284,0.000140219,9.62826,0.0
313,24,2.48000087738,0.114748678743,0.0,9.10859,7.37007e-05,9.10852,0.0
376,29,2.25000061035,0.119371970781,0.0,9.07582,1.88108e-05,9.0758,0.0
439,34,2.41000080109,0.136340031429,0.0,8.859,8.46847e-06,8.85899,0.0
502,39,2.18000080109,0.125177522539,0.0,8.95509,7.92968e-06,8.95508,0.0
565,44,1.91000091553,0.113025296372,0.0,8.53199,2.81943e-05,8.53197,0.0
628,49,1.88000099182,0.117231187081,0.0,8.55435,4.31056e-06,8.55434,0.0
692,54,1.79000102997,0.110865123425,0.0,8.73489,1.97172e-06,8.73489,0.0
754,59,1.74000061035,0.103235280932,0.0,8.00504,1.87397e-06,8.00504,0.0
818,64,1.88000125885,0.122590767396,0.0,8.24662,1.62601e-06,8.24661,0.0
881,69,1.73000091553,0.111512909804,0.0,8.39689,1.92402e-06,8.39689,0.0
944,74,1.57000102997,0.0996421123831,0.0,8.45734,1.04189e-06,8.45734,0.0
1007,79,1.61000091553,0.0992415822682,0.0,8.32807,5.05447e-07,8.32807,0.0
1070,84,1.52000099182,0.100157060352,0.0,8.12554,5.84125e-07,8.12554,0.0
1133,89,1.52000076294,0.0898109873844,0.0,8.29195,7.51017e-07,8.29195,0.0
1196,94,1.65000091553,0.102078132811,0.0,7.72209,1.55923e-06,7.72208,0.0
1259,99,1.55000068665,0.103957818162,0.0,7.92398,6.62801e-07,7.92398,0.0
1322,104,1.54000118256,0.103840185718,0.0,8.01909,6.8426e-07,8.01908,0.0
1385,109,1.46000144958,0.0981738151951,0.0,7.98448,2.67029e-07,7.98448,0.0
1449,114,1.46000106812,0.101019634096,0.0,7.94152,2.21729e-07,7.94152,0.0
1512,119,1.61000083923,0.109968541907,0.0,7.78234,3.98158e-07,7.78234,0.0
1575,124,1.54000118256,0.101186609499,0.0,7.89901,3.07559e-07,7.89901,0.0
1638,129,1.49000076294,0.088967620105,0.0,7.73704,1.71661e-07,7.73704,0.0
1701,134,1.59000125885,0.113669710989,0.0,8.24489,1.66893e-07,8.24489,0.0
1763,139,1.46000072479,0.104813667669,0.0,7.68777,2.86102e-07,7.68777,0.0
1825,144,1.56000102997,0.101642749392,0.0,7.73682,2.76565e-07,7.73682,0.0
1887,149,1.41000068665,0.106198938596,0.0,7.76354,1.3113e-07,7.76354,0.0
1948,154,1.36000106812,0.0915212921413,0.0,7.52831,2.26497e-07,7.52831,0.0
2010,159,1.48000087738,0.113037472178,0.0,8.80735,9.0599e-08,8.80735,0.0
2071,164,1.41000099182,0.106296429749,0.0,7.94132,8.10623e-08,7.94132,0.0
2132,169,1.36000091553,0.0993338894706,0.0,7.67761,5.72204e-08,7.67761,0.0
2194,174,1.59000087738,0.117734290234,0.0,7.56695,5.72204e-08,7.56695,0.0
2255,179,1.50000118256,0.110365892343,0.0,7.75087,1.64508e-07,7.75087,0.0
2316,184,1.43000114441,0.110831011045,0.0,7.27041,5.72204e-08,7.27041,0.0
2376,189,1.55000045776,0.129282007525,0.0,8.45561,1.3113e-07,8.45561,0.0
2437,194,1.36000102997,0.105137051691,0.0,7.34294,3.64778e-07,7.34294,0.0
2499,199,1.44000114441,0.106722145758,0.0,7.84384,4.60143e-07,7.84384,0.0
2560,204,1.45000106812,0.105408643303,0.0,7.73387,5.48362e-08,7.73387,0.0
2621,209,1.52000099182,0.118930571437,0.0,8.50642,2.6226e-08,8.50642,0.0
2682,214,1.52000087738,0.118384787156,0.0,7.87854,6.19888e-08,7.87854,0.0
2743,219,1.52000095367,0.122564077,0.0,8.05077,2.86102e-08,8.05077,0.0
2804,224,1.44000102997,0.102659494446,0.0,7.26788,7.39097e-08,7.26788,0.0
2865,229,1.47000114441,0.128646887729,0.0,7.83254,2.38419e-09,7.83254,0.0
2926,234,1.43000106812,0.114197385723,0.0,7.48679,2.38419e-09,7.48679,0.0
2987,239,1.37000080109,0.110062315644,0.0,7.37098,9.53674e-09,7.37098,0.0
3000,240,1.40000080109,0.108942832654,0.0,8.23064,4.76837e-09,8.23064,0.0
3013,241,1.30000102997,0.0987684693408,0.0,7.70263,5.96046e-08,7.70263,0.0
3026,242,1.46000083923,0.118846064367,0.0,7.62909,4.29153e-08,7.62909,0.0
3040,243,1.28000068665,0.0912042094605,0.0,7.87786,1.43051e-08,7.87786,0.0
3053,244,1.39000095367,0.115637315952,0.0,7.80677,2.6226e-08,7.80677,0.0
3066,245,1.32000095367,0.10909150515,0.0,7.5012,7.15256e-09,7.5012,0.0
3080,246,1.28000091553,0.111123657359,0.0,7.65856,5.00679e-08,7.65856,0.0
3093,247,1.39000102997,0.110280147136,0.0,7.81868,2.38419e-08,7.81868,0.0
3106,248,1.380001297,0.107157881012,0.0,7.68075,4.29153e-08,7.68075,0.0
3119,249,1.42000049591,0.122991028265,0.0,7.53036,1.19209e-08,7.53036,0.0
