37,4,4.90999992371,0.238477416784,0.0,17.798,0.0180077,17.78,0.0
76,9,3.56000106812,0.155753410459,0.0,13.7516,0.00520307,13.7464,0.0
114,14,2.98000114441,0.127811599206,0.0,12.5999,0.00144926,12.5985,0.0
153,19,2.71000106812,0.118569944054,7.62939453125e-06,11.7662,0.000753675,11.7654,0.0
192,24,3.06000160217,0.131256831363,0.0,11.4122,0.000382562,11.4118,0.0
231,29,2.89000137329,0.125053080162,0.0,11.5413,0.000124213,11.5412,0.0
269,34,2.79000205994,0.126405907841,0.0,11.5518,5.9456e-05,11.5517,0.0
308,39,2.70000167847,0.121527148196,7.62939453125e-06,11.0561,4.25237e-05,11.0561,0.0
346,44,2.92000175476,0.13880722228,7.62939453125e-06,10.395,3.10758e-05,10.395,0.0
385,49,2.940001297,0.142322309604,0.0,10.6501,1.1414e-05,10.6501,0.0
423,54,2.81000160217,0.138787133695,7.62939453125e-06,10.6614,8.28488e-06,10.6614,0.0
462,59,2.12000228882,0.106059122619,0.0,10.6473,5.99019e-06,10.6473,0.0
500,64,2.58000282288,0.133237826076,7.62939453125e-06,10.7595,5.96626e-06,10.7595,0.0
539,69,2.34000267029,0.126434461304,7.62939453125e-06,10.8308,2.33292e-06,10.8308,0.0
578,74,2.74000221252,0.147064704839,7.62939453125e-06,10.2264,2.82521e-06,10.2264,0.0
616,79,2.66000175476,0.124044215594,0.0,10.3775,1.30295e-06,10.3775,0.0
655,84,2.75000190735,0.141948044435,7.62939453125e-06,10.0396,1.10387e-06,10.0396,0.0
694,89,2.69000213623,0.139792931055,7.62939453125e-06,10.0796,1.25169e-06,10.0796,0.0
732,94,2.04000289917,0.117461314623,0.0,9.8218,1.23501e-06,9.8218,0.0
771,99,2.36000259399,0.126475077859,0.0,10.313,6.58034e-07,10.313,0.0
809,104,2.31000213623,0.121320042307,0.0,9.71348,8.32079e-07,9.71348,0.0
847,109,2.65000106812,0.133356037392,0.0,10.0451,1.80476e-06,10.0451,0.0
885,114,2.54000183105,0.133736101123,0.0,9.82984,1.12294e-06,9.82984,0.0
923,119,2.51000259399,0.134022085968,7.62939453125e-06,9.88249,7.73664e-07,9.88249,0.0
961,124,2.48000198364,0.134296987881,0.0,9.75636,5.1975e-07,9.75636,0.0
999,129,2.47000228882,0.140947020955,0.0,9.58562,2.09808e-07,9.58562,0.0
1037,134,2.68000190735,0.147357842678,7.62939453125e-06,10.0064,9.489e-07,10.0064,0.0
1075,139,2.60000175476,0.136052179504,7.62939453125e-06,10.1935,1.52588e-07,10.1935,0.0
1112,144,2.590001297,0.132919595873,7.62939453125e-06,9.68079,3.12328e-07,9.68079,0.0
1150,149,2.42000205994,0.134877842692,7.62939453125e-06,9.37756,1.77622e-07,9.37756,0.0
1188,154,2.28000320435,0.131201483789,7.62939453125e-06,9.46564,3.4809e-07,9.46564,0.0
1226,159,2.3200025177,0.132015102374,7.62939453125e-06,9.49702,6.60414e-07,9.49702,0.0
1264,164,2.41000221252,0.139260765464,7.62939453125e-06,9.60129,1.93119e-07,9.60129,0.0
1302,169,2.60000190735,0.144362112218,7.62939453125e-06,9.6582,6.54454e-07,9.6582,0.0
1340,174,2.51000236511,0.141944291561,0.0,9.59038,7.15255e-08,9.59038,0.0
1378,179,2.36000259399,0.127455297204,0.0,9.78081,9.89437e-08,9.78081,0.0
1416,184,2.08000244141,0.124195863564,7.62939453125e-06,9.47219,9.77516e-08,9.47219,0.0
1454,189,2.36000213623,0.135942827048,7.62939453125e-06,9.47124,5.84125e-08,9.47124,0.0
1492,194,2.21000289917,0.127887757667,7.62939453125e-06,9.3644,1.23977e-07,9.3644,0.0
1530,199,2.36000205994,0.140688667862,0.0,9.37846,8.82148e-08,9.37846,0.0
1568,204,2.30000236511,0.140765984686,0.0,9.87137,2.37225e-07,9.87137,0.0
1607,209,1.56000282288,0.108170697191,7.62939453125e-06,9.36838,3.57628e-08,9.36838,0.0
1645,214,2.01000289917,0.120573299145,7.62939453125e-06,9.68269,1.81198e-07,9.68269,0.0
1683,219,2.40000228882,0.128878904605,7.62939453125e-06,9.62491,7.03335e-08,9.62491,0.0
1721,224,2.15000267029,0.130932632935,7.62939453125e-06,9.47107,6.19888e-08,9.47107,0.0
1759,229,2.08000228882,0.126655039918,7.62939453125e-06,9.52799,4.88758e-08,9.52799,0.0
1798,234,2.16000244141,0.129457687388,7.62939453125e-06,9.27371,5.44779e-07,9.27371,0.0
1836,239,2.47000244141,0.147920414929,7.62939453125e-06,9.26731,4.17232e-08,9.26731,0.0
1844,240,2.09000267029,0.124710542191,0.0,9.33347,6.07967e-08,9.33347,0.0
1853,241,2.04000289917,0.126688067968,7.62939453125e-06,9.5069,1.07288e-08,9.5069,0.0
1861,242,2.17000228882,0.140718285893,7.62939453125e-06,9.18519,3.21865e-08,9.18519,0.0
1869,243,2.12000228882,0.128969632856,7.62939453125e-06,9.58358,1.52587e-07,9.58358,0.0
1878,244,2.36000267029,0.137436153985,0.0,9.46452,1.03712e-07,9.46452,0.0
1886,245,2.04000244141,0.131429402192,7.62939453125e-06,9.67967,3.69549e-08,9.67967,0.0
1895,246,2.29000274658,0.137414421535,7.62939453125e-06,9.05478,8.70227e-08,9.05478,0.0
1903,247,2.01000335693,0.132763851182,7.62939453125e-06,9.12608,1.33514e-07,9.12608,0.0
1912,248,2.44000213623,0.147659044998,7.62939453125e-06,9.44485,5.48362e-08,9.44485,0.0
1920,249,2.26000267029,0.138130482354,7.62939453125e-06,9.44053,5.24521e-08,9.44053,0.0
