60,4,10.3500014496,0.455253454074,0.0,28.0476,0.0172446,28.0303,0.0
121,9,6.41000087738,0.281846783161,0.0,21.342,0.00585034,21.3361,0.0
181,14,5.34000087738,0.218170881961,0.0,20.33,0.00231842,20.3277,0.0
236,19,4.64000049591,0.203970450973,0.0,18.65,0.00144414,18.6486,0.0
297,24,4.02000110626,0.184866952337,0.0,17.4357,0.000769655,17.435,0.0
359,29,3.66000072479,0.178539506053,0.0,18.0164,0.000384342,18.016,0.0
421,34,3.93000102997,0.197413616816,0.0,16.6134,0.000168173,16.6132,0.0
484,39,3.89000099182,0.203800573598,0.0,16.996,0.000120845,16.9958,0.0
549,44,3.38000095367,0.205585229122,0.0,16.1595,0.0001071,16.1594,0.0
613,49,3.49000087738,0.201172253054,0.0,15.9712,5.59988e-05,15.9712,0.0
677,54,3.29000083923,0.179650880013,0.0,15.5774,2.08301e-05,15.5774,0.0
742,59,3.270001297,0.215006212918,0.0,15.7386,4.91515e-05,15.7385,0.0
807,64,3.21000076294,0.229210637415,0.0,15.253,3.62213e-05,15.253,0.0
871,69,3.15000114441,0.237887250515,0.0,15.1742,9.2596e-05,15.1741,0.0
936,74,3.11000076294,0.208393561138,0.0,14.6012,1.55488e-05,14.6012,0.0
1001,79,2.97000114441,0.205571942023,0.0,15.0908,4.57768e-05,15.0907,0.0
1066,84,3.02000110626,0.231682414238,0.0,14.7752,2.09769e-05,14.7752,0.0
1130,89,3.13000091553,0.227519222263,0.0,14.9658,1.89638e-05,14.9657,0.0
1195,94,2.89000106812,0.203269609956,0.0,15.6967,8.43985e-06,15.6967,0.0
1259,99,3.07000068665,0.216359659914,0.0,14.8228,1.66594e-05,14.8228,0.0
1324,104,3.02000080109,0.229915158247,0.0,14.4919,7.33113e-06,14.4918,0.0
1388,109,2.79000041962,0.238834677637,0.0,14.8726,9.24804e-06,14.8726,0.0
1453,114,2.76000106812,0.232746402794,0.0,14.6443,8.0679e-06,14.6443,0.0
1517,119,2.86000083923,0.225092781873,0.0,14.7092,3.97917e-06,14.7092,0.0
1582,124,2.92000080109,0.254671306216,0.0,14.5388,6.20825e-06,14.5388,0.0
1646,129,2.75000095367,0.217716376904,0.0,14.192,1.68085e-06,14.192,0.0
1711,134,2.85000053406,0.24099861172,0.0,14.1863,2.5463e-06,14.1863,0.0
1776,139,2.74000091553,0.243362044698,0.0,14.1683,3.75981e-06,14.1683,0.0
1841,144,2.80000083923,0.240810208017,0.0,14.1117,3.36168e-06,14.1117,0.0
1905,149,2.70000106812,0.255396563118,0.0,13.8672,4.10548e-06,13.8672,0.0
1970,154,3.01000076294,0.253321929414,0.0,14.2948,3.34974e-06,14.2948,0.0
2035,159,2.74000106812,0.248019031785,0.0,13.5679,0.000173243,13.5677,0.0
2100,164,2.85000095367,0.25818374334,0.0,14.1402,2.06231e-06,14.1402,0.0
2165,169,2.84000099182,0.262963601039,0.0,14.3596,2.33409e-06,14.3596,0.0
2230,174,2.71000076294,0.235888038666,0.0,14.6238,2.57012e-06,14.6238,0.0
2295,179,2.74000083923,0.251819321718,0.0,14.1751,7.19046e-06,14.1751,0.0
2359,184,2.95000099182,0.274292651877,0.0,13.5883,1.5666e-05,13.5883,0.0
2424,189,2.86000076294,0.262204635629,0.0,14.4594,9.72746e-07,14.4594,0.0
2489,194,2.64000133514,0.231663509057,0.0,14.2359,2.53435e-06,14.2359,0.0
2554,199,2.93000061035,0.25112128763,0.0,13.7211,1.02758e-06,13.7211,0.0
2619,204,2.86000091553,0.272074644203,0.0,13.6843,8.02166e-06,13.6843,0.0
2684,209,2.94000099182,0.246397139366,0.0,13.8214,1.99793e-06,13.8214,0.0
2749,214,2.72000110626,0.258562210197,0.0,14.0653,3.39767e-05,14.0652,0.0
2814,219,2.73000091553,0.25908119765,0.0,14.0251,1.05619e-06,14.0251,0.0
2879,224,2.78000102997,0.284160033604,0.0,13.6835,2.15766e-06,13.6835,0.0
2944,229,2.73000080109,0.263544500798,0.0,13.4743,2.47236e-06,13.4743,0.0
3009,234,2.80000080109,0.26668211515,0.0,13.4438,2.08608e-05,13.4438,0.0
3074,239,2.63000076294,0.27730447919,0.0,13.2888,5.5313e-07,13.2888,0.0
3089,240,2.69000087738,0.284593055751,0.0,13.1072,1.01648e-05,13.1071,0.0
3104,241,2.64000049591,0.267800979781,0.0,13.2129,9.58439e-07,13.2129,0.0
3119,242,2.65000091553,0.267359590652,0.0,13.4543,1.71898e-06,13.4543,0.0
3133,243,2.65000087738,0.277886571768,0.0,14.387,5.91276e-07,14.387,0.0
3148,244,2.50000076294,0.260722482265,0.0,13.223,2.64401e-06,13.223,0.0
3164,245,2.58000099182,0.247765372826,0.0,14.219,3.26633e-07,14.219,0.0
3179,246,2.82000099182,0.265347497801,0.0,13.2785,4.81112e-06,13.2785,0.0
3193,247,2.64000091553,0.244085045022,0.0,13.7673,1.07288e-06,13.7673,0.0
3208,248,2.64000072479,0.24079675031,0.0,13.631,1.74757e-06,13.631,0.0
3223,249,2.68000087738,0.249455494576,0.0,13.1969,4.4701e-06,13.1969,0.0
