54,4,5.99999847412,0.269613669813,0.0,17.4652,0.0258456,17.4394,0.0
109,9,3.80000152588,0.171345710009,7.62939453125e-06,14.5603,0.00869652,14.5516,0.0
164,14,2.90000228882,0.131453303993,7.62939453125e-06,13.4521,0.00219904,13.4499,0.0
176,15,2.8,0.126685366035,0.0,12.5433,0.00153097,12.5418,0.0
188,16,2.80000076294,0.144190979004,0.0,12.4176,0.00116532,12.4164,0.0
200,17,2.60000305176,0.126969332993,0.0,12.5728,0.000982628,12.5718,0.0
211,18,3.1,0.163227625843,7.62939453125e-06,11.4156,0.000746156,11.4148,0.0
223,19,2.90000076294,0.126198029518,0.0,12.1746,0.000799889,12.1738,0.0
235,20,2.70000076294,0.149502370576,7.62939453125e-06,11.9097,0.000711684,11.909,0.0
247,21,2.30000228882,0.128808292188,0.0,11.9799,0.000434336,11.9795,0.0
259,22,2.80000228882,0.140747339115,0.0,11.2699,0.000508881,11.2694,0.0
271,23,2.40000305176,0.138962897379,0.0,11.8807,0.000439845,11.8802,0.0
283,24,2.20000152588,0.14047864005,7.62939453125e-06,11.712,0.000436525,11.7115,0.0
37,4,5.20000076294,0.26865349263,7.62939453125e-06,17.4365,0.0278317,17.4086,0.0
75,9,3.70000076294,0.163059745729,7.62939453125e-06,14.5606,0.0080704,14.5525,0.0
113,14,3.00000152588,0.134335556626,7.62939453125e-06,13.4145,0.00187426,13.4126,0.0
121,15,3.1,0.137106441706,0.0,12.5583,0.00149306,12.5568,0.0
130,16,3.00000152588,0.145662189275,0.0,12.391,0.0011381,12.3898,0.0
138,17,2.80000076294,0.135726214945,7.62939453125e-06,12.4795,0.00109772,12.4784,0.0
146,18,2.89999923706,0.144154559355,0.0,11.4866,0.000754442,11.4859,0.0
155,19,2.90000228882,0.132886867225,0.0,12.1396,0.000690813,12.1389,0.0
163,20,2.30000457764,0.144096531067,7.62939453125e-06,11.9567,0.000606263,11.9561,0.0
172,21,2.30000076294,0.132151000015,7.62939453125e-06,11.9344,0.000463431,11.9339,0.0
180,22,2.90000076294,0.135808779299,0.0,11.286,0.000543417,11.2855,0.0
188,23,2.40000228882,0.129306007922,0.0,11.9576,0.000519336,11.9571,0.0
196,24,2.50000228882,0.144260780513,7.62939453125e-06,11.7022,0.000404137,11.7018,0.0
