210,4,4.50999992371,0.19980142042,7.62939453125e-06,18.2174,0.0327974,18.0881,0.0965452
421,9,3.32000076294,0.147034945786,7.62939453125e-06,14.1842,0.0171867,14.07,0.0969428
630,14,2.70000183105,0.121574499831,7.62939453125e-06,12.9498,0.0180116,12.8238,0.108044
844,19,2.57000175476,0.117335971724,7.62939453125e-06,12.0317,0.0156908,11.9458,0.0702979
1055,24,2.40000183105,0.10941762805,7.62939453125e-06,11.5892,0.0170288,11.5021,0.070093
1268,29,2.40000213623,0.105565474927,0.0,11.6987,0.0144988,11.6173,0.0668565
1479,34,2.06000228882,0.098761343807,0.0,11.333,0.0140099,11.2472,0.0717444
1692,39,2.11000236511,0.0947111601941,0.0,11.084,0.012692,11.0047,0.0665835
1902,44,2.19000213623,0.100979986619,0.0,11.4404,0.011575,11.3234,0.105414
2116,49,1.94000175476,0.0917178160325,7.62939453125e-06,10.759,0.0115332,10.6767,0.070704
2326,54,1.95000267029,0.087933135964,7.62939453125e-06,10.1091,0.0121977,10.0419,0.0549816
2536,59,2.01000282288,0.0895777050406,7.62939453125e-06,10.9662,0.0122382,10.8593,0.0946198
2749,64,1.81000274658,0.0904482996091,7.62939453125e-06,10.3441,0.0110996,10.2676,0.0653591
2960,69,1.86000236511,0.0901114707813,7.62939453125e-06,10.091,0.011892,10.0118,0.0672409
3174,74,1.82000289917,0.0843519566581,7.62939453125e-06,10.6233,0.0111906,10.5334,0.0787756
3379,79,1.7700025177,0.083574658595,0.0,10.4532,0.0101825,10.366,0.0770943
3580,84,1.91000282288,0.087571463678,7.62939453125e-06,10.5528,0.011058,10.4638,0.0779949
3790,89,1.84000183105,0.09027855644,0.0,10.3681,0.0104855,10.286,0.0716171
4002,94,1.8900025177,0.0857969325222,7.62939453125e-06,10.2408,0.0108342,10.1567,0.0732473
4213,99,1.77000282288,0.0846219002455,7.62939453125e-06,10.1563,0.0100807,10.0496,0.0965845
4423,104,1.78000236511,0.0851154888049,0.0,10.2548,0.0110315,10.1322,0.1116
4635,109,1.84000259399,0.0850858247839,7.62939453125e-06,9.59056,0.0112117,9.49369,0.0856602
4845,114,1.7500025177,0.0863214308396,0.0,9.9003,0.0100935,9.78699,0.103216
5059,119,1.75000320435,0.0813154516369,7.62939453125e-06,10.0183,0.00982004,9.9438,0.0646323
5270,124,1.73000244141,0.0847013117373,7.62939453125e-06,9.76555,0.0098636,9.6542,0.101486
5485,129,1.62000289917,0.0834218242764,7.62939453125e-06,9.56943,0.00975214,9.47596,0.08372
5696,134,1.73000297546,0.0809999876656,7.62939453125e-06,9.42793,0.0102472,9.32781,0.0898793
5911,139,1.63000259399,0.0819257537834,0.0,9.58836,0.00983178,9.48939,0.0891444
6122,144,1.75000312805,0.0851600494608,0.0,9.43798,0.0102541,9.34618,0.0815473
6334,149,1.71000259399,0.0820844040439,0.0,10.5192,0.0101121,10.4381,0.0710061
6549,154,1.80000236511,0.0843797927536,0.0,9.42492,0.00998947,9.34242,0.0725035
6760,159,1.74000267029,0.0836155888252,7.62939453125e-06,9.73776,0.00957472,9.62828,0.0999013
6975,164,1.71000312805,0.0854918896593,7.62939453125e-06,9.50267,0.0108038,9.41479,0.0770778
7185,169,1.66000343323,0.0825110692903,0.0,9.3689,0.0109026,9.29258,0.0654225
7400,174,1.66000282288,0.0838643732108,0.0,9.57369,0.0109591,9.50857,0.0541591
7612,179,1.65000244141,0.0773702034168,0.0,9.54557,0.00979731,9.41039,0.125385
7826,184,1.61000236511,0.0811485058814,0.0,9.97015,0.0100313,9.87403,0.0860886
8037,189,1.54000289917,0.0819401610643,0.0,9.46152,0.00985275,9.34844,0.103235
8248,194,1.62000305176,0.0781812426448,0.0,9.56129,0.0101403,9.47824,0.072917
8463,199,1.63000274658,0.0816623184644,7.62939453125e-06,9.51175,0.00987538,9.39607,0.105808
8674,204,1.64000305176,0.0826334442757,7.62939453125e-06,10.1283,0.00996503,10.0295,0.0888337
8888,209,1.68000350952,0.0788305156678,0.0,9.43948,0.0096873,9.32449,0.105302
9100,214,1.62000221252,0.0822366591543,0.0,9.31377,0.00974135,9.2363,0.0677291
9315,219,1.74000305176,0.081032548286,7.62939453125e-06,9.52571,0.0102751,9.41844,0.0969955
9526,224,1.74000259399,0.0794097798318,7.62939453125e-06,9.2086,0.00965386,9.11334,0.0856013
9741,229,1.60000236511,0.0801007241942,0.0,9.32503,0.00997915,9.25417,0.0608787
9951,234,1.67000312805,0.0780858963355,0.0,9.52862,0.00943669,9.42552,0.093664
10166,239,1.62000274658,0.0783005608059,7.62939453125e-06,9.22752,0.00908074,9.13263,0.0858097
10209,240,1.59000259399,0.0803381641395,7.62939453125e-06,9.21492,0.00913394,9.13019,0.0755989
10255,241,1.60000244141,0.0798518203571,7.62939453125e-06,9.39923,0.00935857,9.32408,0.0657987
10300,242,1.60000228882,0.0756370312348,7.62939453125e-06,9.48668,0.00981016,9.38064,0.0962304
10346,243,1.65000244141,0.0784327315353,7.62939453125e-06,9.1672,0.00900877,9.07621,0.0819892
10391,244,1.63000289917,0.07733112555,0.0,9.38312,0.00988573,9.30566,0.0675777
10436,245,1.62000320435,0.079869619552,7.62939453125e-06,9.3156,0.0100432,9.216,0.0895538
10482,246,1.64000236511,0.0789800467342,7.62939453125e-06,9.41925,0.00986186,9.27225,0.137141
10527,247,1.65000228882,0.0818014351651,0.0,9.44555,0.00935873,9.34706,0.089131
10569,248,1.59000282288,0.0775125039741,0.0,9.37357,0.00972066,9.26717,0.096673
10615,249,1.62000297546,0.077838672474,7.62939453125e-06,9.29477,0.0093854,9.17142,0.113969
