470,4,3.6200012207,0.176626139954,7.62939453125e-06,16.0112,0.0449185,15.8075,0.158815
946,9,2.89000160217,0.126610446088,0.0,13.5701,0.0228073,13.3777,0.169544
1419,14,2.56000198364,0.116761351041,0.0,12.4557,0.017053,12.2541,0.184508
1893,19,2.2200025177,0.103430686537,0.0,13.1615,0.0159919,12.9388,0.206733
2367,24,2.08000213623,0.0998891328089,7.62939453125e-06,12.9059,0.0135209,12.6094,0.283005
2843,29,2.1300025177,0.100951435659,0.0,11.7207,0.0121688,11.4469,0.261672
3317,34,2.01000259399,0.0917643782683,7.62939453125e-06,11.8847,0.0108331,11.6853,0.188555
3792,39,1.98000244141,0.0940075638518,7.62939453125e-06,12.0983,0.0100655,11.8301,0.258077
4266,44,1.95000343323,0.0911602321919,0.0,11.6249,0.00986834,11.418,0.197072
4739,49,1.85000343323,0.0842802897003,7.62939453125e-06,11.8433,0.00925112,11.5913,0.242802
5207,54,1.86000305176,0.0860405241139,0.0,12.4427,0.00912283,12.1161,0.317398
5675,59,1.7700025177,0.0879717160296,7.62939453125e-06,11.1515,0.00850115,10.9492,0.193815
6144,64,1.91000259399,0.0880688134208,0.0,11.37,0.00896416,11.1999,0.161122
6611,69,1.72000328064,0.0853773818072,0.0,11.2557,0.00778826,11.092,0.155882
7073,74,1.81000328064,0.0859197792783,0.0,11.7254,0.00796137,11.4951,0.222342
7538,79,1.66000274658,0.0791134270467,7.62939453125e-06,11.0173,0.00774383,10.8208,0.188773
8026,84,1.68000366211,0.0780965793319,0.0,11.1159,0.00724627,10.8581,0.25063
8487,89,1.73000328064,0.0807663920801,0.0,10.6993,0.00767424,10.5888,0.102819
8990,94,1.62000343323,0.0816766185127,0.0,11.2738,0.00682558,11.1006,0.166368
9457,99,1.55000350952,0.0801521409303,7.62939453125e-06,11.1343,0.00701783,10.9361,0.191204
9958,104,1.66000289917,0.0795667814231,7.62939453125e-06,11.4205,0.00648454,11.1976,0.216472
10497,109,1.67000267029,0.0794971227739,0.0,11.2891,0.00646699,11.0852,0.197409
10968,114,1.73000274658,0.0805702976976,7.62939453125e-06,11.5155,0.00660583,11.1074,0.401504
11430,119,1.65000328064,0.0845230817609,0.0,11.7368,0.00617861,11.5527,0.177948
11892,124,1.65000358582,0.0809130595531,0.0,10.7416,0.00618974,10.5877,0.147753
12354,129,1.67000335693,0.0807341330592,0.0,10.7807,0.006486,10.6757,0.0985256
12890,134,1.63000282288,0.0769973577978,7.62939453125e-06,10.333,0.00646916,10.0258,0.300739
13390,139,1.60000328064,0.0780709236441,0.0,10.9827,0.00580226,10.8485,0.128476
13868,144,1.67000282288,0.0866079494078,7.62939453125e-06,10.3114,0.00578678,10.0145,0.291067
14319,149,1.7600038147,0.0840429427754,7.62939453125e-06,10.9832,0.00604899,10.7589,0.218212
14770,154,1.56000366211,0.078085080334,7.62939453125e-06,11.3805,0.00594073,11.2853,0.0892636
15222,159,1.57000328064,0.082263421258,7.62939453125e-06,10.3379,0.00579998,10.113,0.219064
15672,164,1.6200037384,0.0762007945729,7.62939453125e-06,10.246,0.00559391,10.1153,0.125067
16119,169,1.53000396729,0.0744158606697,0.0,11.433,0.0055848,11.2108,0.216588
16564,174,1.62000320435,0.0768946224125,0.0,10.2464,0.00554964,10.1306,0.110224
17013,179,1.66000328064,0.0793288591132,7.62939453125e-06,10.5549,0.00574464,10.3112,0.237983
17462,184,1.61000297546,0.0799647756852,0.0,10.8257,0.00562572,10.6436,0.176551
17911,189,1.63000297546,0.0767621259205,0.0,10.9895,0.0058564,10.8264,0.157173
18360,194,1.59000297546,0.0799695494026,7.62939453125e-06,10.4511,0.00563583,10.3517,0.0937961
18808,199,1.59000320435,0.0802258238802,7.62939453125e-06,10.5782,0.00540216,10.3471,0.225724
19256,204,1.62000335693,0.07900693045,7.62939453125e-06,11.0366,0.00542654,10.7948,0.236393
19705,209,1.63000274658,0.0794251746824,0.0,10.6254,0.0052672,10.4394,0.180731
20153,214,1.55000335693,0.0816939021507,0.0,10.2696,0.00503281,10.0762,0.18834
20601,219,1.5400038147,0.0790361213824,7.62939453125e-06,10.1505,0.00477012,9.99254,0.153146
21050,224,1.58000358582,0.0783240877558,0.0,11.2712,0.00456577,10.9989,0.267711
21499,229,1.51000305176,0.0791204024665,0.0,10.2164,0.00430239,10.0796,0.132516
21948,234,1.46000320435,0.0793638111651,0.0,10.6731,0.00419021,10.5021,0.1669
22397,239,1.57000305176,0.0778914312785,7.62939453125e-06,9.947,0.00423916,9.68149,0.26127
22490,240,1.53000427246,0.0730646060267,0.0,11.0838,0.00405639,10.9782,0.101535
22584,241,1.5300038147,0.0787202078011,7.62939453125e-06,10.2219,0.00400893,10.0954,0.122478
22677,242,1.51000434875,0.0775119888084,7.62939453125e-06,10.1512,0.00406813,9.88449,0.262626
22771,243,1.49000320435,0.0740905813128,0.0,9.95969,0.00410906,9.70118,0.254398
22865,244,1.5400037384,0.0732753952034,7.62939453125e-06,10.6861,0.0040353,10.4563,0.225702
22958,245,1.54000289917,0.074280547821,7.62939453125e-06,10.3702,0.00393922,10.1138,0.252417
23052,246,1.54000335693,0.0761792911263,0.0,9.70176,0.00417878,9.39032,0.307259
23145,247,1.50000297546,0.0770793157537,0.0,10.3646,0.00395493,9.96249,0.39815
23239,248,1.50000297546,0.0741710216831,7.62939453125e-06,10.2761,0.00405342,9.99292,0.279111
23333,249,1.48000366211,0.0717027548049,7.62939453125e-06,10.5397,0.00396405,10.4781,0.0577157
