38,4,3.18000083923,0.164171737209,6.86645507813e-06,32.7268,0.0410197,32.6858,0.0
77,9,2.54000167847,0.110276407599,2.28881835937e-06,25.6425,0.00621863,25.6363,0.0
117,14,2.20000297546,0.110364946206,3.0517578125e-06,23.6249,0.00168356,23.6232,0.0
156,19,2.13000259399,0.108565569269,1.52587890625e-06,21.8243,0.000799112,21.8235,0.0
196,24,2.02000267029,0.0945370233152,5.34057617187e-06,20.4368,0.000466002,20.4363,0.0
235,29,1.7900025177,0.098402694657,6.103515625e-06,20.6361,0.000208821,20.6359,0.0
275,34,1.67000320435,0.0950796701806,2.28881835937e-06,20.166,0.000245552,20.1657,0.0
314,39,1.89000244141,0.100322520661,3.0517578125e-06,20.0022,0.000111659,20.0021,0.0
354,44,1.60000358582,0.0848493121972,6.103515625e-06,19.5986,9.11976e-05,19.5985,0.0
393,49,1.69000236511,0.0851274772093,6.103515625e-06,19.4409,8.15608e-05,19.4408,0.0
432,54,1.49000312805,0.0807759685052,5.34057617187e-06,19.4824,4.12482e-05,19.4823,0.0
472,59,1.52000328064,0.0899296251498,5.34057617187e-06,19.2106,2.24554e-05,19.2106,0.0
511,64,1.55000274658,0.0864341066696,6.103515625e-06,19.1172,2.51115e-05,19.1172,0.0
550,69,1.57000335693,0.0788759543726,6.103515625e-06,19.3518,7.91825e-05,19.3518,0.0
589,74,1.5600037384,0.0902166550863,6.86645507813e-06,18.2381,2.78184e-05,18.2381,0.0
627,79,1.31000358582,0.0774397230122,2.28881835937e-06,17.8483,2.50609e-05,17.8483,0.0
666,84,1.42000312805,0.0848625746276,4.57763671875e-06,18.5057,2.5986e-05,18.5056,0.0
705,89,1.25000358582,0.0779930568373,6.103515625e-06,19.0224,1.97175e-05,19.0223,0.0
744,94,1.40000289917,0.0775711548084,6.86645507813e-06,18.738,1.05563e-05,18.738,0.0
782,99,1.39000335693,0.0637378843714,5.34057617187e-06,18.5058,0.000397196,18.5054,0.0
821,104,1.45000297546,0.084192081606,6.103515625e-06,18.4503,1.12398e-05,18.4503,0.0
859,109,1.4800025177,0.0762976577047,2.28881835937e-06,18.9764,8.56973e-06,18.9764,0.0
898,114,1.27000358582,0.081420018127,2.28881835937e-06,17.8543,1.03978e-05,17.8543,0.0
936,119,1.28000320435,0.0755150514108,6.103515625e-06,19.3542,1.76905e-05,19.3542,0.0
974,124,1.33000442505,0.0808066040995,6.103515625e-06,17.6262,7.97957e-06,17.6262,0.0
1013,129,1.32000350952,0.0790339830425,1.52587890625e-06,17.9298,8.25799e-06,17.9298,0.0
1052,134,1.2600037384,0.0730212213233,7.62939453125e-06,17.3379,3.643e-06,17.3379,0.0
1090,139,1.19000366211,0.0746081299641,4.57763671875e-06,18.5016,4.22352e-06,18.5016,0.0
1129,144,1.19000358582,0.0698414565705,1.52587890625e-06,17.3647,3.9303e-06,17.3646,0.0
1167,149,1.15000389099,0.0710726462314,3.0517578125e-06,17.7312,6.74471e-06,17.7312,0.0
1206,154,1.29000267029,0.0679583463144,3.0517578125e-06,17.5906,3.52975e-06,17.5906,0.0
1244,159,1.27000289917,0.0697404879757,2.28881835937e-06,17.5044,5.99476e-06,17.5044,0.0
1283,164,1.20000366211,0.0626303515138,3.81469726562e-06,17.6265,3.73589e-06,17.6265,0.0
1321,169,1.19000297546,0.0741826835705,3.81469726562e-06,18.0074,5.04707e-06,18.0074,0.0
1360,174,1.19000305176,0.0627927644931,7.62939453125e-06,17.8028,3.09464e-06,17.8028,0.0
1398,179,1.33000335693,0.0801783774089,6.86645507813e-06,17.6585,1.96216e-06,17.6585,0.0
1437,184,1.25000343323,0.0787816426069,1.52587890625e-06,17.8472,3.04208e-06,17.8472,0.0
1475,189,1.09000366211,0.0707374591298,5.34057617187e-06,17.3106,1.16586e-06,17.3106,0.0
1514,194,1.10000335693,0.0663192460695,4.57763671875e-06,17.3927,3.63583e-06,17.3927,0.0
1552,199,1.15000320435,0.0665422619865,3.0517578125e-06,17.0784,3.39856e-06,17.0784,0.0
1590,204,1.13000320435,0.0629106197186,4.57763671875e-06,17.7343,3.53443e-06,17.7343,0.0
1629,209,1.21000343323,0.0670686976242,1.52587890625e-06,16.9024,1.69514e-06,16.9024,0.0
1667,214,1.13000343323,0.0683352859318,3.0517578125e-06,17.1511,3.04098e-06,17.1511,0.0
1706,219,1.24000366211,0.0672072526354,5.34057617187e-06,17.1443,1.83462e-06,17.1443,0.0
1745,224,1.17000389099,0.0651363354156,1.52587890625e-06,17.964,2.2876e-06,17.964,0.0
1783,229,1.21000328064,0.076017754572,7.62939453125e-07,17.1471,1.05023e-06,17.1471,0.0
1822,234,1.16000404358,0.0651425326931,3.81469726562e-06,16.4635,8.67842e-07,16.4635,0.0
1860,239,1.16000297546,0.067744137086,1.52587890625e-06,17.2105,1.15394e-06,17.2105,0.0
1869,240,1.22000343323,0.0716187902101,3.81469726562e-06,17.1038,6.24419e-05,17.1037,0.0
1878,241,1.15000396729,0.0685937374058,6.103515625e-06,17.1312,1.58904e-06,17.1312,0.0
1886,242,1.16000343323,0.0696945777989,6.103515625e-06,17.0796,4.39262e-06,17.0796,0.0
1895,243,1.16000312805,0.0645654778873,3.0517578125e-06,16.946,8.16581e-07,16.946,0.0
1903,244,1.22000328064,0.0611080278504,4.57763671875e-06,17.0215,1.45435e-06,17.0215,0.0
1912,245,1.22000267029,0.0655211978481,6.103515625e-06,16.8018,4.30192e-06,16.8018,0.0
1921,246,1.16000343323,0.0700912636847,4.57763671875e-06,16.905,9.22678e-07,16.905,0.0
1929,247,1.15000320435,0.071430458859,5.34057617187e-06,17.028,8.12453e-06,17.028,0.0
1938,248,1.17000350952,0.0717093871767,6.103515625e-06,17.9189,7.55785e-07,17.9189,0.0
1947,249,1.17000297546,0.0726465904941,1.52587890625e-06,18.0419,3.26501e-06,18.0419,0.0
