63,4,3.87000083923,0.189057212099,5.34057617187e-06,10.7547,0.0268286,10.7279,0.0
129,9,3.04000091553,0.141301465239,6.103515625e-06,8.95138,0.00514198,8.94623,0.0
194,14,2.60000152588,0.115397057012,3.81469726562e-06,8.01682,0.00138552,8.01544,0.0
259,19,2.51000221252,0.120355540151,5.34057617187e-06,7.75858,0.00067346,7.75791,0.0
324,24,2.37000205994,0.110270292021,3.0517578125e-06,7.20558,0.000250976,7.20533,0.0
389,29,2.27000228882,0.102879846813,6.103515625e-06,6.79549,0.000243502,6.79525,0.0
454,34,2.33000183105,0.115194554825,2.28881835937e-06,7.05159,9.53273e-05,7.0515,0.0
518,39,2.03000282288,0.107703054263,5.34057617187e-06,6.92333,6.38901e-05,6.92326,0.0
583,44,2.36000213623,0.126767460709,5.34057617187e-06,6.787,8.50193e-05,6.78691,0.0
648,49,2.10000213623,0.11061088762,3.81469726562e-06,6.53067,8.62982e-05,6.53058,0.0
714,54,2.30000228882,0.11746793395,7.62939453125e-07,6.41096,2.5604e-05,6.41093,0.0
780,59,1.91000267029,0.107501680446,3.81469726562e-06,6.61384,3.14327e-05,6.61381,0.0
845,64,2.1700025177,0.11723270017,2.28881835937e-06,6.52891,3.7879e-05,6.52887,0.0
911,69,1.87000289917,0.103165094513,4.57763671875e-06,6.42637,2.33514e-05,6.42635,0.0
977,74,1.85000282288,0.10648375503,6.86645507813e-06,6.57778,1.3927e-05,6.57777,0.0
1042,79,1.61000404358,0.0902781934303,6.86645507813e-06,6.24918,1.5346e-05,6.24917,0.0
1108,84,1.84000259399,0.0962307476974,7.62939453125e-07,6.25699,1.44283e-05,6.25698,0.0
1174,89,1.93000274658,0.106661310538,5.34057617187e-06,6.23135,1.43962e-05,6.23133,0.0
1240,94,1.7500025177,0.090006816267,5.34057617187e-06,6.01945,1.04543e-05,6.01944,0.0
1306,99,1.83000297546,0.0944418345205,6.103515625e-06,6.08065,7.97129e-06,6.08065,0.0
1371,104,1.70000328064,0.089344946316,4.57763671875e-06,5.94163,6.42881e-06,5.94162,0.0
1435,109,1.80000282288,0.100549410703,3.0517578125e-06,6.24274,7.96765e-06,6.24273,0.0
1499,114,1.59000343323,0.0914353420457,4.57763671875e-06,5.81676,6.56693e-06,5.81676,0.0
1564,119,1.57000350952,0.0978284478118,5.34057617187e-06,6.26358,6.70884e-06,6.26357,0.0
1629,124,1.97000305176,0.113918911045,4.57763671875e-06,6.04386,1.59653e-05,6.04385,0.0
1693,129,1.98000282288,0.10162961795,6.86645507813e-06,6.07603,4.92202e-06,6.07602,0.0
1758,134,1.78000267029,0.0974434166166,3.0517578125e-06,6.13624,1.44167e-05,6.13623,0.0
1822,139,1.64000297546,0.0856129221572,5.34057617187e-06,6.07292,0.00076084,6.07215,0.0
1887,144,1.58000236511,0.0816601321963,3.0517578125e-06,6.1169,8.03059e-06,6.11689,0.0
1951,149,1.61000282288,0.0894836037664,7.62939453125e-07,6.14367,4.18777e-06,6.14367,0.0
2015,154,1.59000343323,0.0851160881505,3.81469726562e-06,5.80718,4.87433e-06,5.80718,0.0
2080,159,1.5000038147,0.0808319146984,3.0517578125e-06,5.94735,1.56044e-06,5.94735,0.0
2145,164,1.59000343323,0.0873371232365,6.103515625e-06,5.97016,6.586e-05,5.97009,0.0
2210,169,1.62000335693,0.0847767412342,3.0517578125e-06,5.73423,4.52862e-06,5.73423,0.0
2274,174,1.42000350952,0.0891549984168,3.81469726562e-06,5.92517,1.98363e-06,5.92517,0.0
2339,179,1.57000312805,0.0858408850486,3.81469726562e-06,6.03669,2.3925e-06,6.03668,0.0
2403,184,1.69000343323,0.0852493928594,3.81469726562e-06,6.00195,2.16481e-06,6.00195,0.0
2468,189,1.57000274658,0.0851039238123,3.0517578125e-06,5.83216,1.61169e-06,5.83216,0.0
2532,194,1.5700037384,0.084995552192,5.34057617187e-06,5.75076,1.43289e-06,5.75075,0.0
2599,199,1.64000312805,0.092258492097,2.28881835937e-06,5.92598,4.5e-06,5.92597,0.0
2664,204,1.59000274658,0.0879000213917,2.28881835937e-06,5.76267,1.83819e-06,5.76266,0.0
2729,209,1.65000297546,0.0915909937373,1.52587890625e-06,6.11287,1.53779e-06,6.11287,0.0
2794,214,1.61000358582,0.0902481450961,4.57763671875e-06,5.70104,3.05406e-06,5.70103,0.0
2859,219,1.53000305176,0.0863620178535,2.28881835937e-06,5.76397,4.65262e-06,5.76396,0.0
2923,224,1.52000312805,0.0821070827369,3.81469726562e-06,5.77788,2.84894e-06,5.77788,0.0
2985,229,1.69000358582,0.0888216765409,3.0517578125e-06,5.66029,9.59632e-07,5.66029,0.0
3047,234,1.49000305176,0.0817096071009,6.103515625e-06,5.71392,1.76274e-05,5.7139,0.0
3098,239,1.56000358582,0.0837329427848,6.103515625e-06,5.84216,2.91101e-06,5.84215,0.0
3107,240,1.48000297546,0.0814842799286,3.0517578125e-06,5.8733,1.05976e-06,5.8733,0.0
3117,241,1.46000396729,0.0851421986011,4.57763671875e-06,5.85047,4.15904e-06,5.85046,0.0
3127,242,1.57000396729,0.0947587183933,4.57763671875e-06,5.49751,3.47725e-06,5.49751,0.0
3137,243,1.58000312805,0.0883423706947,6.86645507813e-06,5.79998,9.47709e-07,5.79998,0.0
3146,244,1.56000289917,0.0922284346123,5.34057617187e-06,5.86062,1.87395e-06,5.86061,0.0
3156,245,1.48000396729,0.0831350352959,2.28881835937e-06,5.77104,6.78298e-07,5.77104,0.0
3165,246,1.42000343323,0.0744937804772,4.57763671875e-06,6.07497,2.29354e-06,6.07497,0.0
3175,247,1.52000404358,0.0858457634921,7.62939453125e-07,5.79211,3.02785e-06,5.79211,0.0
3185,248,1.54000335693,0.0892211100084,6.86645507813e-06,5.86979,9.43273e-06,5.86978,0.0
3194,249,1.41000343323,0.0801133739186,3.81469726562e-06,5.62192,1.77025e-06,5.62191,0.0
