38,4,5.90999938965,0.270975011736,0.0,37.8625,0.0220475,37.8404,0.0,0.962917
79,9,3.91000038147,0.173696292229,0.0,30.8406,0.00699878,30.8336,0.0,0.953714
119,14,2.99000167847,0.137578178402,7.62939453125e-06,28.8407,0.00212809,28.8385,0.0,nan
158,19,2.77000205994,0.12221157182,0.0,25.9769,0.000730307,25.9762,0.0,0.961138
198,24,2.2900025177,0.106932317112,0.0,25.7546,0.000455832,25.7542,0.0,0.947361
238,29,2.13000312805,0.101448681029,7.62939453125e-06,24.8639,0.000313091,24.8636,0.0,0.969596
276,34,2.03000282288,0.0958104546787,0.0,25.1181,0.000133449,25.1179,0.0,0.967707
316,39,2.13000274658,0.107971721105,7.62939453125e-06,25.217,6.57251e-05,25.217,0.0,0.962653
355,44,1.76000282288,0.0882800548535,0.0,24.5095,4.14246e-05,24.5095,0.0,1.1086
394,49,1.77000320435,0.0938195647998,7.62939453125e-06,24.9246,3.24392e-05,24.9246,0.0,nan
432,54,1.78000335693,0.0925045851839,7.62939453125e-06,23.7762,1.27966e-05,23.7762,0.0,nan
471,59,1.64000297546,0.0891472353484,7.62939453125e-06,24.1019,9.05674e-05,24.1018,0.0,nan
510,64,1.56000305176,0.0899532724509,0.0,23.2252,3.71077e-05,23.2252,0.0,nan
549,69,1.52000274658,0.0937728717318,0.0,23.6608,8.88803e-06,23.6608,0.0,nan
589,74,1.56000427246,0.0900009554523,7.62939453125e-06,23.5478,1.51476e-05,23.5478,0.0,nan
627,79,1.5300037384,0.0912773444781,7.62939453125e-06,23.8114,1.06368e-05,23.8114,0.0,nan
667,84,1.61000335693,0.0958113248285,7.62939453125e-06,23.3414,4.68484e-06,23.3414,0.0,nan
705,89,1.53000320435,0.0985825945414,0.0,23.0541,7.63738e-06,23.0541,0.0,nan
744,94,1.64000328064,0.0972411923349,7.62939453125e-06,23.1372,1.81755e-05,23.1372,0.0,nan
783,99,1.61000289917,0.0944253761618,7.62939453125e-06,22.7913,5.2545e-06,22.7913,0.0,nan
822,104,1.64000335693,0.0925565299112,7.62939453125e-06,23.6296,2.86576e-06,23.6296,0.0,nan
862,109,1.47000343323,0.0887467105195,7.62939453125e-06,23.5079,4.26997e-06,23.5079,0.0,nan
900,114,1.47000389099,0.0943093463169,0.0,25.0835,3.28887e-06,25.0835,0.0,nan
938,119,1.3500038147,0.0882969671086,0.0,23.3287,4.76404e-06,23.3287,0.0,nan
976,124,1.50000343323,0.0961517166859,7.62939453125e-06,21.9975,1.5223e-06,21.9975,0.0,nan
1014,129,1.57000366211,0.0949561088433,0.0,22.9224,3.94212e-06,22.9224,0.0,nan
1053,134,1.39000366211,0.0882820364551,7.62939453125e-06,22.3789,2.72985e-06,22.3789,0.0,nan
1091,139,1.4600037384,0.0993593523279,0.0,21.763,4.33903e-06,21.763,0.0,nan
1130,144,1.39000358582,0.108207105816,0.0,21.5608,3.54632e-06,21.5608,0.0,nan
1168,149,1.39000297546,0.0976082848865,0.0,21.8853,6.00693e-06,21.8853,0.0,nan
1207,154,1.28000343323,0.0946627235829,7.62939453125e-06,22.6775,2.12356e-05,22.6774,0.0,nan
1245,159,1.44000289917,0.104873016642,0.0,22.228,1.55684e-06,22.228,0.0,nan
1283,164,1.25000312805,0.0839045204397,7.62939453125e-06,23.6848,1.26003e-06,23.6848,0.0,nan
1321,169,1.24000366211,0.0855348784325,0.0,21.9823,1.65937e-06,21.9823,0.0,nan
1359,174,1.23000343323,0.0846965282236,0.0,21.7504,8.63071e-07,21.7504,0.0,nan
1398,179,1.37000350952,0.0876440886405,0.0,22.1708,8.95255e-07,22.1708,0.0,nan
1435,184,1.31000343323,0.0789325565324,7.62939453125e-06,22.3812,1.18136e-06,22.3812,0.0,nan
1473,189,1.32000343323,0.086408635009,7.62939453125e-06,21.5631,1.94664e-06,21.5631,0.0,nan
1511,194,1.40000328064,0.0959434224084,0.0,22.0001,1.47103e-06,22.0001,0.0,nan
1550,199,1.27000366211,0.0878627908093,7.62939453125e-06,21.7936,1.26598e-06,21.7936,0.0,nan
1587,204,1.30000366211,0.0904437959703,0.0,21.5351,9.32209e-07,21.5351,0.0,nan
1625,209,1.2500038147,0.0955246221492,0.0,21.9265,1.40068e-06,21.9265,0.0,nan
1664,214,1.23000312805,0.0958971907743,7.62939453125e-06,21.5541,9.42934e-07,21.5541,0.0,nan
1702,219,1.37000350952,0.0968633822133,7.62939453125e-06,22.4608,9.9496e-06,22.4607,0.0,nan
1740,224,1.20000396729,0.0836710789246,7.62939453125e-06,21.1901,4.11271e-07,21.1901,0.0,nan
1778,229,1.26000320435,0.0848665297614,7.62939453125e-06,21.9184,7.35511e-07,21.9184,0.0,nan
1816,234,1.14000389099,0.0802348086468,7.62939453125e-06,21.643,3.92197e-07,21.643,0.0,nan
1854,239,1.18000312805,0.0868304299615,0.0,21.4177,8.65449e-07,21.4177,0.0,nan
1863,240,1.1600038147,0.0920041257239,0.0,21.2824,1.75238e-07,21.2824,0.0,nan
1873,241,1.18000419617,0.0815699074569,0.0,20.5773,5.47999e-06,20.5773,0.0,nan
1882,242,1.1300038147,0.0850975515661,0.0,21.3254,1.59614e-06,21.3254,0.0,nan
1891,243,1.10000335693,0.0848964448682,0.0,20.6343,1.94311e-07,20.6343,0.0,nan
1900,244,1.15000411987,0.0828798708245,7.62939453125e-06,21.7985,2.39611e-07,21.7985,0.0,nan
1909,245,1.22000404358,0.0892026916032,7.62939453125e-06,21.5592,5.98426e-07,21.5592,0.0,nan
1918,246,1.1500037384,0.0824247845134,7.62939453125e-06,20.8246,2.70605e-07,20.8246,0.0,nan
1928,247,1.17000335693,0.0792880902434,7.62939453125e-06,20.3546,1.25643e-06,20.3546,0.0,nan
1937,248,1.19000320435,0.0867614925628,0.0,20.3439,5.98423e-07,20.3439,0.0,nan
1946,249,1.1900037384,0.0928787874794,0.0,20.7353,1.90735e-07,20.7353,0.0,nan
