76,4,3.23000045776,0.240606837869,0.100001525879,33.0231,0.139611,32.149,0.734494
153,9,2.37000228882,0.171268035918,3.81469726562e-06,26.7113,0.0791318,25.7493,0.882844
230,14,2.33000183105,0.152934910804,4.57763671875e-06,23.8616,0.0629738,22.9384,0.860227
308,19,2.04000190735,0.144777205214,7.62939453125e-07,22.5227,0.0618279,21.5761,0.884778
385,24,1.80000244141,0.139514894485,0.0,21.5261,0.0548394,20.6447,0.826493
462,29,1.6900025177,0.134414222538,4.57763671875e-06,21.7638,0.0563429,20.9486,0.758887
539,34,1.72000221252,0.13579817757,2.28881835937e-06,21.3522,0.052531,20.3621,0.937587
616,39,1.66000244141,0.133758137077,2.28881835937e-06,20.6745,0.0548819,19.7813,0.838286
694,44,1.67000305176,0.128650614172,6.103515625e-06,20.619,0.0547767,19.7358,0.828439
771,49,1.59000190735,0.123228497133,2.28881835937e-06,20.3162,0.0483727,19.4281,0.83977
849,54,1.51000228882,0.126046534032,2.28881835937e-06,20.5555,0.0459421,19.6695,0.840027
927,59,1.42000236511,0.123290451393,3.81469726562e-06,19.7913,0.0498664,18.8234,0.918007
1005,64,1.5000025177,0.121551623046,0.0,20.5513,0.0478041,19.5997,0.903814
1082,69,1.48000244141,0.120232724175,7.62939453125e-06,20.2508,0.0503581,19.357,0.843453
1158,74,1.46000259399,0.1203014566,2.28881835937e-06,19.367,0.0466801,18.5697,0.750592
1232,79,1.45000228882,0.116237955019,3.0517578125e-06,18.9444,0.0465234,18.007,0.890955
1305,84,1.51000282288,0.120486084968,7.62939453125e-07,19.4549,0.0459091,18.488,0.920939
1379,89,1.38000289917,0.11535308443,1.52587890625e-06,20.015,0.0448231,18.9692,1.001
1452,94,1.46000305176,0.117209176123,0.0,19.8504,0.0429269,18.9099,0.897571
1526,99,1.37000282288,0.114648470208,2.28881835937e-06,19.2886,0.044175,18.2426,1.00185
1600,104,1.34000320435,0.111753804833,3.0517578125e-06,18.9359,0.0448668,18.0871,0.803865
1673,109,1.33000289917,0.113276268989,1.52587890625e-06,19.604,0.0408281,18.7486,0.814501
1746,114,1.40000312805,0.113028428257,7.62939453125e-07,18.8096,0.0415647,17.9724,0.795681
1820,119,1.42000244141,0.11228561949,2.28881835937e-06,20.0114,0.0407983,19.0936,0.876978
1892,124,1.34000267029,0.112426225618,7.62939453125e-07,18.6375,0.0439303,17.7903,0.803231
1966,129,1.43000297546,0.111827122122,3.81469726562e-06,19.0526,0.0428917,18.0987,0.91109
2039,134,1.28000305176,0.112778286412,6.103515625e-06,18.282,0.0398631,17.4678,0.774332
2112,139,1.27000297546,0.108157160841,1.52587890625e-06,19.3326,0.0376416,18.3143,0.980657
2186,144,1.24000358582,0.107619323134,3.0517578125e-06,17.765,0.0410815,16.9349,0.789002
2259,149,1.22000282288,0.107811700553,4.57763671875e-06,18.9422,0.0448638,17.9181,0.979261
2332,154,1.31000267029,0.108235910311,0.0,17.9172,0.0371985,17.0809,0.799148
2405,159,1.27000289917,0.109217600375,2.28881835937e-06,18.4462,0.0394384,17.5342,0.872558
2478,164,1.20000358582,0.103222344629,3.81469726562e-06,18.3558,0.0382358,17.4118,0.905808
2551,169,1.26000259399,0.10878137961,5.34057617187e-06,18.972,0.0389679,18.0722,0.860833
2624,174,1.23000328064,0.107756693512,7.62939453125e-07,18.7287,0.0403585,17.7083,0.980086
2697,179,1.28000205994,0.109113583751,6.103515625e-06,18.6665,0.0400383,17.7603,0.866168
2770,184,1.29000289917,0.10771761097,7.62939453125e-07,18.5894,0.0380236,17.5904,0.960971
2843,189,1.22000282288,0.108271444775,7.62939453125e-07,18.5615,0.0396136,17.6165,0.905428
2916,194,1.30000267029,0.104560478441,1.52587890625e-06,17.878,0.0382058,17.0112,0.828657
2989,199,1.25000274658,0.107875294872,4.57763671875e-06,17.4425,0.0410712,16.5719,0.829544
3063,204,1.25000305176,0.106145521887,6.103515625e-06,18.4291,0.0405494,17.6333,0.755236
3136,209,1.31000236511,0.105055251867,7.62939453125e-07,17.8013,0.040195,16.8751,0.886035
3209,214,1.27000274658,0.105678689219,3.0517578125e-06,18.075,0.0381377,17.1859,0.850992
3282,219,1.29000297546,0.109268771708,0.0,17.9191,0.0373234,17.0962,0.785584
3355,224,1.32000259399,0.110036382154,3.0517578125e-06,18.8326,0.0383994,17.838,0.956256
3429,229,1.34000267029,0.107440484576,6.103515625e-06,17.9725,0.0408138,17.1084,0.823251
3502,234,1.25000289917,0.108161170632,4.57763671875e-06,17.4341,0.0393954,16.6134,0.781293
3575,239,1.20000343323,0.106855340116,2.28881835937e-06,18.1903,0.0374878,17.2884,0.864407
3591,240,1.17000267029,0.10628943067,0.0,18.0472,0.0401596,17.1041,0.903003
3607,241,1.25000282288,0.103668152243,2.28881835937e-06,18.7914,0.041906,17.9545,0.794945
3624,242,1.24000244141,0.104558027089,0.0,18.0562,0.038825,17.0648,0.952599
3639,243,1.15000335693,0.105244645029,3.0517578125e-06,18.1478,0.038685,17.1854,0.923719
3656,244,1.24000305176,0.106088419594,4.57763671875e-06,17.6851,0.0400761,16.7496,0.895444
3672,245,1.18000305176,0.106804146133,6.86645507813e-06,17.7547,0.0389853,16.9127,0.802995
3688,246,1.24000267029,0.104128662981,4.57763671875e-06,17.6622,0.0378125,16.8138,0.810632
3704,247,1.2400025177,0.104350184947,5.34057617187e-06,18.044,0.034606,17.2159,0.793532
3720,248,1.26000274658,0.104408871531,5.34057617187e-06,18.7752,0.0387164,17.9498,0.786656
3736,249,1.32000236511,0.107039816789,6.86645507813e-06,18.4574,0.0405008,17.6322,0.784656
