272,4,9.32000106812,0.353762339354,0.0,13.3176,0.00706976,13.3105,0.0
556,9,6.29000053406,0.229523894191,0.0,11.1384,0.00157446,11.1369,0.0
838,14,4.56000068665,0.171875500735,0.0,10.1403,0.000456643,10.1399,0.0
1106,19,4.15000095367,0.170330126523,0.0,9.18062,0.000147493,9.18047,0.0
1376,24,3.27000106812,0.153446408049,0.0,9.05988,7.60077e-05,9.0598,0.0
1651,29,3.10000114441,0.135726415323,0.0,9.21756,2.63443e-05,9.21754,0.0
1916,34,2.81000080109,0.145162235458,0.0,9.03157,1.54658e-05,9.03156,0.0
2147,39,2.68000083923,0.131069615079,0.0,8.94122,8.19669e-06,8.94121,0.0
2379,44,2.63000076294,0.131053023232,0.0,8.78532,1.05522e-05,8.78531,0.0
2611,49,2.6200012207,0.129287822074,0.0,8.52007,3.49996e-06,8.52006,0.0
2843,54,2.82000072479,0.14766429349,0.0,8.54706,3.34371e-05,8.54703,0.0
3083,59,2.3500012207,0.135972130484,0.0,8.13895,2.67027e-06,8.13895,0.0
3336,64,2.34000102997,0.125367178809,0.0,7.59811,3.85758e-06,7.59811,0.0
3608,69,2.65000091553,0.14355508585,0.0,8.21583,2.53437e-06,8.21583,0.0
3881,74,2.69000106812,0.141137442377,0.0,7.8121,2.06708e-06,7.81209,0.0
4155,79,2.19000114441,0.121562580609,0.0,7.82418,5.13303e-06,7.82417,0.0
4428,84,2.60000106812,0.142432095903,0.0,7.44872,3.40696e-06,7.44872,0.0
4702,89,2.18000125885,0.117078107042,0.0,7.49062,1.81197e-06,7.49061,0.0
4977,94,2.43000118256,0.125821668919,0.0,7.74726,2.32453e-06,7.74726,0.0
5251,99,2.13000099182,0.123469307249,0.0,7.26031,2.52004e-06,7.26031,0.0
5526,104,1.94000095367,0.105877674501,0.0,8.0006,4.84679e-06,8.00059,0.0
5801,109,1.89000091553,0.111404699627,0.0,7.19392,6.86643e-07,7.19392,0.0
6075,114,1.90000114441,0.114020409118,0.0,7.84004,7.74859e-07,7.84004,0.0
6351,119,1.97000087738,0.120297577545,0.0,7.77726,1.10537e-05,7.77725,0.0
6627,124,2.07000061035,0.116391645233,0.0,7.15578,5.38825e-07,7.15578,0.0
6904,129,1.77000106812,0.111300215598,0.0,7.63149,6.34192e-07,7.63149,0.0
7181,134,2.10000110626,0.126350897443,0.0,7.81468,1.02758e-06,7.81468,0.0
7458,139,1.84000068665,0.114786900405,0.0,7.44969,3.55243e-07,7.44969,0.0
7737,144,2.03000091553,0.11797536535,0.0,7.49363,6.07966e-07,7.49363,0.0
8015,149,1.82000102997,0.108002237179,0.0,7.56504,8.15384e-07,7.56504,0.0
8292,154,1.88000091553,0.120466019519,0.0,7.45132,2.9087e-07,7.45132,0.0
8569,159,1.9100012207,0.117450450155,0.0,7.39793,1.54972e-07,7.39793,0.0
8847,164,2.03000099182,0.131525845325,0.0,7.38474,4.26768e-07,7.38474,0.0
9126,169,1.68000095367,0.10934098719,0.0,7.66585,5.10214e-07,7.66585,0.0
9403,174,1.65000076294,0.111724762378,0.0,7.20802,1.88351e-07,7.20802,0.0
9682,179,1.5600012207,0.106766394431,0.0,7.05254,1.00136e-07,7.05254,0.0
9968,184,1.84000099182,0.122685722692,0.0,7.91713,5.84122e-07,7.91713,0.0
10253,189,1.68000095367,0.106234532019,0.0,7.30997,5.10212e-07,7.30997,0.0
10531,194,1.47000087738,0.101316379445,0.0,7.63085,1.12057e-07,7.63085,0.0
10817,199,1.56000091553,0.106634806438,0.0,7.49565,1.26362e-07,7.49565,0.0
11131,204,2.11000125885,0.131158276326,0.0,7.70917,1.90735e-07,7.70917,0.0
11415,209,2.11000118256,0.126586618011,0.0,7.01527,1.90735e-08,7.01527,0.0
11713,214,1.85000099182,0.122214314421,0.0,7.32651,7.62939e-08,7.32651,0.0
11991,219,1.65000053406,0.115127371689,0.0,7.19825,1.11339e-06,7.19825,0.0
12270,224,1.53000106812,0.111572952231,0.0,7.26739,7.86781e-08,7.26739,0.0
12558,229,1.45000091553,0.109307885486,0.0,7.37944,1.52588e-07,7.37944,0.0
12848,234,1.62000099182,0.120197573741,0.0,6.95775,3.83853e-07,6.95775,0.0
13131,239,1.84000091553,0.131175707679,0.0,7.06202,4.05312e-08,7.06202,0.0
13195,240,1.56000087738,0.106419739758,0.0,7.25804,2.74181e-07,7.25804,0.0
13259,241,1.57000099182,0.108653496186,0.0,7.4193,2.43186e-07,7.4193,0.0
13329,242,1.54000110626,0.112362657201,0.0,7.48497,1.07288e-07,7.48497,0.0
13404,243,1.74000110626,0.122691847091,0.0,6.93973,1.0252e-07,6.93973,0.0
13474,244,1.97000114441,0.130133463147,0.0,7.64942,1.09672e-07,7.64942,0.0
13547,245,1.75000083923,0.128024422632,0.0,7.1578,5.24521e-08,7.1578,0.0
13619,246,1.6500012207,0.117151603519,0.0,7.21547,7.58157e-07,7.21547,0.0
13689,247,1.67000068665,0.112956930824,0.0,7.59,2.38419e-08,7.59,0.0
13755,248,1.63000080109,0.121108692164,0.0,7.91385,7.2955e-07,7.91385,0.0
13819,249,1.51000076294,0.102189616349,0.0,7.56568,8.10622e-08,7.56568,0.0
