179,4,10.3600011063,0.415715012923,0.0,13.6445,0.00927875,13.6352,0.0
364,9,5.53000045776,0.224564950913,0.0,10.7291,0.00172194,10.7274,0.0
549,14,4.24000045776,0.181524795541,0.0,10.3266,0.000809857,10.3258,0.0
734,19,3.22000133514,0.144079932193,0.0,10.0483,0.000197945,10.0482,0.0
915,24,2.99000076294,0.151291049511,0.0,10.256,6.92595e-05,10.256,0.0
1092,29,2.90000095367,0.146827765432,0.0,9.38067,5.12611e-05,9.38062,0.0
1273,34,2.81000102997,0.152905180046,0.0,8.6955,2.20693e-05,8.69547,0.0
1456,39,2.93000072479,0.163832252246,0.0,8.5785,2.51009e-05,8.57848,0.0
1638,44,2.43000095367,0.120484252159,0.0,8.46999,1.22307e-05,8.46998,0.0
1821,49,2.56000106812,0.144283993186,0.0,8.3253,6.00959e-05,8.32524,0.0
2004,54,2.56000099182,0.140377473643,0.0,8.45018,0.000128411,8.45005,0.0
2187,59,2.31000106812,0.125306034231,0.0,8.47287,5.6766e-06,8.47286,0.0
2369,64,2.4800012207,0.133472236354,0.0,8.33242,6.19875e-06,8.33241,0.0
2552,69,2.38000137329,0.143853567425,0.0,8.14827,6.63984e-06,8.14826,0.0
2735,74,2.10000102997,0.12224231052,0.0,8.25526,1.06275e-05,8.25525,0.0
2918,79,2.18000099182,0.139481022424,0.0,7.86707,2.31742e-06,7.86707,0.0
3099,84,1.95000091553,0.120136121486,0.0,7.99375,5.88138e-06,7.99374,0.0
3283,89,2.2500006485,0.150972064662,0.0,7.84825,0.000157731,7.84809,0.0
3465,94,2.33000106812,0.147187146192,0.0,8.27994,2.5153e-06,8.27994,0.0
3648,99,2.26000114441,0.135464193729,0.0,7.89936,1.79051e-06,7.89936,0.0
3831,104,2.13000087738,0.142992955382,0.0,7.90768,3.2948e-06,7.90767,0.0
4015,109,2.23000091553,0.13620146631,0.0,8.27701,9.57372e-06,8.277,0.0
4199,114,2.06000110626,0.133131630605,0.0,7.89992,4.72275e-06,7.89991,0.0
4381,119,2.10000091553,0.147111009804,0.0,7.60529,2.1934e-06,7.60528,0.0
4565,124,1.84000118256,0.134436117389,0.0,7.58678,1.82151e-06,7.58678,0.0
4753,129,2.00000118256,0.138395139883,0.0,7.75011,1.51633e-06,7.75011,0.0
4935,134,2.09000102997,0.144532430902,0.0,7.9107,2.11475e-06,7.9107,0.0
5118,139,1.95000068665,0.120182840455,0.0,7.77696,2.38892e-06,7.77696,0.0
5303,144,2.11000106812,0.147904354447,0.0,7.44271,2.82039e-06,7.4427,0.0
5487,149,1.86000106812,0.126663322333,0.0,8.70712,1.94546e-06,8.70712,0.0
5671,154,1.90000068665,0.133306443089,0.0,7.24087,6.98565e-07,7.24087,0.0
5851,159,1.84000087738,0.141595581893,0.0,7.45629,4.96355e-06,7.45629,0.0
5995,164,1.71000091553,0.123761986953,0.0,7.73209,1.41858e-06,7.73209,0.0
6124,169,1.83000106812,0.136646459895,0.0,7.80168,1.43051e-07,7.80168,0.0
6254,174,1.88000125885,0.144198576508,0.0,7.62918,4.37235e-06,7.62918,0.0
6385,179,1.76000076294,0.139330408869,0.0,7.33847,2.36034e-07,7.33847,0.0
6514,184,1.79000095367,0.129262240326,0.0,7.53847,4.26768e-07,7.53847,0.0
6644,189,1.81000095367,0.135943890298,0.0,7.53347,9.39353e-07,7.53346,0.0
6774,194,1.98000106812,0.159124469348,0.0,7.67556,6.24654e-07,7.67556,0.0
6905,199,1.96000106812,0.146456174855,0.0,7.23475,6.76782e-06,7.23474,0.0
7036,204,1.78000072479,0.132334862619,0.0,7.61785,9.2506e-07,7.61785,0.0
7167,209,1.94000091553,0.139486883249,0.0,7.56588,8.55919e-07,7.56588,0.0
7295,214,1.85000114441,0.140245790519,0.0,7.32318,1.54013e-06,7.32318,0.0
7426,219,1.89000102997,0.136215738354,0.0,7.24413,2.3365e-07,7.24413,0.0
7556,224,1.74000076294,0.140811685638,0.0,7.48722,4.19616e-07,7.48722,0.0
7686,229,1.86000091553,0.133976283158,0.0,7.22481,2.57491e-07,7.22481,0.0
7815,234,1.89000072479,0.131613431826,0.0,7.30266,2.4557e-07,7.30266,0.0
7946,239,1.78000068665,0.131243244291,0.0,7.23803,1.21593e-07,7.23803,0.0
7976,240,1.80000091553,0.131549311183,0.0,7.30698,2.43186e-07,7.30698,0.0
8007,241,1.880001297,0.130482727772,0.0,7.8288,1.5974e-07,7.8288,0.0
8037,242,1.73000087738,0.130219493052,0.0,7.19192,1.54972e-07,7.19192,0.0
8067,243,1.72000091553,0.145623798552,0.0,7.44534,1.60688e-06,7.44534,0.0
8097,244,1.65000118256,0.130164159758,0.0,7.25538,4.41071e-07,7.25538,0.0
8128,245,1.89000068665,0.141204455094,0.0,7.02468,1.57356e-07,7.02468,0.0
8158,246,1.69000080109,0.131422508468,0.0,7.11394,1.90735e-07,7.11394,0.0
8188,247,1.85000110626,0.139622994964,0.0,7.20061,7.15255e-08,7.20061,0.0
8219,248,1.84000102997,0.135893814088,0.0,7.95434,3.31401e-07,7.95434,0.0
8249,249,1.93000118256,0.138006034291,0.0,7.29623,1.74045e-07,7.29623,0.0
