472,4,3.75000015259,0.176915169731,0.0,16.0723,0.0405862,15.8903,0.141386
951,9,2.740001297,0.132040736973,0.0,15.0786,0.030911,14.8834,0.164314
1430,14,2.43000228882,0.120111312922,7.62939453125e-06,13.3131,0.0180817,13.1305,0.164532
1908,19,2.3000025177,0.105674490929,7.62939453125e-06,12.5541,0.0165359,12.2857,0.251787
2387,24,2.14000305176,0.0970858257078,7.62939453125e-06,13.1208,0.0142982,12.9241,0.182375
2867,29,2.02000328064,0.0916003707796,7.62939453125e-06,12.9649,0.0121614,12.7783,0.174369
3343,34,1.93000228882,0.0924756694771,7.62939453125e-06,11.552,0.0118634,11.38,0.160117
3821,39,1.7900037384,0.0884694985114,7.62939453125e-06,12.311,0.0108656,12.1616,0.13846
4299,44,1.95000312805,0.0934416912496,7.62939453125e-06,11.5025,0.0105104,11.3594,0.132556
4775,49,1.95000205994,0.0863198411744,7.62939453125e-06,12.2408,0.0102592,12.0343,0.196268
5268,54,1.85000297546,0.0895843087416,7.62939453125e-06,11.7919,0.00993473,11.6127,0.169328
5754,59,1.80000335693,0.0876050724182,0.0,11.3701,0.00968936,11.1632,0.197208
6267,64,1.83000297546,0.0843631525245,7.62939453125e-06,12.0504,0.00870173,11.856,0.185674
6791,69,1.75000259399,0.0841822159756,0.0,11.4218,0.00800102,11.0987,0.31513
7257,74,1.84000320435,0.0862594405096,7.62939453125e-06,11.8581,0.00849095,11.6572,0.192359
7722,79,1.75000320435,0.0817633173242,0.0,10.8171,0.00812562,10.6656,0.143457
8187,84,1.77000312805,0.0835768793244,0.0,11.3997,0.00777258,11.1977,0.19428
8683,89,1.73000328064,0.0852053570282,7.62939453125e-06,10.3491,0.00836032,10.1042,0.236479
9208,94,1.68000305176,0.083029614538,7.62939453125e-06,11.598,0.00811759,11.3801,0.209721
9714,99,1.73000358582,0.0837420554738,7.62939453125e-06,10.7576,0.00747121,10.4051,0.34502
10173,104,1.69000305176,0.0812848764192,0.0,10.7857,0.00845442,10.5127,0.264586
10629,109,1.62000343323,0.0788538998459,7.62939453125e-06,11.8244,0.00735338,11.5514,0.26562
11084,114,1.66000282288,0.079604328135,0.0,10.7133,0.00726064,10.4169,0.289197
11538,119,1.65000343323,0.077388342577,7.62939453125e-06,11.0566,0.00723706,10.7478,0.301523
11993,124,1.63000312805,0.0799681859836,7.62939453125e-06,11.1006,0.00720736,11.0093,0.0841514
12440,129,1.69000289917,0.0845543685788,0.0,11.4421,0.00690839,11.092,0.343204
12893,134,1.62000335693,0.0763599414565,0.0,10.5109,0.00625229,10.2883,0.216385
13345,139,1.6200025177,0.082682315791,7.62939453125e-06,10.5783,0.00698887,10.3254,0.245988
13798,144,1.60000343323,0.0793180156918,7.62939453125e-06,11.1258,0.00658648,10.8774,0.241834
14249,149,1.64000358582,0.0822464535106,0.0,11.0441,0.00679988,10.8638,0.173544
14701,154,1.54000320435,0.0770897440054,7.62939453125e-06,11.763,0.0064519,11.5276,0.228914
15151,159,1.51000350952,0.0760479846131,0.0,11.7023,0.00637454,11.3012,0.394721
15602,164,1.58000267029,0.0800719020469,0.0,11.216,0.00648529,10.9375,0.271999
16053,169,1.56000350952,0.0762667104602,0.0,10.3951,0.00619791,10.2113,0.177593
16505,174,1.57000328064,0.078085772451,0.0,10.1347,0.00602188,9.94156,0.187129
16959,179,1.55000350952,0.0769632055517,0.0,10.2668,0.00607277,9.99701,0.263755
17411,184,1.57000312805,0.0781960547017,0.0,10.8749,0.00613163,10.7007,0.168076
17864,189,1.56000312805,0.0770143300388,0.0,10.4479,0.00625618,10.2549,0.186793
18316,194,1.58000320435,0.0728382851649,7.62939453125e-06,10.4922,0.00611446,10.2928,0.193326
18767,199,1.59000297546,0.0826498799166,7.62939453125e-06,10.5042,0.00603907,10.3954,0.102819
19218,204,1.6100037384,0.0778879676666,7.62939453125e-06,11.0707,0.00585078,10.9636,0.101265
19666,209,1.63000267029,0.0747273099562,7.62939453125e-06,10.1074,0.00567561,9.98372,0.117961
20118,214,1.52000320435,0.0747349925991,7.62939453125e-06,10.1868,0.00580466,9.94729,0.233683
20571,219,1.57000312805,0.0792503159354,0.0,9.75574,0.00532577,9.49184,0.258568
21025,224,1.51000350952,0.0769015059387,0.0,10.9591,0.00525796,10.7321,0.221749
21478,229,1.55000312805,0.0744973731553,0.0,10.2572,0.00507532,10.0671,0.184997
21931,234,1.45000358582,0.0756069325516,7.62939453125e-06,10.3073,0.00479904,10.0587,0.24376
22384,239,1.49000305176,0.0756683165953,7.62939453125e-06,10.4907,0.00464325,10.3704,0.115723
22479,240,1.49000297546,0.0753130691079,7.62939453125e-06,10.3487,0.00476477,10.0451,0.298839
22574,241,1.52000297546,0.0756046575448,0.0,10.3898,0.00456662,10.1927,0.19251
22668,242,1.46000297546,0.0716756746173,0.0,10.2444,0.0044217,10.0331,0.206866
22763,243,1.45000320435,0.0693732170993,7.62939453125e-06,9.99212,0.004434,9.83193,0.15575
22858,244,1.47000366211,0.0745072164573,7.62939453125e-06,10.338,0.00449359,10.0778,0.255649
22953,245,1.48000328064,0.0709659130778,7.62939453125e-06,10.6503,0.00451029,10.4641,0.18176
23048,246,1.51000289917,0.0746918557538,7.62939453125e-06,11.0436,0.00567339,10.7853,0.252607
23142,247,1.47000350952,0.0715201870957,0.0,9.3524,0.00470538,9.21875,0.128948
23237,248,1.51000320435,0.0739006268186,0.0,10.0619,0.00476428,9.8386,0.218514
23331,249,1.49000396729,0.0727269873023,0.0,10.0993,0.00450511,9.90628,0.18854
