193,4,5.99999694824,0.26639546752,7.62939453125e-06,17.6902,0.0201795,17.67,0.0
388,9,3.39999847412,0.161989199743,0.0,14.3161,0.00522883,14.3109,0.0
537,14,3.40000152588,0.166946263611,7.62939453125e-06,13.067,0.00166628,13.0653,0.0
564,15,3.20000076294,0.151070857886,0.0,12.3389,0.00160955,12.3372,0.0
591,16,2.90000076294,0.135549761355,0.0,12.1366,0.00132362,12.1352,0.0
617,17,3.30000228882,0.158686693572,0.0,12.1899,0.00134546,12.1886,0.0
644,18,3.10000152588,0.152811992913,0.0,12.0994,0.000800459,12.0986,0.0
671,19,2.90000152588,0.142352892458,7.62939453125e-06,11.8668,0.000897133,11.8659,0.0
697,20,2.80000076294,0.160343237594,7.62939453125e-06,12.3078,0.000471431,12.3073,0.0
724,21,2.80000076294,0.156429417804,0.0,11.5795,0.000541361,11.579,0.0
751,22,2.70000228882,0.149312459677,0.0,11.6889,0.000604607,11.6883,0.0
778,23,2.90000305176,0.135691655427,0.0,11.7549,0.00031105,11.7546,0.0
804,24,2.9,0.14814098028,7.62939453125e-06,11.2894,0.000307477,11.2891,0.0
