380,4,3.95999977112,0.185416266769,7.62939453125e-06,18.5089,0.0492933,18.2571,0.202545
767,9,3.02000144958,0.132035359014,7.62939453125e-06,14.2582,0.0155899,14.0399,0.202686
1149,14,2.4600025177,0.102613319643,0.0,13.3595,0.00965886,13.181,0.168849
1524,19,2.33000221252,0.100796526978,0.0,12.4234,0.00705662,12.2731,0.143295
1889,24,2.15000259399,0.0985267416667,7.62939453125e-06,11.8151,0.00655015,11.6514,0.157174
2271,29,2.05000190735,0.0961041456368,7.62939453125e-06,12.0667,0.00589981,11.815,0.245754
2652,34,2.02000228882,0.085229965793,0.0,11.7805,0.00474422,11.6427,0.133048
3033,39,2.00000259399,0.0935447871033,7.62939453125e-06,11.399,0.00478064,11.2842,0.109959
3413,44,1.88000259399,0.0858275611419,0.0,11.172,0.00457399,11.0305,0.136944
3794,49,1.86000297546,0.0819853143301,7.62939453125e-06,11.3071,0.00449129,11.1795,0.123049
4177,54,1.80000274658,0.0840864822315,0.0,11.0771,0.00381975,10.9358,0.137564
4558,59,1.7200025177,0.0781706071552,0.0,10.9445,0.00397536,10.8754,0.0651404
4938,64,1.81000236511,0.0858725395426,0.0,10.9899,0.0035625,10.8873,0.0990003
5306,69,1.77000259399,0.0787466162723,7.62939453125e-06,11.1871,0.00337065,11.0183,0.16539
5686,74,1.76000274658,0.0816523729707,0.0,10.7841,0.00337371,10.6167,0.163949
6068,79,1.60000274658,0.0783110716613,7.62939453125e-06,10.5939,0.00342302,10.452,0.138489
6449,84,1.72000213623,0.0765902650589,7.62939453125e-06,10.4673,0.00331634,10.3372,0.12676
6834,89,1.6600025177,0.0780863528047,7.62939453125e-06,10.7241,0.00326563,10.5124,0.208453
7218,94,1.67000305176,0.080277648638,0.0,10.4457,0.00305961,10.3374,0.105218
7603,99,1.5900025177,0.083605799838,0.0,11.0081,0.0029843,10.875,0.130168
7989,104,1.62000289917,0.0729151777457,0.0,10.2926,0.00289785,10.1526,0.13703
8373,109,1.67000244141,0.0781002171175,0.0,10.3661,0.0028542,10.2687,0.0945331
8757,114,1.56000328064,0.0779908164521,7.62939453125e-06,10.4604,0.00316043,10.3041,0.153206
9142,119,1.71000282288,0.0825641927123,7.62939453125e-06,10.2296,0.00309449,10.0426,0.183899
9526,124,1.60000282288,0.0818929949892,7.62939453125e-06,10.2134,0.00279269,10.0328,0.177743
9911,129,1.58000328064,0.0712579818419,0.0,10.1219,0.00268909,9.95491,0.164349
10295,134,1.55000282288,0.0728769177431,7.62939453125e-06,10.5624,0.00265076,10.3739,0.185846
10680,139,1.52000282288,0.075578950597,0.0,10.4924,0.00276513,10.3481,0.141592
11065,144,1.53000274658,0.0735666378541,0.0,10.1504,0.00250933,9.86893,0.278935
11449,149,1.55000320435,0.0819289091951,7.62939453125e-06,10.0472,0.00254605,9.84693,0.197761
11835,154,1.50000312805,0.0755701256706,7.62939453125e-06,9.96865,0.00245494,9.79092,0.175279
12210,159,1.53000297546,0.0807822521264,0.0,9.93,0.00235426,9.77067,0.156972
12574,164,1.53000305176,0.0738846302358,7.62939453125e-06,10.0273,0.00235012,9.84232,0.182588
12906,169,1.57000282288,0.0784591338155,7.62939453125e-06,10.0871,0.00233429,10.0122,0.0726104
13167,174,1.57000305176,0.076711922111,0.0,10.1178,0.00223932,9.93192,0.183649
13426,179,1.54000350952,0.0767967484309,0.0,10.0316,0.0023272,9.85032,0.178968
13687,184,1.53000297546,0.0789835165627,0.0,9.89889,0.00251133,9.82236,0.0740281
13946,189,1.57000366211,0.075391999064,0.0,9.82721,0.00217064,9.71477,0.110272
14206,194,1.46000358582,0.0736214914802,0.0,9.93997,0.00227671,9.71979,0.217903
14467,199,1.53000350952,0.0739605294936,0.0,9.58076,0.00226903,9.46033,0.118165
14727,204,1.53000289917,0.0739732850087,7.62939453125e-06,9.96423,0.00218149,9.79447,0.167586
14987,209,1.40000320435,0.0748431676067,0.0,10.0096,0.00231712,9.78988,0.217376
15248,214,1.51000320435,0.0752137006656,0.0,9.94955,0.00208918,9.7595,0.187954
15509,219,1.49000305176,0.0774392587179,7.62939453125e-06,9.95848,0.00225672,9.84537,0.110854
15770,224,1.4900025177,0.0743514981377,7.62939453125e-06,9.7726,0.00325169,9.65058,0.118769
16030,229,1.50000267029,0.0765568423062,7.62939453125e-06,9.9278,0.00214036,9.72383,0.201833
16291,234,1.53000312805,0.0773368397588,7.62939453125e-06,9.68919,0.00189977,9.47338,0.213908
16553,239,1.53000335693,0.0781360950693,0.0,9.87197,0.00223923,9.6355,0.234237
16610,240,1.59000244141,0.0758390764426,7.62939453125e-06,9.79114,0.00226389,9.59529,0.193587
16666,241,1.45000297546,0.0771429574513,0.0,10.1246,0.00229548,9.88475,0.237583
16722,242,1.49000312805,0.0715442765248,0.0,9.71792,0.00220134,9.55646,0.159256
16779,243,1.46000312805,0.0760650694929,0.0,9.89831,0.00209417,9.75016,0.146056
16836,244,1.50000244141,0.0784268519096,0.0,9.77723,0.00221033,9.68652,0.0884949
16893,245,1.44000343323,0.0716982407821,7.62939453125e-06,10.0524,0.00206969,9.85204,0.198301
16949,246,1.52000305176,0.0744577372028,0.0,9.60976,0.00220134,9.40468,0.202883
17005,247,1.52000305176,0.0758117194544,7.62939453125e-06,9.45041,0.00205054,9.28381,0.164551
17062,248,1.55000320435,0.074170924006,7.62939453125e-06,9.48826,0.00217133,9.40561,0.0804797
17118,249,1.43000282288,0.0704759770003,0.0,9.81331,0.00206997,9.69221,0.119027
