163.79171752929688,9,56.19,1.88953063011,100.0,9.74598,0.00673932,9.48576,0.253478
330.67228865623474,19,55.63,2.64278064013,100.0,11.4886,0.00402855,11.1742,0.310418
497.1739103794098,29,53.21,2.95789489508,100.0,14.1399,0.00375238,13.7837,0.352437
663.0713186264038,39,51.85,3.01904933453,100.0,8.81086,0.0024697,8.31693,0.491456
829.4856288433075,49,51.28,3.05304783106,100.0,11.9262,0.00174587,11.4969,0.427622
995.3772711753845,59,50.79,3.35966672778,100.0,10.002,0.00250134,9.55463,0.444896
1161.386815071106,69,50.12,2.96476580977,100.0,11.9691,0.0015485,11.4172,0.55035
1327.8317975997925,79,51.24,2.94521684766,100.0,12.4669,0.00173288,11.9215,0.543688
1483.4794585704803,89,49.8,3.19286724925,100.0,10.4213,0.00127614,9.92763,0.492353
1631.2769711017609,99,48.53,2.9737156415,100.0,11.3693,0.00112711,10.9342,0.433983
1778.472183227539,109,48.52,3.15449268341,100.0,8.0467,0.00168218,7.40237,0.64264
1924.907294511795,119,49.1,2.90746839762,100.0,10.6998,0.00112964,10.142,0.556601
2070.856343269348,129,48.79,3.26378668785,100.0,10.042,0.00101805,9.25916,0.781863
2216.5416009426117,139,48.4,3.31004548788,100.0,12.8189,0.00118398,12.2066,0.611165
2362.0231368541718,149,47.76,3.36638216615,100.0,12.144,0.000822461,11.4499,0.693233
2514.1392199993134,159,47.49,3.45546632767,100.0,10.9769,0.000985768,10.4475,0.528455
2662.587610721588,169,48.24,3.38749229193,100.0,9.82306,0.000856109,9.08396,0.738236
2812.1425683498383,179,47.47,3.52738334894,100.0,10.3221,0.000729166,9.58842,0.732966
2962.9069876670837,189,46.76,3.66187566996,100.0,9.70606,0.000827222,9.13826,0.566968
3114.5806958675385,199,47.59,3.53615912318,100.0,11.4511,0.000906634,10.411,1.03922
