179,4,4.86000072479,0.22390077699,0.0,13.8461,0.0360083,13.7043,0.105733
361,9,3.60000102997,0.153224456394,0.0,10.8609,0.0187873,10.7562,0.0859426
544,14,3.04000118256,0.139434544984,0.0,10.4388,0.0185658,10.3409,0.0793511
724,19,2.89000076294,0.132430218309,0.0,10.0453,0.0161634,9.93306,0.096121
906,24,2.91000110626,0.124680526787,0.0,9.52934,0.0163674,9.4605,0.0524798
1086,29,2.62000080109,0.112730791615,0.0,9.55419,0.01534,9.42606,0.112788
1268,34,2.52000133514,0.116576322326,0.0,9.04739,0.0162385,8.91404,0.117108
1450,39,2.34000102997,0.112161763161,0.0,8.87888,0.0142225,8.78671,0.0779509
1633,44,2.56000099182,0.111669895863,0.0,8.96396,0.0141318,8.87714,0.0726849
1815,49,2.39000110626,0.110994363427,0.0,8.28212,0.0158284,8.16917,0.0971199
1999,54,2.39000106812,0.107739867354,0.0,8.74018,0.0128057,8.63894,0.0884359
2182,59,2.46000102997,0.109174420889,0.0,8.64889,0.0121488,8.5641,0.0726381
2366,64,2.26000068665,0.105158841275,0.0,9.05385,0.0126677,8.89867,0.142517
2551,69,2.20000087738,0.101076192111,0.0,8.21571,0.0119825,8.0654,0.138328
2735,74,2.09000068665,0.10174329781,0.0,8.57197,0.0127772,8.44682,0.112375
2918,79,2.29000114441,0.0995752968825,0.0,8.01038,0.0128853,7.88186,0.115635
3103,84,2.03000102997,0.0961994472891,0.0,8.29438,0.0133179,8.16806,0.113002
3285,89,2.19000106812,0.0985857008677,0.0,7.785,0.0117194,7.69086,0.082426
3469,94,2.14000087738,0.0993308151886,0.0,7.85947,0.0107616,7.76914,0.0795599
3652,99,2.08000102997,0.0981481222808,0.0,7.93176,0.0117323,7.78585,0.134183
3836,104,2.07000076294,0.096890881015,0.0,7.68207,0.0132259,7.5035,0.165344
4018,109,1.96000114441,0.0966458167415,0.0,8.06698,0.0119295,7.96842,0.0866258
4203,114,1.92000099182,0.092551144436,0.0,7.98302,0.0111611,7.88947,0.0823889
4385,119,2.12000061035,0.0942116397806,0.0,7.84845,0.0112984,7.73646,0.100701
4570,124,2.09000118256,0.0962173883617,0.0,7.87913,0.0119389,7.74328,0.12391
4753,129,1.9400012207,0.0923627577629,0.0,7.90782,0.011458,7.79167,0.104699
4937,134,2.05000091553,0.0899730243906,0.0,7.43248,0.0107689,7.33098,0.0907282
5120,139,1.99000080109,0.0943948189914,0.0,8.18893,0.0116455,8.00381,0.173478
5305,144,1.90000114441,0.0915913932212,0.0,7.70717,0.0112167,7.57477,0.12118
5486,149,1.98000068665,0.0931520017423,0.0,7.55367,0.0109907,7.42525,0.117433
5668,154,1.90000114441,0.0956913697068,0.0,7.2662,0.0104917,7.17163,0.084074
5848,159,2.00000091553,0.0941625147592,0.0,7.96833,0.0108232,7.80035,0.157159
6030,164,2.07000133514,0.0940280845109,0.0,7.52285,0.0102056,7.41931,0.0933306
6212,169,1.89000087738,0.0924780363124,0.0,7.92211,0.0106495,7.78135,0.130114
6394,174,1.94000114441,0.0919375929143,0.0,7.81262,0.0109518,7.73642,0.0652476
6576,179,1.93000083923,0.0893915219605,0.0,7.4943,0.0105359,7.39202,0.0917452
6757,184,1.89000125885,0.0902931956947,0.0,7.88249,0.0105998,7.75191,0.119981
6938,189,1.79000087738,0.0890233582072,0.0,7.26736,0.01088,7.15419,0.102291
7119,194,1.93000095367,0.0912501299102,0.0,7.54551,0.00982391,7.43575,0.0999343
7299,199,1.93000106812,0.0886634536553,0.0,7.47152,0.0108814,7.30989,0.150741
7480,204,1.97000061035,0.0893002677616,0.0,7.44304,0.0100998,7.36516,0.0677855
7658,209,1.92000087738,0.0910720554739,0.0,7.23133,0.0099997,7.12318,0.0981475
7837,214,1.87000095367,0.0905005814787,0.0,7.6677,0.0101615,7.52335,0.134189
8016,219,1.98000099182,0.0880639250949,0.0,7.56684,0.00947942,7.46392,0.093441
8195,224,1.920001297,0.0906514334306,0.0,7.8866,0.0100733,7.7915,0.085025
8373,229,1.82000152588,0.0897670913022,0.0,7.74799,0.00996181,7.65488,0.0831468
8553,234,1.82000091553,0.0857995000202,0.0,7.34613,0.00963876,7.26216,0.0743349
8731,239,1.8300012207,0.0877147954423,0.0,7.39487,0.0100914,7.3083,0.0764742
8770,240,1.85000091553,0.0863700600155,0.0,7.55681,0.0095493,7.43606,0.111198
8809,241,1.76000061035,0.0864028051775,0.0,7.70765,0.0101386,7.5913,0.106217
8847,242,1.85000110626,0.088076316826,0.0,7.67242,0.0104662,7.53414,0.12782
8885,243,1.82000118256,0.0868208501115,0.0,7.71859,0.00950226,7.60356,0.105523
8924,244,1.81000072479,0.0876807706663,0.0,7.09696,0.0103766,6.99941,0.0871755
8963,245,1.93000125885,0.0893696899852,0.0,7.81703,0.0105796,7.67745,0.128998
9001,246,1.89000091553,0.0906876715552,0.0,7.28095,0.0104873,7.13772,0.132742
9039,247,1.88000095367,0.0873546540271,0.0,7.51877,0.0105586,7.38635,0.12186
9076,248,1.85000091553,0.0869961635582,0.0,7.2208,0.01021,7.08942,0.121171
9114,249,1.85000102997,0.0878537985403,0.0,7.44557,0.00995246,7.25891,0.176715
