193,4,3.04000099182,0.137484747022,2.28881835937e-06,17.9772,0.0317521,17.8449,0.10053
391,9,2.44000144958,0.112706181444,3.0517578125e-06,15.2017,0.01732,15.0364,0.147902
586,14,2.03000183105,0.0982400457188,2.28881835937e-06,13.6275,0.0139149,13.4596,0.154024
781,19,1.89000213623,0.0933354562521,7.62939453125e-07,12.8494,0.0120156,12.7211,0.116301
976,24,1.91000244141,0.0906757341325,3.81469726562e-06,12.2862,0.0119214,12.1678,0.106525
1172,29,1.86000236511,0.0859599157795,2.28881835937e-06,12.1236,0.0103712,11.9914,0.12181
1368,34,1.93000236511,0.0895119385421,6.103515625e-06,12.0491,0.011391,11.9125,0.125172
1563,39,1.73000236511,0.0862803340703,3.81469726562e-06,10.9285,0.0111741,10.7935,0.123879
1759,44,1.63000289917,0.0827452902496,6.103515625e-06,11.7884,0.010213,11.6527,0.12545
1955,49,1.67000244141,0.0819571449421,7.62939453125e-07,11.033,0.00976201,10.8475,0.175686
2151,54,1.49000228882,0.0747765043937,1.52587890625e-06,11.3051,0.0109376,11.1614,0.132782
2346,59,1.82000213623,0.0814555883408,1.52587890625e-06,11.2689,0.00993364,11.1499,0.10904
2542,64,1.57000267029,0.0764243481494,1.52587890625e-06,10.28,0.00891778,10.1347,0.136466
2737,69,1.53000282288,0.0750456835888,1.52587890625e-06,12.1387,0.00961669,11.9459,0.183125
2928,74,1.69000259399,0.0793520485051,1.52587890625e-06,11.3867,0.0111988,11.1864,0.18904
3121,79,1.58000289917,0.0747530219331,2.28881835937e-06,10.7295,0.0110619,10.5745,0.143916
3311,84,1.50000297546,0.0730277314037,3.81469726562e-06,11.0895,0.009588,10.8782,0.201752
3503,89,1.5600025177,0.0727131207846,1.52587890625e-06,12.0725,0.0100503,11.8033,0.25907
3694,94,1.51000297546,0.0741158629116,5.34057617187e-06,10.3964,0.0103318,10.1262,0.259782
3886,99,1.49000328064,0.073038220033,4.57763671875e-06,10.9432,0.00856353,10.6197,0.314895
4081,104,1.36000267029,0.0711484643444,4.57763671875e-06,10.204,0.0111032,9.85636,0.336494
4273,109,1.34000274658,0.0718087756075,5.34057617187e-06,10.8514,0.0111566,10.3961,0.444171
4465,114,1.38000228882,0.0700201507099,2.28881835937e-06,10.8257,0.00968161,10.3942,0.421879
4658,119,1.52000289917,0.0690876654536,3.81469726562e-06,10.9876,0.00846204,10.6898,0.289396
4852,124,1.44000297546,0.0708747062273,2.28881835937e-06,10.6089,0.00916206,10.2527,0.346992
5044,129,1.37000305176,0.069421249954,7.62939453125e-07,10.3321,0.0102914,9.95568,0.366138
5239,134,1.44000328064,0.0698642089218,6.86645507813e-06,11.1298,0.00997296,10.5713,0.548562
5438,139,1.37000267029,0.068018225804,2.28881835937e-06,10.4267,0.00855331,9.89902,0.519076
5634,144,1.39000320435,0.067687705541,4.57763671875e-06,10.5617,0.00991747,10.0646,0.487226
5838,149,1.37000259399,0.0696085343882,5.34057617187e-06,10.2539,0.0102326,9.77492,0.468756
6040,154,1.42000289917,0.0722145583294,5.34057617187e-06,10.5623,0.0114902,9.97115,0.579669
6249,159,1.37000328064,0.068404338723,4.57763671875e-06,10.4217,0.00916987,9.92444,0.48806
6456,164,1.40000267029,0.066709384881,6.86645507813e-06,10.4926,0.0116181,9.90396,0.577033
6685,169,1.34000297546,0.066684491504,3.81469726562e-06,11.0268,0.00979508,10.2259,0.791085
6883,174,1.48000267029,0.0714185249992,2.28881835937e-06,11.035,0.00895181,10.4698,0.556192
7093,179,1.41000335693,0.0682398470119,5.34057617187e-06,11.0467,0.00976596,10.0401,0.996918
7299,184,1.33000274658,0.0652282131836,1.52587890625e-06,11.083,0.0178058,10.3388,0.72637
7492,189,1.27000320435,0.0656795083918,4.57763671875e-06,10.7978,0.0101015,9.73644,1.05122
7698,194,1.17000328064,0.0644745887816,5.34057617187e-06,10.5174,0.00905553,9.79488,0.713476
7915,199,1.26000305176,0.0663980910368,6.103515625e-06,10.1506,0.0105253,9.4311,0.709001
8120,204,1.28000335693,0.0660656423867,4.57763671875e-06,11.1851,0.0102862,10.5144,0.66041
8332,209,1.28000343323,0.0654663615301,3.81469726562e-06,10.5532,0.00919702,9.86713,0.676843
8544,214,1.30000282288,0.0655595338717,1.52587890625e-06,11.0802,0.00994545,9.85252,1.21769
8763,219,1.25000289917,0.0624044064246,6.86645507813e-06,10.8002,0.00917795,9.86549,0.925507
8981,224,1.31000297546,0.0622056785226,6.103515625e-06,11.1822,0.00794594,9.90699,1.26724
9197,229,1.25000289917,0.061682569962,2.28881835937e-06,10.8606,0.00910289,9.73929,1.11226
9420,234,1.28000305176,0.0596011499316,3.0517578125e-06,10.9189,0.00781847,10.1707,0.740423
9644,239,1.27000267029,0.0600749230385,5.34057617187e-06,10.8969,0.0080906,10.1881,0.700724
9691,240,1.25000289917,0.0621426520683,2.28881835937e-06,10.4676,0.00847184,9.74234,0.716752
9736,241,1.29000259399,0.0609005734604,5.34057617187e-06,10.5358,0.00797556,9.55494,0.97284
9783,242,1.24000259399,0.0614641701058,2.28881835937e-06,9.79292,0.00865385,8.94326,0.841004
9828,243,1.25000312805,0.0628237968311,1.52587890625e-06,10.5482,0.00805048,9.55518,0.984942
9872,244,1.20000297546,0.0610806575883,2.28881835937e-06,10.5157,0.00905546,9.32173,1.18492
9920,245,1.22000289917,0.0586149076,7.62939453125e-07,9.84828,0.0078494,9.19321,0.647214
9964,246,1.21000274658,0.0594328697305,2.28881835937e-06,9.92812,0.00889151,8.86137,1.05787
10010,247,1.2900025177,0.0598643667996,2.28881835937e-06,9.93052,0.00755829,9.23998,0.682982
10057,248,1.18000305176,0.0625143705495,5.34057617187e-06,10.7053,0.00801975,9.84009,0.857203
10104,249,1.19000335693,0.0605425215699,1.52587890625e-06,11.4894,0.00747293,10.3942,1.08768
