375,4,3.76,0.181588290185,7.62939453125e-06,17.8676,0.0443096,17.6286,0.194718
756,9,2.80000274658,0.121024699453,7.62939453125e-06,14.9713,0.0150347,14.7408,0.21546
1135,14,2.32000228882,0.105637604399,0.0,12.9694,0.0106309,12.8147,0.144067
1510,19,2.09000236511,0.0966147867031,0.0,11.8491,0.0122852,11.6674,0.169459
1882,24,2.18000267029,0.0997391060926,0.0,11.8037,0.00640748,11.652,0.145329
2261,29,2.03000274658,0.0986118089966,0.0,11.64,0.00494947,11.5208,0.114267
2639,34,1.92000297546,0.0906127087865,7.62939453125e-06,11.3664,0.00493776,11.1896,0.171861
3018,39,1.94000289917,0.0883744070958,7.62939453125e-06,11.7571,0.0048321,11.5286,0.223649
3397,44,1.78000358582,0.085544772651,0.0,11.2975,0.00419627,11.1465,0.146753
3777,49,1.86000297546,0.0841331899259,7.62939453125e-06,11.2621,0.00408177,11.0935,0.164492
4156,54,1.84000274658,0.085082216179,7.62939453125e-06,11.3529,0.00415034,11.1488,0.200005
4536,59,1.71000328064,0.082224449655,0.0,10.8833,0.00375221,10.6599,0.219662
4914,64,1.81000289917,0.0856782622496,0.0,10.8743,0.0042098,10.6983,0.171765
5293,69,1.71000297546,0.0862940152222,7.62939453125e-06,11.0523,0.0032507,10.8904,0.158658
5673,74,1.66000274658,0.0867465718789,0.0,10.4621,0.00347758,10.2704,0.188276
6053,79,1.7800025177,0.0823139582342,0.0,10.9609,0.00336455,10.798,0.159582
6432,84,1.76000274658,0.0822745678388,7.62939453125e-06,10.4721,0.00308106,10.3341,0.134912
6811,89,1.76000289917,0.0847693147557,7.62939453125e-06,11.2156,0.00313127,11.0117,0.200742
7189,94,1.67000305176,0.0791698294366,7.62939453125e-06,10.6261,0.00287463,10.46,0.163262
7568,99,1.70000274658,0.0774584163819,7.62939453125e-06,10.5091,0.00312864,10.3962,0.109744
7946,104,1.59000320435,0.076347923812,7.62939453125e-06,9.92128,0.00277327,9.76526,0.153246
8324,109,1.6400025177,0.0834921493474,0.0,10.6345,0.00274003,10.4924,0.139365
8704,114,1.73000320435,0.0835277171922,0.0,10.5519,0.00283065,10.3715,0.177506
9078,119,1.54000289917,0.0796139646787,0.0,10.1254,0.00279834,10.0004,0.122196
9449,124,1.6400037384,0.0813494567759,7.62939453125e-06,10.5265,0.00269135,10.3741,0.149693
9823,129,1.57000328064,0.0822595231584,0.0,9.9952,0.00255741,9.87046,0.122175
10183,134,1.69000221252,0.0826469162968,7.62939453125e-06,10.5322,0.00256663,10.3759,0.153722
10561,139,1.62000350952,0.0769516913174,0.0,10.3327,0.00358977,10.184,0.145172
10941,144,1.68000267029,0.0804195644893,0.0,10.335,0.00245581,10.1476,0.184909
11321,149,1.66000335693,0.083843416879,7.62939453125e-06,10.1828,0.00255648,10.0825,0.0977063
11701,154,1.71000320435,0.0780352312583,0.0,10.4237,0.00235067,10.232,0.18931
12081,159,1.56000320435,0.0747804477578,7.62939453125e-06,10.1854,0.0024495,9.96391,0.219055
12464,164,1.49000320435,0.0823174561094,0.0,10.1434,0.00246326,9.96096,0.180024
12844,169,1.58000320435,0.0798472970421,0.0,9.44861,0.00222987,9.32942,0.116962
13224,174,1.63000366211,0.0729525877163,7.62939453125e-06,10.2964,0.0023603,10.152,0.142053
13609,179,1.60000305176,0.0739435818768,7.62939453125e-06,10.0793,0.00264411,9.92662,0.150031
13990,184,1.69000358582,0.0815104543767,7.62939453125e-06,9.79997,0.00231567,9.56795,0.229707
14373,189,1.63000297546,0.0793088664324,0.0,9.72079,0.0053539,9.54057,0.174869
14755,194,1.67000267029,0.0812925557047,0.0,9.90833,0.00230895,9.80479,0.101226
15138,199,1.58000335693,0.0771617144067,7.62939453125e-06,10.6076,0.00211913,10.4495,0.155971
15519,204,1.60000289917,0.0785698314034,7.62939453125e-06,9.9405,0.00220396,9.76342,0.174875
15901,209,1.59000320435,0.0808948324784,0.0,9.73559,0.00224871,9.59804,0.135299
16285,214,1.62000411987,0.0792387676868,7.62939453125e-06,9.59396,0.0022432,9.39984,0.191875
16662,219,1.59000259399,0.0784952156898,7.62939453125e-06,9.67621,0.00212073,9.57595,0.0981422
17035,224,1.67000282288,0.082226722748,0.0,10.2139,0.00230975,10.0523,0.159214
17415,229,1.64000366211,0.0871911938675,0.0,10.6716,0.00228746,10.3825,0.286783
17792,234,1.57000396729,0.079009203536,7.62939453125e-06,9.51956,0.00197802,9.33284,0.184741
18172,239,1.67000320435,0.0786120076221,0.0,9.91616,0.00204533,9.75073,0.163382
18252,240,1.51000358582,0.0775066331634,7.62939453125e-06,9.80691,0.00220186,9.60588,0.198825
18334,241,1.53000289917,0.0815229964163,7.62939453125e-06,9.79524,0.00224601,9.65001,0.142982
18414,242,1.62000320435,0.0809092857852,7.62939453125e-06,9.63577,0.0022757,9.44421,0.18928
18496,243,1.60000259399,0.0831083998526,7.62939453125e-06,9.64792,0.00210705,9.36143,0.28438
18578,244,1.59000335693,0.078238113909,0.0,9.87693,0.00197835,9.73964,0.135306
18659,245,1.63000320435,0.0787280818773,7.62939453125e-06,9.74364,0.0021232,9.59622,0.145301
18740,246,1.51000312805,0.0817910872027,7.62939453125e-06,9.67359,0.00214049,9.50045,0.170992
18821,247,1.57000366211,0.0807056310633,7.62939453125e-06,10.3792,0.00221203,10.1244,0.252636
18902,248,1.59000396729,0.088219780745,7.62939453125e-06,9.49932,0.0022818,9.28367,0.213362
18984,249,1.53000366211,0.0799881276465,0.0,9.79371,0.00215016,9.64164,0.149918
