125,4,9.3500006485,0.455496568978,0.0,13.4774,0.0404828,13.3149,0.122087
267,9,8.21000038147,0.392890879102,0.0,10.8952,0.0248413,10.7918,0.0785593
413,14,6.63000053406,0.279912448488,0.0,10.4411,0.0187325,10.3478,0.0745441
558,19,6.77000049591,0.305987299383,0.0,10.0876,0.0175212,9.94927,0.120844
703,24,6.96000087738,0.309561148286,0.0,9.57955,0.017761,9.48986,0.0719308
848,29,6.74000083923,0.326824434195,0.0,9.37267,0.0156531,9.29578,0.061234
994,34,6.94000061035,0.3544325234,0.0,9.171,0.0157913,9.02125,0.133953
1140,39,6.23000045776,0.280145637132,0.0,8.7574,0.0126519,8.65068,0.0940674
1285,44,6.75000061035,0.336058029793,0.0,8.47939,0.0149465,8.34408,0.120361
1431,49,6.57000095367,0.313062815499,0.0,8.79112,0.0128256,8.65331,0.12499
1577,54,6.32000083923,0.30718383586,0.0,8.60103,0.0130105,8.48731,0.100711
1723,59,6.45000095367,0.314806944467,0.0,8.35858,0.014505,8.21512,0.12896
1869,64,6.55000068665,0.319576824587,0.0,8.34401,0.0135032,8.23721,0.0932983
2014,69,6.27000072479,0.312595453635,0.0,8.27819,0.0124917,8.18542,0.0802839
2160,74,6.16000034332,0.271677386239,0.0,7.86159,0.0138874,7.7287,0.119009
2305,79,6.49000080109,0.318604081264,0.0,8.16509,0.0133016,8.04771,0.104077
2451,84,5.86000015259,0.263056800403,0.0,7.99738,0.0139983,7.8419,0.141477
2595,89,6.25000053406,0.281979024317,0.0,7.91464,0.0115936,7.83383,0.0692187
2739,94,6.50000019073,0.29015901288,0.0,7.89637,0.0120341,7.80163,0.0827027
2882,99,6.21000072479,0.290778998118,0.0,7.64914,0.0129998,7.52624,0.109891
3023,104,5.49000080109,0.229172022389,0.0,7.83754,0.0126606,7.69258,0.132303
3165,109,6.38000102997,0.275358942728,0.0,7.81297,0.0118603,7.64986,0.151253
3306,114,6.4700006485,0.297567377873,0.0,7.8151,0.0117157,7.69974,0.103651
3447,119,6.19000038147,0.284888391523,0.0,7.2187,0.0132057,7.13062,0.0748772
3588,124,6.50000041962,0.28688485695,0.0,7.78321,0.0126194,7.6636,0.106982
3729,129,6.1600005722,0.275468396209,0.0,7.60626,0.0118279,7.47503,0.119403
3870,134,6.76000053406,0.327381756231,0.0,7.70271,0.0119193,7.54932,0.141465
4011,139,5.6800006485,0.249880315056,0.0,7.42892,0.01192,7.32447,0.0925345
4153,144,6.14000076294,0.275243633091,0.0,7.47463,0.0119353,7.37086,0.0918305
4293,149,6.27000095367,0.302754356433,0.0,7.36889,0.0120017,7.28763,0.0692585
4435,154,6.38000045776,0.28973499218,0.0,7.58363,0.0121318,7.45302,0.118474
4576,159,6.2700006485,0.30295399975,0.0,7.42132,0.0116868,7.28861,0.12102
4717,164,5.46000041962,0.229674887639,0.0,8.06824,0.0117484,7.97284,0.0836558
4857,169,6.35000068665,0.299792523496,0.0,7.92551,0.0109582,7.78182,0.132738
4998,174,6.26000038147,0.279342265176,0.0,7.93143,0.011158,7.81649,0.103777
5139,179,6.12000076294,0.283678782973,0.0,7.9172,0.0115651,7.71359,0.192045
5280,184,5.94000110626,0.278289369121,0.0,7.46825,0.0108685,7.37061,0.0867742
5421,189,5.91000076294,0.255261355788,0.0,7.37056,0.0115197,7.23251,0.126524
5562,194,6.24000053406,0.299187082574,0.0,7.79195,0.0104563,7.68498,0.0965136
5703,199,6.26000053406,0.309268129813,0.0,7.45057,0.0110833,7.32901,0.110482
5844,204,6.22000080109,0.271763321245,0.0,7.16241,0.0106181,7.07526,0.0765314
5985,209,6.10000076294,0.273918436775,0.0,7.7365,0.0104934,7.61965,0.106362
6126,214,5.41000045776,0.23266090164,0.0,7.2231,0.0112368,7.11563,0.0962318
6267,219,5.50000034332,0.238927885424,0.0,7.82029,0.0104746,7.69264,0.117179
6408,224,5.69000087738,0.253191306796,0.0,7.38026,0.0116265,7.2771,0.0915413
6548,229,5.91000049591,0.27034120921,0.0,7.51469,0.0106846,7.39081,0.113203
6689,234,5.67000026703,0.263093031012,0.0,7.64139,0.0110831,7.52625,0.104062
6830,239,5.7100005722,0.266313741747,0.0,7.64148,0.0105475,7.49214,0.138798
6860,240,5.65000061035,0.248903792184,0.0,7.72706,0.0105874,7.57924,0.137235
6890,241,5.72000106812,0.262190319523,0.0,6.99152,0.0102359,6.85235,0.128938
6920,242,5.69000076294,0.258057937063,0.0,7.57629,0.0111826,7.44458,0.120528
6951,243,6.1500006485,0.300071692038,0.0,7.16731,0.0119935,7.00401,0.151307
6981,244,6.00000061035,0.27291195319,0.0,7.45239,0.010567,7.32385,0.117978
7011,245,5.99000072479,0.28845241542,0.0,7.23234,0.0111884,7.1326,0.0885515
7041,246,5.9900006485,0.268093020711,0.0,7.29059,0.01018,7.14669,0.13372
7071,247,6.17000034332,0.284052200597,0.0,7.40536,0.0102526,7.2473,0.147799
7101,248,5.76000045776,0.264204318682,0.0,7.41329,0.0107433,7.26404,0.138511
7132,249,6.04000087738,0.276706775539,0.0,7.45714,0.0111425,7.37445,0.0715515
