73,4,3.14000114441,0.255539664626,4.57763671875e-06,33.206,0.156593,32.3613,0.688027
149,9,2.43000228882,0.178821450621,3.0517578125e-06,27.1214,0.0793625,26.1247,0.917373
223,14,2.32000167847,0.16064769201,5.34057617187e-06,25.9432,0.0692826,25.0349,0.839012
298,19,2.12000198364,0.149886997417,5.34057617187e-06,22.274,0.0625114,21.3565,0.854993
372,24,1.96000282288,0.146473866701,3.81469726562e-06,21.766,0.0642304,20.8623,0.839541
447,29,1.93000274658,0.136737831756,3.0517578125e-06,21.7911,0.0528604,21.0021,0.736135
521,34,1.9400025177,0.136874868572,4.57763671875e-06,21.5037,0.0525255,20.68,0.771142
596,39,1.81000328064,0.134812386334,5.34057617187e-06,21.1676,0.0510478,20.3132,0.803324
670,44,1.71000228882,0.135824442208,7.62939453125e-07,21.0137,0.0532357,20.1645,0.796015
746,49,1.85000297546,0.131670369655,3.81469726562e-06,20.976,0.0527807,20.1447,0.77851
822,54,1.83000305176,0.129528545141,6.86645507813e-06,19.8851,0.0465564,19.1348,0.703746
896,59,1.75000312805,0.125086549446,6.103515625e-06,20.644,0.05219,19.7856,0.806227
970,64,1.70000213623,0.123021906689,3.0517578125e-06,19.9375,0.0479313,19.1475,0.742057
1045,69,1.69000282288,0.122319280133,3.81469726562e-06,19.6007,0.0436484,18.8431,0.713997
1119,74,1.42000297546,0.121905141175,3.81469726562e-06,20.3782,0.0452501,19.6661,0.666828
1193,79,1.62000320435,0.11947630845,4.57763671875e-06,19.0372,0.0481589,18.3402,0.648762
1267,84,1.63000328064,0.118273652643,4.57763671875e-06,19.2739,0.0436045,18.5255,0.704771
1341,89,1.62000274658,0.119168357551,3.81469726562e-06,19.322,0.0461554,18.5861,0.689809
1415,94,1.53000297546,0.116684454307,3.81469726562e-06,19.4279,0.045894,18.7228,0.659194
1488,99,1.58000259399,0.11709725637,2.28881835937e-06,19.0992,0.0419452,18.4172,0.639994
1562,104,1.67000175476,0.118085543662,2.28881835937e-06,18.5261,0.0440559,17.7875,0.694526
1636,109,1.60000335693,0.112594582736,2.28881835937e-06,18.1441,0.0393749,17.3304,0.774316
1709,114,1.47000259399,0.114941212162,2.28881835937e-06,18.4725,0.0401792,17.7531,0.679126
1784,119,1.56000358582,0.112119637653,3.81469726562e-06,18.5588,0.041901,17.8341,0.682843
1858,124,1.47000358582,0.118059735298,1.52587890625e-06,19.3272,0.0450539,18.5047,0.777448
1931,129,1.63000305176,0.114185365885,2.28881835937e-06,18.4559,0.0435821,17.6247,0.787569
2005,134,1.56000320435,0.113417337909,4.57763671875e-06,18.0762,0.0405227,17.3415,0.69418
2079,139,1.47000282288,0.113335814588,3.81469726562e-06,18.524,0.0413864,17.7695,0.713083
2152,144,1.45000312805,0.114896920025,5.34057617187e-06,19.4195,0.0416879,18.5733,0.804442
2226,149,1.47000328064,0.11372175172,4.57763671875e-06,18.8172,0.043011,18.083,0.691172
2300,154,1.47000305176,0.112370396927,2.28881835937e-06,18.1658,0.0406628,17.3661,0.759067
2374,159,1.43000305176,0.113299104646,2.28881835937e-06,18.071,0.0421901,17.3768,0.651986
2448,164,1.43000259399,0.110294500031,4.57763671875e-06,19.1778,0.0394638,18.3038,0.834572
2521,169,1.47000267029,0.11084171094,2.28881835937e-06,17.8837,0.0425066,17.146,0.695231
2595,174,1.41000305176,0.11248556532,4.57763671875e-06,18.7821,0.0404892,18.0677,0.673903
2669,179,1.46000289917,0.114014528319,3.0517578125e-06,18.1575,0.0403825,17.3909,0.726164
2743,184,1.37000328064,0.112943836674,4.57763671875e-06,18.6127,0.0416083,17.7768,0.794297
2816,189,1.42000289917,0.114637003131,3.81469726562e-06,18.0277,0.0427061,17.2491,0.735915
2890,194,1.48000305176,0.108216834664,4.57763671875e-06,17.9801,0.0382384,17.247,0.694827
2964,199,1.4100037384,0.108976172358,2.28881835937e-06,18.4248,0.0373526,17.6702,0.717289
3037,204,1.44000259399,0.112646922022,3.0517578125e-06,17.5072,0.0431915,16.7228,0.741264
3111,209,1.44000259399,0.110698894411,4.57763671875e-06,18.2535,0.0398078,17.5139,0.699825
3184,214,1.35000244141,0.11034851104,3.81469726562e-06,18.121,0.0410881,17.3458,0.734102
3258,219,1.44000335693,0.110116171427,7.62939453125e-07,17.9948,0.0396058,17.265,0.690144
3332,224,1.37000297546,0.109138322696,5.34057617187e-06,18.6453,0.0401444,17.8056,0.799536
3406,229,1.46000328064,0.1139989952,5.34057617187e-06,17.9796,0.0399187,17.246,0.693688
3479,234,1.3600037384,0.11437503852,5.34057617187e-06,18.9206,0.044064,18.1942,0.682277
3554,239,1.48000259399,0.11170236811,3.0517578125e-06,17.9484,0.0392876,17.1436,0.765583
3570,240,1.51000312805,0.109902242422,3.0517578125e-06,18.2676,0.0409879,17.5174,0.709237
3586,241,1.38000312805,0.110653722286,5.34057617187e-06,17.7909,0.0380259,17.056,0.696812
3603,242,1.34000335693,0.110470135957,3.0517578125e-06,18.2162,0.0408973,17.4808,0.694581
3619,243,1.43000305176,0.108692587838,2.28881835937e-06,18.168,0.039832,17.3628,0.765378
3635,244,1.44000358582,0.111353457719,4.57763671875e-06,18.5771,0.0396249,17.8182,0.719256
3652,245,1.39000289917,0.106729093231,4.57763671875e-06,17.2607,0.0400388,16.5735,0.647129
3668,246,1.3800025177,0.110527857319,4.57763671875e-06,18.3686,0.0382812,17.5257,0.804686
3684,247,1.37000289917,0.109641435817,2.28881835937e-06,18.3875,0.0426363,17.5698,0.775109
3700,248,1.41000305176,0.111790053993,5.34057617187e-06,17.9363,0.0410573,17.2719,0.623386
3717,249,1.3800025177,0.109029440917,3.81469726562e-06,17.6633,0.0408607,16.84,0.782492
