44,4,7.45999931335,0.326954327077,0.0,17.4034,0.0230538,17.3804,0.0
90,9,5.56999862671,0.218030114882,7.62939453125e-06,13.8748,0.00540515,13.8694,0.0
137,14,3.56000053406,0.14464624308,7.62939453125e-06,13.2106,0.001426,13.2091,0.0
183,19,3.49000068665,0.137997389399,7.62939453125e-06,12.0575,0.000699322,12.0568,0.0
229,24,2.890001297,0.125347434692,0.0,11.5244,0.000265639,11.5241,0.0
275,29,2.8900012207,0.120933872256,7.62939453125e-06,11.7004,0.000258175,11.7001,0.0
322,34,2.53000167847,0.112135811353,7.62939453125e-06,11.1425,8.97221e-05,11.1424,0.0
367,39,2.28000190735,0.111433630716,0.0,11.4827,0.000105797,11.4826,0.0
413,44,2.27000221252,0.110237248722,0.0,10.6773,6.25537e-05,10.6772,0.0
459,49,2.11000213623,0.107455201977,0.0,11.0347,2.87754e-05,11.0347,0.0
505,54,2.35000213623,0.123609434539,7.62939453125e-06,10.792,2.11714e-05,10.792,0.0
549,59,2.18000221252,0.111158015744,7.62939453125e-06,10.7012,1.89537e-05,10.7012,0.0
595,64,2.01000297546,0.115560973086,7.62939453125e-06,10.261,8.4434e-06,10.261,0.0
640,69,1.96000244141,0.106606380132,0.0,10.1305,2.02535e-05,10.1305,0.0
685,74,1.90000267029,0.0974060934162,7.62939453125e-06,10.1351,1.03013e-05,10.1351,0.0
730,79,2.08000228882,0.120422794634,7.62939453125e-06,10.3762,5.83272e-06,10.3762,0.0
776,84,1.99000297546,0.103487915584,0.0,10.2247,4.15314e-06,10.2247,0.0
822,89,1.63000267029,0.0936682526977,0.0,10.0412,5.49517e-06,10.0412,0.0
867,94,1.88000320435,0.104546720141,7.62939453125e-06,9.74552,2.32695e-06,9.74551,0.0
912,99,1.76000259399,0.09921891601,7.62939453125e-06,9.98299,2.24827e-06,9.98299,0.0
956,104,1.97000221252,0.107520424735,7.62939453125e-06,10.1307,4.28786e-06,10.1307,0.0
1001,109,1.76000282288,0.111073438523,0.0,10.2727,7.93156e-06,10.2727,0.0
1045,114,1.8200025177,0.103472021087,0.0,10.8178,1.2803e-06,10.8178,0.0
1091,119,1.53000267029,0.086993665075,7.62939453125e-06,9.93061,4.7491e-06,9.93061,0.0
1135,124,1.71000328064,0.0958653353236,0.0,9.36921,2.05634e-06,9.36921,0.0
1179,129,1.80000297546,0.0934098552456,7.62939453125e-06,9.76885,4.16701e-06,9.76885,0.0
1223,134,1.67000221252,0.104224425816,0.0,9.60044,1.25169e-06,9.60044,0.0
1266,139,1.67000305176,0.101030641178,7.62939453125e-06,9.55159,7.83203e-07,9.55159,0.0
1310,144,1.60000282288,0.101774245708,7.62939453125e-06,9.58653,1.30295e-06,9.58653,0.0
1352,149,1.70000259399,0.101869443695,0.0,9.61977,5.32865e-07,9.61977,0.0
1396,154,1.64000366211,0.0889661476819,0.0,9.57625,1.18613e-06,9.57625,0.0
1439,159,1.54000328064,0.0930084079309,7.62939453125e-06,9.71558,1.26598e-06,9.71558,0.0
1482,164,1.7000025177,0.0939704295929,0.0,10.1737,9.94194e-07,10.1737,0.0
1526,169,1.59000244141,0.0912680129634,0.0,9.33068,1.16944e-06,9.33068,0.0
1568,174,1.66000274658,0.0958761360624,0.0,9.31603,9.11949e-07,9.31603,0.0
1611,179,1.78000282288,0.111769625995,0.0,9.32173,1.55328e-06,9.32173,0.0
1655,184,1.53000259399,0.0981453275704,7.62939453125e-06,9.36646,1.65819e-06,9.36646,0.0
1698,189,1.46000328064,0.0904494711416,0.0,9.42558,9.40556e-07,9.42558,0.0
1742,194,1.64000244141,0.102538846887,7.62939453125e-06,9.40574,9.26249e-07,9.40574,0.0
1785,199,1.42000320435,0.0916994550815,0.0,8.96136,4.01437e-06,8.96136,0.0
1828,204,1.48000228882,0.0958679006553,0.0,9.32591,8.2373e-07,9.3259,0.0
1871,209,1.73000267029,0.108709547228,7.62939453125e-06,9.2952,4.51802e-07,9.2952,0.0
1913,214,1.47000274658,0.0969124147554,0.0,9.21903,3.11136e-07,9.21903,0.0
1957,219,1.54000328064,0.0919452573429,7.62939453125e-06,9.79714,4.82796e-07,9.79714,0.0
2000,224,1.46000320435,0.0881382426656,0.0,9.24191,8.71412e-07,9.24191,0.0
2043,229,1.55000259399,0.0934048427496,0.0,9.18535,4.11271e-07,9.18535,0.0
2086,234,1.45000282288,0.0938810703659,7.62939453125e-06,9.24747,5.55514e-07,9.24746,0.0
2129,239,1.58000259399,0.0914414843479,0.0,9.39137,3.79085e-07,9.39137,0.0
2139,240,1.60000305176,0.104920575724,0.0,9.12297,1.42692e-06,9.12297,0.0
2149,241,1.58000259399,0.0949538226542,0.0,9.07302,9.48896e-07,9.07302,0.0
2158,242,1.64000267029,0.109440928101,7.62939453125e-06,9.05517,1.03114e-06,9.05517,0.0
2168,243,1.53000289917,0.101817394327,7.62939453125e-06,8.95522,6.47304e-07,8.95522,0.0
2178,244,1.52000289917,0.0986373874123,0.0,9.64635,3.74317e-07,9.64635,0.0
2187,245,1.51000305176,0.0969014665161,7.62939453125e-06,9.24879,1.28147e-06,9.24879,0.0
2197,246,1.53000198364,0.0959101239346,7.62939453125e-06,9.14184,1.378e-06,9.14184,0.0
2207,247,1.56000236511,0.0955159000127,0.0,8.89481,3.75508e-07,8.89481,0.0
2216,248,1.61000221252,0.10093707595,0.0,8.91023,4.4465e-07,8.91023,0.0
2225,249,1.49000289917,0.0941359259871,7.62939453125e-06,9.13312,5.53129e-07,9.13312,0.0
