171,4,5.06999824524,0.220386046022,0.0,6.20326,0.00152189,6.20174,0.0
347,9,3.48999954224,0.166483380771,7.62939453125e-06,5.1927,0.000389181,5.19231,0.0
521,14,3.16999977112,0.164105844183,0.0,5.44577,5.8083e-05,5.44571,0.0
695,19,3.03000061035,0.188394669197,0.0,5.22875,1.49004e-05,5.22874,0.0
870,24,2.70000061035,0.157584480402,7.62939453125e-06,4.60675,8.03779e-06,4.60674,0.0
1044,29,2.74,0.165241631675,0.0,5.07143,4.80525e-06,5.07142,0.0
1219,34,2.48000045776,0.172528352146,7.62939453125e-06,4.77695,5.34371e-06,4.77695,0.0
1391,39,2.57000053406,0.164172688888,7.62939453125e-06,4.77449,2.3035e-05,4.77447,0.0
1562,44,2.30000091553,0.160848344408,0.0,4.56609,1.1289e-06,4.56609,0.0
1733,49,2.23000137329,0.156919379893,7.62939453125e-06,4.56821,6.86644e-07,4.56821,0.0
1903,54,2.19000099182,0.156291271412,0.0,4.36892,5.67434e-07,4.36892,0.0
2072,59,2.25000068665,0.167424683707,0.0,4.24909,1.07286e-06,4.24909,0.0
2242,64,2.26000015259,0.158141076344,0.0,4.23707,8.24916e-07,4.23707,0.0
2412,69,2.07000083923,0.158332646414,7.62939453125e-06,4.31992,3.1352e-07,4.31991,0.0
2582,74,2.30000091553,0.167121787178,0.0,4.26666,5.65045e-07,4.26666,0.0
2751,79,2.240001297,0.162900226782,0.0,4.52629,6.54454e-07,4.52629,0.0
2922,84,2.19000068665,0.157769816728,7.62939453125e-06,4.24728,4.26765e-07,4.24728,0.0
3091,89,2.39000091553,0.182104721639,0.0,4.52916,2.13384e-07,4.52916,0.0
3261,94,2.19000091553,0.165312156556,0.0,3.99617,1.44243e-07,3.99617,0.0
3431,99,2.11000091553,0.153653755699,0.0,4.47431,3.4332e-07,4.47431,0.0
3600,104,2.34000106812,0.169382957434,0.0,4.35001,9.29832e-08,4.35001,0.0
3770,109,2.20000045776,0.163281961401,0.0,4.279,9.58358e-06,4.27899,0.0
3939,114,2.15000076294,0.17783144535,0.0,4.45094,2.41995e-07,4.45094,0.0
4109,119,2.05000114441,0.172561946064,0.0,4.22806,1.78814e-08,4.22806,0.0
4279,124,2.11000114441,0.164139038609,0.0,4.4654,1.18017e-07,4.4654,0.0
4449,129,2.0600012207,0.168065819498,0.0,3.94379,5.60283e-08,3.94379,0.0
4619,134,2.29000106812,0.17441611778,0.0,4.74603,1.40667e-07,4.74603,0.0
4789,139,2.1900012207,0.166156130045,0.0,4.16577,8.46384e-08,4.16577,0.0
4959,144,2.12000030518,0.176037424331,0.0,4.07221,9.53673e-08,4.07221,0.0
5129,149,2.10000106812,0.174937207283,0.0,4.30912,4.05311e-08,4.30912,0.0
5300,154,2.11000091553,0.171213138577,0.0,4.22803,5.36441e-08,4.22803,0.0
5470,159,2.17000053406,0.170841949246,0.0,4.3687,1.3113e-08,4.3687,0.0
5640,164,2.13000061035,0.19365217006,0.0,4.18597,1.0252e-07,4.18597,0.0
5811,169,2.10000114441,0.178978154329,7.62939453125e-06,4.45808,5.2452e-08,4.45808,0.0
5981,174,2.17000083923,0.177361906686,0.0,4.15765,2.03846e-07,4.15765,0.0
6151,179,2.05000083923,0.172908685814,7.62939453125e-06,4.53369,6.19888e-08,4.53369,0.0
6321,184,2.09000083923,0.174233395833,0.0,4.39709,4.64916e-08,4.39709,0.0
6491,189,2.21000167847,0.179902399779,0.0,4.1486,1.90735e-08,4.1486,0.0
6661,194,2.12000152588,0.157803190117,7.62939453125e-06,4.21182,3.57628e-09,4.21182,0.0
6831,199,2.030001297,0.163767585607,0.0,3.9133,5.29276e-07,3.9133,0.0
7001,204,2.01000061035,0.172749326963,0.0,4.1772,7.15256e-09,4.1772,0.0
7171,209,2.00000099182,0.166244321521,0.0,4.0003,9.53674e-09,4.0003,0.0
7338,214,1.91000068665,0.173360267143,0.0,3.9022,4.41074e-08,3.9022,0.0
7496,219,1.88000068665,0.160697341986,0.0,4.36737,2.38419e-09,4.36737,0.0
7653,224,1.970001297,0.160195650174,7.62939453125e-06,3.72096,2.38419e-09,3.72096,0.0
7810,229,1.99000114441,0.167807533431,0.0,4.42409,2.86102e-08,4.42409,0.0
7967,234,1.79000137329,0.161049095144,0.0,3.94223,8.34465e-09,3.94223,0.0
8124,239,1.89000068665,0.163703187465,0.0,4.07957,2.50339e-08,4.07957,0.0
8160,240,1.8700012207,0.158599379494,0.0,4.02609,4.76837e-09,4.02609,0.0
8201,241,1.83000083923,0.163030864473,0.0,3.84373,1.19209e-08,3.84373,0.0
8235,242,1.76000083923,0.173472203982,0.0,4.10405,3.09944e-08,4.10405,0.0
8269,243,1.820001297,0.152203788085,0.0,3.89062,1.07288e-08,3.89062,0.0
8303,244,1.83000106812,0.159063524864,0.0,3.90396,0.0,3.90396,0.0
8336,245,1.820001297,0.171622735548,0.0,3.62432,1.78814e-08,3.62432,0.0
8370,246,1.80000076294,0.160039446194,0.0,3.72505,1.3113e-08,3.72505,0.0
8404,247,1.81000144958,0.150332647862,0.0,4.1416,9.53674e-09,4.1416,0.0
8438,248,1.79000137329,0.15460930749,0.0,3.89817,8.34465e-09,3.89817,0.0
8472,249,1.80000099182,0.165634734353,0.0,3.96992,3.57628e-09,3.96992,0.0
