20,4,3.61000038147,0.192637814656,4.57763671875e-06,0.226069,0.0428633,0.0,0.183205
42,9,3.16,0.155804757178,5.34057617187e-06,0.184109,0.0169991,0.0,0.167109
64,14,3.21000038147,0.146233235616,3.0517578125e-06,0.150224,0.00624932,0.0,0.143975
86,19,3.39000007629,0.155951355882,3.81469726562e-06,0.143915,0.00392804,0.0,0.139987
108,24,3.62999969482,0.130712448526,2.28881835937e-06,0.10815,0.0042472,0.0,0.103903
130,29,2.78000038147,0.127583090756,3.0517578125e-06,0.105813,0.00128162,0.0,0.104532
152,34,2.57000099182,0.12070019342,5.34057617187e-06,0.0679631,0.00135477,0.0,0.0666083
174,39,3.11000030518,0.120400041044,3.81469726562e-06,0.0901015,0.00179046,0.0,0.088311
196,44,2.24000144958,0.100066842567,6.103515625e-06,0.0646141,0.0013337,0.0,0.0632804
218,49,2.36000114441,0.108230581917,1.52587890625e-06,0.0599965,0.000564103,0.0,0.0594324
240,54,2.53000114441,0.114025001582,3.81469726562e-06,0.0645405,0.000835858,0.0,0.0637046
262,59,2.40000160217,0.10988059504,6.103515625e-06,0.0552829,0.000504574,0.0,0.0547783
284,64,2.45000091553,0.101504151132,3.0517578125e-06,0.139905,0.000462405,0.0,0.139443
306,69,2.28000061035,0.0992319469713,3.81469726562e-06,0.120411,0.000431469,0.0,0.11998
328,74,2.14000144958,0.0920322838938,5.34057617187e-06,0.0564849,0.000347301,0.0,0.0561376
350,79,2.32000160217,0.0992487947363,2.28881835937e-06,0.0490052,0.000190223,0.0,0.048815
373,84,2.0200012207,0.0909653664147,6.103515625e-06,0.095512,0.000472576,0.0,0.0950394
394,89,2.03000167847,0.0892179265525,4.57763671875e-06,0.0317376,0.00104062,0.0,0.0306969
416,94,2.40000137329,0.111652759202,6.103515625e-06,0.0806676,0.00014299,0.0,0.0805246
439,99,2.33000091553,0.0998527386691,4.57763671875e-06,0.0427693,0.000150759,0.0,0.0426186
461,104,2.30000160217,0.106750303833,3.0517578125e-06,0.0306402,0.000312949,0.0,0.0303272
482,109,2.06000137329,0.088218035507,1.52587890625e-06,0.0421097,0.000127885,0.0,0.0419818
505,114,2.100001297,0.0958518215735,5.34057617187e-06,0.0352134,0.000129177,0.0,0.0350842
527,119,2.17000114441,0.103600774845,2.28881835937e-06,0.0437839,0.000123019,0.0,0.0436609
549,124,2.100001297,0.0951023247559,7.62939453125e-07,0.0222915,0.000178013,0.0,0.0221135
571,129,2.09000106812,0.0919190033991,4.57763671875e-06,0.0589475,0.000184827,0.0,0.0587626
593,134,2.22000106812,0.0955759450234,5.34057617187e-06,0.0473097,9.65786e-05,0.0,0.0472131
615,139,2.14000144958,0.0944440032169,1.52587890625e-06,0.0217811,0.000195609,0.0,0.0215855
637,144,2.290001297,0.0990304968809,2.28881835937e-06,0.0212727,0.000405265,0.0,0.0208674
659,149,2.150001297,0.0995809658524,6.103515625e-06,0.0475679,3.38438e-05,0.0,0.0475341
681,154,2.03000144958,0.0948013929743,3.81469726562e-06,0.0331727,7.18778e-05,0.0,0.0331008
703,159,2.13000205994,0.0966137766698,5.34057617187e-06,0.0251475,0.000192329,0.0,0.0249551
725,164,2.09000221252,0.0988160985941,4.57763671875e-06,0.0416449,0.00323725,0.0,0.0384076
747,169,2.06000091553,0.0918745916523,4.57763671875e-06,0.0329845,7.45602e-05,0.0,0.03291
769,174,2.10000175476,0.0907141031604,3.0517578125e-06,0.0290892,9.65549e-05,0.0,0.0289926
791,179,2.05000198364,0.0924253665889,1.52587890625e-06,0.0260961,6.43303e-05,0.0,0.0260318
813,184,2.03000190735,0.0932293889392,7.62939453125e-07,0.0264024,0.0001067,0.0,0.0262957
835,189,2.20000099182,0.0997115060792,3.0517578125e-06,0.0222627,4.38172e-05,0.0,0.0222189
857,194,2.17000167847,0.0960424412182,3.81469726562e-06,0.0230319,8.73619e-05,0.0,0.0229445
879,199,2.10000083923,0.0948061228544,1.52587890625e-06,0.0413555,0.00026895,0.0,0.0410866
901,204,2.090001297,0.0932153617288,5.34057617187e-06,0.0371832,5.38643e-05,0.0,0.0371293
923,209,2.02000160217,0.0911387713673,6.86645507813e-06,0.0275092,6.56639e-05,0.0,0.0274435
945,214,2.250001297,0.0931594587443,2.28881835937e-06,0.0275777,4.25332e-05,0.0,0.0275352
967,219,1.98000091553,0.0900942771696,5.34057617187e-06,0.0523847,3.12335e-05,0.0,0.0523535
989,224,2.15000076294,0.0985453968518,2.28881835937e-06,0.00800492,2.1945e-05,0.0,0.00798298
1011,229,2.140001297,0.100228084871,2.28881835937e-06,0.0184031,0.000153496,0.0,0.0182496
1033,234,2.23000144958,0.10072863549,2.28881835937e-06,0.0135908,5.9602e-05,0.0,0.0135312
1055,239,2.15000183105,0.0949178434536,2.28881835937e-06,0.0170602,3.23028e-05,0.0,0.0170279
1060,240,2.11000099182,0.0923003955127,3.0517578125e-06,0.0142018,5.07577e-05,0.0,0.0141511
1065,241,2.13000160217,0.0954283307958,4.57763671875e-06,0.0328055,2.08964e-05,0.0,0.0327846
1070,242,2.14000083923,0.0987700503494,5.34057617187e-06,0.0402425,3.03636e-05,0.0,0.0402121
1075,243,2.1500012207,0.0973486269917,0.0,0.0151575,4.4077e-05,0.0,0.0151134
1080,244,2.15000175476,0.101889599275,6.103515625e-06,0.0235041,2.9552e-05,0.0,0.0234745
1085,245,2.20000152588,0.10282364039,6.103515625e-06,0.0117065,4.41787e-05,0.0,0.0116623
1090,246,2.1200025177,0.0960142792482,3.0517578125e-06,0.0167736,2.16493e-05,0.0,0.016752
1095,247,2.13000099182,0.0960941839474,7.62939453125e-07,0.0152097,1.04712e-05,0.0,0.0151992
1100,248,2.13000061035,0.0959308544011,6.103515625e-06,0.0182283,2.45962e-05,0.0,0.0182037
1105,249,2.12000144958,0.0976533665613,7.62939453125e-07,0.0157582,1.2686e-05,0.0,0.0157455
