401,4,4.13000114441,0.212250092737,0.0,9.56082,0.0673759,9.18466,0.308785
811,9,3.05000099182,0.139986942047,0.0,7.52927,0.0266748,7.16513,0.337457
1218,14,2.66000083923,0.116105944542,0.0,7.09586,0.018409,6.72842,0.349033
1619,19,2.55000110626,0.109145408352,0.0,7.12181,0.0142157,6.67079,0.436807
2004,24,2.24000114441,0.103836630383,0.0,7.06593,0.0125505,6.64833,0.40505
2389,29,2.16000095367,0.101936029317,0.0,6.78419,0.0110469,6.27941,0.493737
2756,34,1.96000095367,0.0931053015217,0.0,6.56857,0.00916913,6.13167,0.427736
3104,39,1.96000045776,0.0873865196342,0.0,6.87054,0.00758127,6.44036,0.4226
3425,44,2.03000087738,0.0919740301557,0.0,6.28861,0.00812648,5.96058,0.319904
3741,49,1.81000087738,0.0834905572608,0.0,6.30276,0.00760948,5.92715,0.368003
4056,54,1.89000053406,0.0896451383317,0.0,6.48488,0.007291,6.07694,0.400651
4373,59,1.8900005722,0.0893369469186,0.0,6.07476,0.0064148,5.71671,0.351631
4688,64,1.75000099182,0.0834520704439,0.0,6.2118,0.00651014,5.7288,0.476488
4999,69,1.83000080109,0.0848313319497,0.0,6.19554,0.00635866,5.82524,0.363942
5310,74,1.61000095367,0.0814251209004,0.0,6.31618,0.00607613,6.01045,0.299656
5618,79,1.83000091553,0.0876460662927,0.0,6.23579,0.00530862,5.81226,0.418225
5910,84,1.77000083923,0.0797578969109,0.0,5.96863,0.00556608,5.6352,0.327859
6200,89,1.76000080109,0.0872742232075,0.0,6.15445,0.00519783,5.62718,0.522078
6489,94,1.7500012207,0.0834630312864,0.0,6.01445,0.00609516,5.55992,0.44844
6779,99,1.71000110626,0.0812231806666,0.0,6.03625,0.00526641,5.60687,0.424115
7069,104,1.75000076294,0.0836306134216,0.0,6.21474,0.00494338,5.83973,0.370071
7359,109,1.65000102997,0.0804966013064,0.0,6.06558,0.00491622,5.68056,0.380112
7649,114,1.62000102997,0.0805083529698,0.0,6.00469,0.004983,5.5137,0.486007
7939,119,1.68000095367,0.0813449527696,0.0,6.01177,0.00460424,5.57536,0.431803
8229,124,1.69000106812,0.0763573232573,0.0,6.04286,0.00472712,5.55815,0.479985
8518,129,1.65000068665,0.0812189799233,0.0,5.78096,0.00432759,5.46922,0.307414
8808,134,1.58000106812,0.0765427646111,0.0,6.30537,0.00464822,5.78428,0.516448
9098,139,1.69000080109,0.0796814443544,0.0,5.98076,0.00474529,5.53467,0.441346
9388,144,1.57000114441,0.0823269553925,0.0,6.00566,0.00473376,5.39394,0.606984
9678,149,1.59000091553,0.0801748488029,0.0,5.79184,0.0044106,5.36329,0.424134
9968,154,1.58000102997,0.0786280643172,0.0,5.62882,0.00436866,5.22978,0.394672
10258,159,1.56000133514,0.0794009248458,0.0,6.74136,0.00404472,6.27331,0.464013
10547,164,1.57000110626,0.0766662111389,0.0,6.07927,0.0042177,5.55469,0.520357
10837,169,1.54000102997,0.0799129349063,0.0,5.72016,0.00404437,5.35268,0.363443
11126,174,1.66000106812,0.0816570916562,0.0,5.71779,0.00409997,5.32009,0.3936
11415,179,1.59000114441,0.0810580579168,0.0,5.71457,0.00410194,5.42965,0.280822
11705,184,1.56000102997,0.0782167893252,0.0,5.61671,0.00393774,5.19612,0.416659
11993,189,1.60000083923,0.0717584743816,0.0,6.50489,0.00369791,5.98589,0.515302
12281,194,1.58000095367,0.0802074801479,0.0,5.77451,0.00362667,5.19564,0.575243
12570,199,1.56000125885,0.0789663420455,0.0,5.81524,0.00394698,5.41884,0.392452
12861,204,1.61000099182,0.0749408760876,0.0,5.95908,0.00370551,5.44783,0.507542
13149,209,1.60000083923,0.0751639650634,0.0,6.2435,0.00361883,5.92793,0.311954
13438,214,1.54000102997,0.0747807575855,0.0,6.00947,0.0036898,5.62132,0.384457
13727,219,1.53000137329,0.0797363568249,0.0,6.09764,0.00371791,5.64068,0.453242
14016,224,1.48000110626,0.0763804139732,0.0,5.55025,0.00378425,5.18854,0.35793
14305,229,1.46000118256,0.0765695697209,0.0,5.98299,0.0037947,5.42317,0.556025
14593,234,1.55000102997,0.0783909909811,0.0,5.58431,0.00351658,5.22456,0.356235
14882,239,1.50000106812,0.073102639548,0.0,5.73271,0.00375136,5.29205,0.436906
14943,240,1.4800012207,0.0720044957672,0.0,6.1421,0.00368123,5.68123,0.457187
15004,241,1.65000095367,0.0805922662979,0.0,5.66802,0.00369893,5.18521,0.479107
15066,242,1.51000080109,0.0748588606296,0.0,5.89313,0.00377208,5.43464,0.454721
15127,243,1.50000087738,0.0755756670202,0.0,5.98651,0.00365403,5.49788,0.484976
15189,244,1.52000110626,0.0729587477446,0.0,5.96256,0.00349385,5.54988,0.409187
15250,245,1.51000141144,0.0710709965357,0.0,5.50366,0.00368926,5.25407,0.245897
15311,246,1.52000083923,0.0754969300434,0.0,5.84964,0.00369263,5.39749,0.448464
15372,247,1.57000095367,0.0784093995113,0.0,5.88651,0.0034143,5.29156,0.59153
15433,248,1.50000114441,0.0758312581084,0.0,5.83709,0.00396259,5.30703,0.526098
15495,249,1.60000061035,0.079874374168,0.0,5.92314,0.00371178,5.4039,0.515527
