21,4,29.7700010872,1.64671028972,0.0,0.0553945,0.0131744,0.0,0.0422201
43,9,22.4600019836,0.774582079202,0.0,0.3211,0.00519208,0.0,0.315907
65,14,16.5900010681,0.830053364635,0.0,0.141822,0.00329514,0.0,0.138527
87,19,13.3500016403,0.525153490603,0.0,0.234267,0.00187366,0.0,0.232393
109,24,12.930001297,0.609261708111,0.0,0.185265,0.00136766,0.0,0.183897
132,29,12.5400007248,0.631636248678,0.0,0.145219,0.00101585,0.0,0.144203
154,34,14.7900009918,0.600277762562,0.0,0.162583,0.00104706,0.0,0.161536
176,39,12.4900011826,0.587541942894,0.0,0.102549,0.000639916,0.0,0.101909
198,44,11.8300014496,0.574220915735,0.0,0.114143,0.000487196,0.0,0.113656
220,49,11.8300011826,0.466522027403,0.0,0.132659,0.000467079,0.0,0.132191
242,54,14.2600016403,0.629187016636,0.0,0.10532,0.000406137,0.0,0.104914
264,59,11.57000103,0.496290311962,0.0,0.0748275,0.000281776,0.0,0.0745457
287,64,12.0200014114,0.560637544543,0.0,0.0926523,0.000238641,0.0,0.0924137
309,69,12.2000009918,0.411018737927,0.0,0.0860583,0.000356464,0.0,0.0857019
331,74,11.4900008774,0.450757506937,0.0,0.0941121,0.000240111,0.0,0.093872
353,79,11.2700012207,0.456869416535,0.0,0.0915315,0.000215645,0.0,0.0913159
375,84,14.1500013351,0.528873083591,0.0,0.0773932,0.000211214,0.0,0.0771819
398,89,11.6400009918,0.503295731097,0.0,0.0679648,0.000219717,0.0,0.0677451
420,94,11.3200014496,0.405342955366,0.0,0.110117,0.000295992,0.0,0.109821
442,99,11.3300008392,0.420107129067,0.0,0.086739,0.000162762,0.0,0.0865763
464,104,13.0600015259,0.441532864496,0.0,0.0578797,0.000157469,0.0,0.0577223
486,109,11.6800009155,0.343231145144,0.0,0.0830856,0.000197239,0.0,0.0828884
508,114,11.3300012207,0.337685324959,0.0,0.0977633,0.000131321,0.0,0.0976319
530,119,11.1300013733,0.324252277911,0.0,0.0890303,0.000179548,0.0,0.0888507
553,124,11.9100009155,0.458327529132,0.0,0.0737643,0.000124399,0.0,0.0736399
575,129,13.4000013733,0.465615048185,0.0,0.067917,0.000111207,0.0,0.0678058
597,134,11.5300013351,0.309962205142,0.0,0.117435,0.000154414,0.0,0.11728
619,139,11.0000009155,0.314357876554,0.0,0.0989965,0.000146168,0.0,0.0988503
641,144,11.2500011063,0.318322932087,0.0,0.0698282,0.000139806,0.0,0.0696884
663,149,13.5700011063,0.373682820052,0.0,0.107083,0.000105032,0.0,0.106978
685,154,11.29000103,0.402110754848,0.0,0.0764056,9.85578e-05,0.0,0.076307
708,159,11.4400013733,0.425457709283,0.0,0.0937357,0.000110939,0.0,0.0936247
730,164,10.7600007248,0.333236584738,0.0,0.0927433,0.000134123,0.0,0.0926092
752,169,10.9800007248,0.299008705691,0.0,0.0553937,8.76217e-05,0.0,0.0553061
774,174,11.6900008774,0.405896360427,0.0,0.0598872,8.45987e-05,0.0,0.0598026
796,179,10.3300012207,0.345169278532,0.0,0.0961826,9.17302e-05,0.0,0.0960909
818,184,14.1600018311,0.45164942354,0.0,0.0430141,8.99797e-05,0.0,0.0429241
840,189,11.590001297,0.431724678725,0.0,0.0679775,7.40139e-05,0.0,0.0679035
863,194,10.2300007248,0.437494427934,0.0,0.0394008,7.95379e-05,0.0,0.0393212
885,199,12.1900011063,0.41525100477,0.0,0.046864,6.15628e-05,0.0,0.0468024
907,204,8.75000087738,0.311709991135,0.0,0.12124,6.52175e-05,0.0,0.121175
929,209,10.25000103,0.425143981352,0.0,0.0640653,0.000117695,0.0,0.0639476
951,214,11.4600011444,0.329584578052,0.0,0.0715697,7.18215e-05,0.0,0.0714979
973,219,11.5400011826,0.373219647929,0.0,0.0523741,5.8493e-05,0.0,0.0523156
995,224,14.4700014496,0.409404521361,0.0,0.0582496,7.53045e-05,0.0,0.0581743
1017,229,15.5500014877,0.471656305343,0.0,0.0463278,7.9862e-05,0.0,0.0462479
1039,234,14.8100013733,0.430979011282,0.0,0.0343921,4.88333e-05,0.0,0.0343433
1061,239,14.620001297,0.452859426737,0.0,0.0300743,5.32001e-05,0.0,0.0300211
1066,240,13.5100017166,0.409909456074,0.0,0.031139,6.70269e-05,0.0,0.031072
1071,241,14.1300014877,0.41984517552,0.0,0.0348336,4.47301e-05,0.0,0.0347888
1076,242,14.1600009918,0.414001977071,0.0,0.0735904,5.27108e-05,0.0,0.0735376
1081,243,14.8600010681,0.442406051978,0.0,0.0388952,5.33413e-05,0.0,0.0388419
1087,244,15.0100014496,0.444764699787,0.0,0.046903,4.736e-05,0.0,0.0468556
1092,245,14.8800013733,0.447092003897,0.0,0.0455805,4.76892e-05,0.0,0.0455328
1097,246,14.860001297,0.442650178969,0.0,0.0474227,5.21276e-05,0.0,0.0473706
1102,247,15.150001297,0.455518490598,0.0,0.0364511,4.8967e-05,0.0,0.0364021
1108,248,15.02000103,0.468413594514,0.0,0.0317562,5.12791e-05,0.0,0.031705
1113,249,14.990001564,0.470322916135,0.0,0.0332998,5.76398e-05,0.0,0.0332422
