354,4,2.71000099182,0.128672962412,3.81469726562e-06,31.9187,0.00396951,31.9147,0.0
720,9,2.32000221252,0.10390646317,5.34057617187e-06,27.7738,0.000528642,27.7733,0.0
1082,14,2.08000198364,0.0951631434262,4.57763671875e-06,25.0786,0.000211906,25.0784,0.0
1441,19,1.76000274658,0.0821098761971,5.34057617187e-06,24.7494,7.19638e-05,24.7493,0.0
1797,24,1.70000259399,0.086238035463,5.34057617187e-06,24.269,6.15656e-05,24.2689,0.0
2152,29,1.50000244141,0.0787747415551,3.81469726562e-06,24.0604,5.0577e-05,24.0603,0.0
2506,34,1.41000297546,0.0785855643632,6.103515625e-06,24.8448,2.90568e-05,24.8448,0.0
2860,39,1.5400025177,0.0939046643006,3.0517578125e-06,22.0648,1.06653e-05,22.0648,0.0
3214,44,1.4400025177,0.0816781538876,5.34057617187e-06,24.2976,1.35929e-05,24.2976,0.0
3568,49,1.40000274658,0.0744963967876,3.81469726562e-06,22.4822,7.86764e-06,22.4822,0.0
3922,54,1.38000274658,0.0749837478576,4.57763671875e-06,23.4571,5.89007e-06,23.4571,0.0
4282,59,1.4200025177,0.0811306072229,4.57763671875e-06,23.0483,9.98284e-06,23.0483,0.0
4643,64,1.41000267029,0.0857743760684,4.57763671875e-06,20.9133,5.20573e-06,20.9133,0.0
4999,69,1.3800025177,0.0784055805689,5.34057617187e-06,24.9908,1.4001e-05,24.9908,0.0
5354,74,1.24000259399,0.0705211362118,5.34057617187e-06,23.7007,1.15923e-05,23.7007,0.0
5709,79,1.35000335693,0.0728391141432,5.34057617187e-06,22.1803,7.64567e-06,22.1803,0.0
6064,84,1.22000221252,0.0671884575237,3.81469726562e-06,22.739,2.93848e-06,22.739,0.0
6419,89,1.28000274658,0.0824101994783,3.0517578125e-06,24.871,7.59067e-06,24.871,0.0
6787,94,1.40000267029,0.0795038395842,2.28881835937e-06,21.8647,5.19482e-06,21.8647,0.0
7155,99,1.38000312805,0.0841289345188,4.57763671875e-06,23.0067,3.4439e-06,23.0067,0.0
7510,104,1.32000305176,0.0797960723151,3.81469726562e-06,21.0728,1.76546e-05,21.0727,0.0
7866,109,1.24000267029,0.0829374794992,2.28881835937e-06,22.0066,3.77293e-06,22.0066,0.0
8221,114,1.19000350952,0.0679142476345,3.81469726562e-06,21.4208,4.04573e-06,21.4208,0.0
8575,119,1.21000312805,0.0740630632234,6.103515625e-06,22.5864,6.74051e-05,22.5863,0.0
8928,124,1.24000312805,0.0676760913769,3.0517578125e-06,22.1542,2.43661e-06,22.1542,0.0
9281,129,1.14000358582,0.07331115029,4.57763671875e-06,21.7776,1.65581e-06,21.7776,0.0
9635,134,1.12000297546,0.0660703558997,3.0517578125e-06,21.9648,2.89437e-06,21.9648,0.0
9990,139,1.13000282288,0.0678170603726,4.57763671875e-06,21.0973,3.57859e-06,21.0973,0.0
10340,144,1.2500038147,0.0762091288142,3.81469726562e-06,21.8518,6.36521e-06,21.8518,0.0
10691,149,1.23000343323,0.072868490672,4.57763671875e-06,21.0095,3.00641e-06,21.0095,0.0
11043,154,1.11000312805,0.074357195029,4.57763671875e-06,20.8947,7.02097e-06,20.8946,0.0
11398,159,1.19000305176,0.0730144955403,6.103515625e-06,21.549,2.58799e-06,21.549,0.0
11751,164,1.03000320435,0.0654315133554,4.57763671875e-06,21.1923,2.15408e-06,21.1923,0.0
12107,169,1.21000236511,0.070146835983,3.0517578125e-06,22.119,9.27307e-06,22.119,0.0
12461,174,1.12000312805,0.0742831504554,4.57763671875e-06,22.5495,4.85829e-06,22.5495,0.0
12817,179,1.15000297546,0.0782317807339,6.86645507813e-06,22.0336,1.8072e-06,22.0336,0.0
13183,184,1.16000320435,0.0648908854071,2.28881835937e-06,22.1639,4.07778e-06,22.1639,0.0
13563,189,1.00000343323,0.0619990857368,4.57763671875e-06,20.5585,2.32692e-06,20.5585,0.0
13939,194,1.00000366211,0.0640408497944,6.103515625e-06,21.2551,1.82627e-06,21.2551,0.0
14297,199,1.06000350952,0.0650639423022,4.57763671875e-06,20.5169,2.07063e-06,20.5169,0.0
14666,204,1.05000289917,0.068034797063,3.81469726562e-06,22.4266,2.44256e-06,22.4266,0.0
15037,209,1.14000343323,0.0642665320324,5.34057617187e-06,21.1187,3.13027e-06,21.1187,0.0
15415,214,1.01000305176,0.0715196226147,4.57763671875e-06,21.0121,3.9922e-05,21.0121,0.0
15799,219,1.14000267029,0.0636280997259,4.57763671875e-06,21.0513,1.68441e-06,21.0513,0.0
16173,224,1.07000343323,0.0688450403836,2.28881835937e-06,21.0956,8.78569e-07,21.0956,0.0
16554,229,1.06000267029,0.0649352890604,4.57763671875e-06,20.8711,2.27679e-06,20.8711,0.0
16941,234,0.980002822876,0.0551307403456,5.34057617187e-06,22.136,4.89948e-07,22.136,0.0
17323,239,0.930003128052,0.0590140589852,4.57763671875e-06,21.6988,6.6876e-07,21.6988,0.0
17402,240,1.00000274658,0.0650911079111,2.28881835937e-06,20.4699,8.83333e-07,20.4699,0.0
17477,241,0.980003738403,0.0610291716044,2.28881835937e-06,20.4599,3.2529e-06,20.4599,0.0
17552,242,0.9500025177,0.0613399714937,6.103515625e-06,19.5644,2.00027e-06,19.5644,0.0
17627,243,0.940003204346,0.0587155536076,3.81469726562e-06,20.3795,5.14982e-07,20.3795,0.0
17702,244,0.950003051758,0.0573394507772,3.0517578125e-06,20.2183,3.78113e-06,20.2183,0.0
17776,245,0.950002975464,0.0529204162494,3.0517578125e-06,19.6792,6.02005e-07,19.6792,0.0
17851,246,0.960002822876,0.0588729998168,5.34057617187e-06,19.1898,6.55649e-07,19.1898,0.0
17926,247,0.990002670288,0.0619210378706,5.34057617187e-06,20.0744,9.33397e-07,20.0744,0.0
18002,248,0.980003204346,0.0650533829287,3.81469726562e-06,21.0603,6.2823e-07,21.0603,0.0
18077,249,0.970002822876,0.059639637301,5.34057617187e-06,21.7128,7.54587e-07,21.7128,0.0
