53,4,5.50999923706,0.256010130048,0.0,38.7815,0.0196779,38.7618,2.56885,0.970488
109,9,3.43000099182,0.159708928987,0.0,29.6834,0.00529999,29.6781,3.15761,0.945442
155,14,2.64000183105,0.115768240076,0.0,27.092,0.00289189,27.0891,3.66569,0.946816
199,19,2.68000190735,0.114427646305,7.62939453125e-06,25.547,0.000864092,25.5462,4.48435,0.952549
244,24,2.35000213623,0.101969173481,7.62939453125e-06,24.9174,0.000499388,24.9169,4.34917,nan
288,29,2.22000236511,0.102907007434,0.0,26.0413,0.000214819,26.0411,4.57776,0.966318
334,34,2.18000259399,0.0983745425032,0.0,25.2524,8.02347e-05,25.2524,4.87943,0.941342
379,39,2.04000244141,0.103437158706,7.62939453125e-06,25.0264,7.40747e-05,25.0263,5.26196,nan
425,44,1.76000320435,0.0968142986298,7.62939453125e-06,24.186,5.69455e-05,24.1859,5.23468,nan
470,49,1.85000267029,0.101192067647,7.62939453125e-06,24.1091,2.14496e-05,24.1091,5.54089,nan
515,54,1.64000320435,0.0885324561433,0.0,23.7822,2.01974e-05,23.7822,5.37981,nan
560,59,1.59000297546,0.0945933572692,7.62939453125e-06,24.4283,2.06145e-05,24.4283,5.59559,nan
605,64,1.77000358582,0.0938116409536,7.62939453125e-06,24.0792,1.2092e-05,24.0791,4.92953,nan
652,69,1.70000343323,0.0951141552685,0.0,24.6982,2.5928e-05,24.6982,6.21429,nan
701,74,1.78000282288,0.103659849956,0.0,23.3167,1.50392e-05,23.3167,6.39469,nan
748,79,1.61000328064,0.0936965982825,0.0,23.2985,6.80672e-06,23.2985,6.15286,nan
796,84,1.55000312805,0.0924727627006,0.0,22.8671,2.28412e-05,22.8671,6.76622,nan
843,89,1.47000274658,0.0889325444843,7.62939453125e-06,22.8943,3.5202e-06,22.8943,6.14212,nan
891,94,1.59000343323,0.0901705368224,7.62939453125e-06,22.3113,1.22585e-05,22.3113,5.85749,nan
938,99,1.5600038147,0.0925495136704,7.62939453125e-06,23.5277,3.79912e-06,23.5277,6.00451,nan
986,104,1.37000335693,0.0956068909044,0.0,21.8414,4.08158e-06,21.8414,6.41326,nan
1032,109,1.43000335693,0.0869000166317,0.0,22.7315,2.2435e-06,22.7315,6.346,nan
1079,114,1.39000328064,0.0933294493856,0.0,22.3135,1.83939e-06,22.3135,6.58045,nan
1127,119,1.40000328064,0.0949903854998,7.62939453125e-06,22.653,2.98974e-06,22.653,7.0093,nan
1175,124,1.52000328064,0.102599499336,0.0,22.0783,1.48057e-06,22.0783,7.11668,nan
1223,129,1.33000328064,0.0849469325127,7.62939453125e-06,22.1831,2.04085e-06,22.1831,6.52325,nan
1270,134,1.4700038147,0.102488812083,7.62939453125e-06,23.7013,1.70108e-06,23.7013,6.37713,nan
1318,139,1.41000343323,0.0963882952914,0.0,22.9249,2.27567e-06,22.9249,6.25143,nan
1366,144,1.46000335693,0.0989675576321,0.0,22.1448,9.77513e-07,22.1448,6.19628,nan
1413,149,1.50000305176,0.108658496351,7.62939453125e-06,21.6995,1.22308e-06,21.6995,6.24366,nan
1461,154,1.45000343323,0.107688878444,7.62939453125e-06,21.5673,1.0383e-06,21.5673,7.0223,nan
1508,159,1.41000389099,0.0887094285369,0.0,21.5168,1.63433e-06,21.5168,6.30186,nan
1556,164,1.27000343323,0.0908656394909,7.62939453125e-06,21.9838,6.60418e-07,21.9838,6.98232,nan
1603,169,1.27000343323,0.0930865023172,7.62939453125e-06,22.6524,2.56519e-06,22.6524,6.77673,nan
1650,174,1.43000343323,0.100744915548,0.0,21.9926,2.84176e-06,21.9926,7.12645,nan
1698,179,1.31000289917,0.09659438451,0.0,22.0934,9.00018e-07,22.0934,6.87547,nan
1746,184,1.34000350952,0.101608597287,7.62939453125e-06,21.7262,3.31149e-06,21.7262,7.29357,nan
1794,189,1.37000343323,0.101113922482,0.0,21.2114,4.20808e-07,21.2114,7.52658,nan
1841,194,1.30000411987,0.099081535617,0.0,21.4759,3.89814e-07,21.4759,6.60198,nan
1887,199,1.38000343323,0.0860656526636,0.0,21.3689,1.12293e-06,21.3689,7.00511,nan
1933,204,1.33000366211,0.0908720030759,0.0,21.8021,5.40016e-07,21.8021,6.80337,nan
1979,209,1.34000305176,0.0841694313559,7.62939453125e-06,21.552,5.68623e-07,21.552,7.52794,nan
2025,214,1.22000343323,0.0894959384903,7.62939453125e-06,21.7124,7.33127e-07,21.7124,7.06225,nan
2071,219,1.20000267029,0.0854152366836,7.62939453125e-06,21.8494,1.81198e-07,21.8494,7.1986,nan
2116,224,1.14000320435,0.0888348436439,7.62939453125e-06,20.9849,3.29017e-07,20.9849,7.08635,nan
2163,229,1.25000419617,0.090616443566,7.62939453125e-06,21.2889,5.10214e-07,21.2889,6.97445,nan
2207,234,1.29000335693,0.0899191658112,0.0,21.0772,1.89543e-07,21.0772,7.2992,nan
2253,239,1.26000335693,0.0907269383414,7.62939453125e-06,21.5643,5.65043e-07,21.5643,6.01955,nan
2264,240,1.21000335693,0.0868505134387,7.62939453125e-06,20.9632,1.60809e-06,20.9632,7.32225,nan
2274,241,1.14000350952,0.090372133847,0.0,20.9521,1.32322e-07,20.9521,7.10217,nan
2285,242,1.21000328064,0.0887646484041,7.62939453125e-06,20.1313,2.47955e-07,20.1313,6.26967,nan
2295,243,1.18000297546,0.0885090032908,0.0,21.2677,2.58684e-07,21.2677,7.28249,nan
2306,244,1.21000305176,0.0877872554558,0.0,20.6038,1.96695e-07,20.6038,6.90609,nan
2316,245,1.19000343323,0.0851854788664,0.0,21.6551,2.95638e-07,21.6551,6.68799,nan
2327,246,1.1700025177,0.0844802800351,0.0,20.3112,2.13384e-07,20.3112,6.90624,nan
2338,247,1.22000289917,0.0829071528562,7.62939453125e-06,20.1695,2.38418e-07,20.1695,6.67259,nan
2349,248,1.21000396729,0.0862017189143,7.62939453125e-06,20.7295,1.26358e-06,20.7295,6.45943,nan
2359,249,1.19000396729,0.079761379226,0.0,20.9115,2.21729e-07,20.9115,6.79183,nan
