143,4,5.00000080109,0.204061776288,0.0,13.3525,0.0280262,13.2045,0.119963
289,9,3.54000061035,0.154594306834,0.0,11.0083,0.0209897,10.8789,0.108349
434,14,3.08000099182,0.139848659299,0.0,9.72149,0.0169531,9.63229,0.0722439
579,19,2.82000091553,0.127001542402,0.0,9.86898,0.0161121,9.77454,0.0783314
724,24,2.77000091553,0.126127592409,0.0,9.33335,0.0167924,9.18605,0.130504
870,29,2.68000083923,0.120795603944,0.0,9.76757,0.0161016,9.6477,0.10377
1015,34,2.6100005722,0.11418405056,0.0,9.06073,0.0149098,8.97432,0.0715068
1160,39,2.44000102997,0.113189892173,0.0,9.13386,0.0143236,9.03158,0.0879545
1306,44,2.48000125885,0.107955533536,0.0,8.8109,0.0134186,8.68632,0.111166
1451,49,2.46000068665,0.114007032989,0.0,8.50922,0.0137758,8.43571,0.0597388
1596,54,2.32000137329,0.107256512204,0.0,8.49396,0.0135743,8.39365,0.086736
1742,59,2.31000114441,0.103961209217,0.0,8.28183,0.0122871,8.15066,0.118875
1887,64,2.33000080109,0.104033547323,0.0,8.58217,0.0130941,8.38625,0.182828
2030,69,2.36000034332,0.104008800508,0.0,8.16854,0.0116107,8.07317,0.0837579
2173,74,2.33000053406,0.106651022136,0.0,8.1306,0.0132261,8.03903,0.0783509
2315,79,2.32000068665,0.102978214808,0.0,7.98024,0.012372,7.92121,0.0466611
2457,84,2.30000118256,0.103914675526,0.0,7.92461,0.0108338,7.82404,0.0897377
2598,89,2.32000106812,0.100392842963,0.0,7.94332,0.0105391,7.85478,0.0780012
2739,94,2.36000083923,0.102885316228,0.0,8.35319,0.0112283,8.24997,0.091987
2879,99,2.26000106812,0.0998415424861,0.0,7.90895,0.0111124,7.81213,0.0857027
3020,104,2.14000080109,0.0968854115531,0.0,7.62236,0.0116285,7.52023,0.090504
3161,109,2.26000099182,0.102340051131,0.0,7.46161,0.011356,7.39937,0.0508843
3308,114,2.2600006485,0.0993290615827,0.0,7.84016,0.0116917,7.74498,0.083482
3461,119,2.13000087738,0.0947786174156,0.0,7.93559,0.0109154,7.81283,0.111844
3614,124,2.14000083923,0.0959727403522,0.0,7.54836,0.0110792,7.47715,0.0601288
3756,129,2.18000110626,0.0967903288733,0.0,7.68923,0.0117185,7.60636,0.0711553
3898,134,2.06000148773,0.0928867123555,0.0,7.77317,0.0106473,7.67397,0.0885508
4040,139,2.16000083923,0.0930505046947,0.0,7.96339,0.00933147,7.88287,0.0711842
4182,144,2.01000110626,0.092418407388,0.0,8.08536,0.0105345,7.93736,0.137464
4324,149,2.09000068665,0.0921095454786,0.0,8.06599,0.0100972,7.91855,0.137351
4467,154,2.17000099182,0.094055128051,0.0,7.9672,0.0116646,7.8839,0.0716341
4609,159,2.1500006485,0.090830966495,0.0,7.70636,0.0107483,7.60397,0.0916479
4752,164,2.10000083923,0.0905612996779,0.0,7.6375,0.0116886,7.53354,0.0922689
4894,169,2.18000114441,0.0928465564828,0.0,7.57811,0.00983134,7.49032,0.0779577
5036,174,2.24000083923,0.0939482839033,0.0,7.3024,0.00991449,7.18974,0.102747
5178,179,2.09000110626,0.0921861575404,0.0,7.82007,0.0105507,7.70284,0.106682
5320,184,2.12000110626,0.0922285537235,0.0,7.42425,0.0104264,7.33292,0.0809049
5462,189,2.07000106812,0.0934426814038,0.0,7.47056,0.00990429,7.36705,0.0936072
5605,194,2.09000110626,0.0905122621544,0.0,7.60934,0.00928847,7.47112,0.128935
5747,199,2.17000125885,0.0918972781207,0.0,7.54746,0.00992141,7.42926,0.108272
5889,204,2.05000095367,0.088166218251,0.0,7.64941,0.0100059,7.51253,0.126873
6063,209,2.09000102997,0.0933998503163,0.0,7.44041,0.00955964,7.33097,0.0998802
6244,214,2.16000091553,0.0943263053801,0.0,7.89736,0.00961047,7.80253,0.0852197
6424,219,2.20000091553,0.0931635466032,0.0,7.44826,0.00998308,7.31836,0.119917
6603,224,2.0500005722,0.0911134808324,0.0,7.34963,0.00899992,7.23985,0.10078
6784,229,2.12000106812,0.0880216772063,0.0,7.50623,0.00960696,7.3851,0.111527
6963,234,2.08000080109,0.0916511988221,0.0,7.90378,0.00957008,7.82398,0.0702243
7143,239,2.12000091553,0.0884541344643,0.0,7.49945,0.00868784,7.37773,0.113035
7180,240,2.0800005722,0.0898904301878,0.0,7.3225,0.0102913,7.23734,0.0748714
7219,241,2.11000118256,0.0911245938018,0.0,7.65771,0.0103387,7.56644,0.0809336
7258,242,2.09000087738,0.0874401823431,0.0,7.58476,0.00944916,7.51141,0.0639045
7296,243,2.13000118256,0.091789601515,0.0,7.22937,0.0105464,7.13676,0.0820652
7334,244,2.18000106812,0.0916127176955,0.0,7.28327,0.00986977,7.17685,0.0965483
7372,245,2.12000080109,0.0936078431504,0.0,7.60278,0.00931939,7.49703,0.0964242
7411,246,2.09000110626,0.0916440042946,0.0,7.15357,0.00893769,7.05916,0.0854739
7448,247,2.05000110626,0.090928424662,0.0,7.45435,0.00958891,7.3832,0.0615634
7486,248,1.99000102997,0.0900473591499,0.0,7.44799,0.0096605,7.33899,0.0993382
7524,249,2.01000125885,0.0867357864324,0.0,7.46916,0.0096629,7.38399,0.075511
