154,4,10.60000103,0.462114041448,0.0,9.72771,0.0221347,9.70558,0.0
318,9,5.89000068665,0.24865703743,0.0,7.43076,0.00553472,7.42522,0.0
480,14,4.42000061035,0.183563268837,0.0,6.98516,0.00175748,6.98341,0.0
641,19,3.71000053406,0.146028184635,0.0,6.41782,0.00117707,6.41664,0.0
803,24,3.94000053406,0.158412358265,0.0,6.06606,0.000398471,6.06566,0.0
964,29,2.91000080109,0.12102395815,0.0,6.23327,0.000246209,6.23303,0.0
1126,34,3.42000099182,0.151043437822,0.0,5.7697,0.000105698,5.76959,0.0
1287,39,3.16000091553,0.160514219396,0.0,5.92887,5.37696e-05,5.92882,0.0
1448,44,2.97000091553,0.15854007829,0.0,5.68802,6.94588e-05,5.68795,0.0
1608,49,3.02000091553,0.15671684666,0.0,5.59613,3.78004e-05,5.59609,0.0
1767,54,2.68000099182,0.141003036281,0.0,5.48442,1.37875e-05,5.48441,0.0
1926,59,2.93000114441,0.151460957495,0.0,5.56474,2.02594e-05,5.56472,0.0
2084,64,2.85000102997,0.178131254329,0.0,5.32719,1.11029e-05,5.32718,0.0
2242,69,2.79000114441,0.167754936614,0.0,5.34438,1.36175e-05,5.34437,0.0
2400,74,2.74000061035,0.164288321256,0.0,5.19485,1.58825e-05,5.19483,0.0
2558,79,2.93000110626,0.181556153244,0.0,5.39137,1.29886e-05,5.39135,0.0
2715,84,2.81000095367,0.172282826583,0.0,5.27422,5.59321e-06,5.27421,0.0
2873,89,2.75000045776,0.169666180362,0.0,5.28476,7.06181e-06,5.28476,0.0
3031,94,2.93000125885,0.197244193363,0.0,5.50338,4.55853e-06,5.50337,0.0
3187,99,2.79000102997,0.168060794532,0.0,5.2651,2.12619e-05,5.26507,0.0
3344,104,2.70000099182,0.171957383007,0.0,5.15608,3.12083e-06,5.15608,0.0
3502,109,2.82000053406,0.209856117682,0.0,5.24787,1.21459e-05,5.24786,0.0
3660,114,2.78000114441,0.186912540122,0.0,5.14631,1.19239e-05,5.1463,0.0
3818,119,2.72000091553,0.191871119106,0.0,5.19784,3.69068e-06,5.19784,0.0
3976,124,2.74000091553,0.190163379012,0.0,5.14348,1.88824e-06,5.14348,0.0
4133,129,2.75000099182,0.196985157078,0.0,5.02561,5.96011e-06,5.02561,0.0
4291,134,2.71000087738,0.195155586939,0.0,5.05598,1.04666e-06,5.05598,0.0
4450,139,2.74000106812,0.186484167094,0.0,5.01041,4.12449e-06,5.01041,0.0
4607,144,2.73000095367,0.190952725463,0.0,5.0134,4.50591e-06,5.0134,0.0
4765,149,2.71000106812,0.245033616752,0.0,4.97449,1.66177e-06,4.97449,0.0
4923,154,2.87000087738,0.230387715255,0.0,5.11771,1.52825e-06,5.11771,0.0
5081,159,2.77000072479,0.229365428226,0.0,4.86519,4.2151e-06,4.86519,0.0
5239,164,2.53000106812,0.210649846886,0.0,5.02651,2.6392e-06,5.02651,0.0
5396,169,2.79000091553,0.254573977367,0.0,5.11759,2.84665e-06,5.11759,0.0
5554,174,2.70000083923,0.228176461013,0.0,5.17429,4.39373e-06,5.17428,0.0
5712,179,2.71000095367,0.203903492854,0.0,4.98307,3.32103e-06,4.98307,0.0
5871,184,2.69000106812,0.217120063541,0.0,4.83684,7.20023e-07,4.83684,0.0
6028,189,2.6100005722,0.206310248037,0.0,5.13679,8.05853e-07,5.13678,0.0
6187,194,2.6800012207,0.241951941173,0.0,4.99554,1.36136e-06,4.99553,0.0
6345,199,2.54000068665,0.206492630139,0.0,4.82018,7.86779e-07,4.82018,0.0
6503,204,2.65000068665,0.22692713777,0.0,4.81175,9.67974e-07,4.81175,0.0
6661,209,2.63000087738,0.240978863694,0.0,4.91749,6.74723e-07,4.91749,0.0
6818,214,2.47000137329,0.230486581728,0.0,4.95176,1.38997e-06,4.95176,0.0
6976,219,2.59000099182,0.236714996716,0.0,4.98616,1.22783e-06,4.98616,0.0
7134,224,2.62000110626,0.236614918973,0.0,4.85353,5.79355e-07,4.85353,0.0
7292,229,2.55000087738,0.220749852319,0.0,4.78601,5.9995e-05,4.78595,0.0
7450,234,2.74000110626,0.223858391192,0.0,4.74669,1.3852e-06,4.74669,0.0
7606,239,2.64000106812,0.239590490945,0.0,4.73771,3.21864e-07,4.73771,0.0
7645,240,2.63000110626,0.240924467345,0.0,4.62786,1.27553e-06,4.62785,0.0
7684,241,2.58000076294,0.250952099168,0.0,4.72974,6.41278e-06,4.72973,0.0
7723,242,2.60000083923,0.240009628746,0.0,4.8259,9.08371e-07,4.8259,0.0
7762,243,2.51000095367,0.227212717648,0.0,5.04012,3.40938e-07,5.04012,0.0
7800,244,2.47000106812,0.242763746293,0.0,4.74395,8.43997e-07,4.74395,0.0
7839,245,2.58000106812,0.237137815701,0.0,5.05983,2.6226e-07,5.05983,0.0
7877,246,2.60000125885,0.247402178931,0.0,4.69182,1.04903e-06,4.69182,0.0
7916,247,2.57000087738,0.264327410698,0.0,4.80476,4.52992e-07,4.80476,0.0
7954,248,2.5300006485,0.250687156557,0.0,4.90047,8.95828e-06,4.90046,0.0
7993,249,2.59000091553,0.229653758618,0.0,4.73279,4.98294e-07,4.73279,0.0
