195,4,4.99999977112,0.210846321955,7.62939453125e-06,6.57731,0.0251095,6.44506,0.107138
392,9,3.62000076294,0.164871472158,7.62939453125e-06,5.55252,0.0198176,5.39,0.142702
588,14,2.98000167847,0.141477051005,7.62939453125e-06,5.25062,0.017346,5.13155,0.101731
784,19,2.42000244141,0.123883537762,7.62939453125e-06,4.89637,0.0181435,4.77811,0.100116
981,24,2.36000274658,0.117738083601,0.0,5.48315,0.0176876,5.33428,0.131187
1178,29,2.29000160217,0.110211240146,7.62939453125e-06,4.73016,0.0146245,4.62883,0.086703
1375,34,2.21000213623,0.109388919417,0.0,4.96993,0.0141384,4.80339,0.152404
1572,39,2.11000244141,0.101817977764,0.0,4.58428,0.0126218,4.47255,0.0991166
1768,44,1.95000305176,0.102257762514,7.62939453125e-06,4.47116,0.0135608,4.34622,0.111376
1964,49,1.97000328064,0.096693749018,7.62939453125e-06,5.07804,0.0125633,4.95263,0.112849
2161,54,1.9900025177,0.0980787637457,0.0,4.87456,0.0130094,4.74548,0.11607
2355,59,1.93000297546,0.0971454206854,7.62939453125e-06,4.85199,0.0133895,4.68677,0.151828
2548,64,1.93000274658,0.099915887434,7.62939453125e-06,4.84653,0.0142064,4.69684,0.13548
2741,69,1.88000335693,0.09679756267,7.62939453125e-06,5.04868,0.0132973,4.82801,0.207374
2933,74,1.86000259399,0.0948888568394,7.62939453125e-06,4.75095,0.0137458,4.48768,0.24953
3126,79,1.76000305176,0.0948330305703,7.62939453125e-06,5.11666,0.0131737,4.84202,0.261467
3318,84,2.01000282288,0.099508025758,7.62939453125e-06,4.63763,0.0131038,4.35231,0.272221
3510,89,1.81000328064,0.0926931909658,0.0,4.77719,0.0117935,4.48002,0.285376
3702,94,1.98000305176,0.0972421044484,7.62939453125e-06,4.80389,0.0118162,4.45461,0.337461
3895,99,1.82000289917,0.0913716554642,0.0,4.75737,0.0117405,4.43688,0.308747
4087,104,1.75000267029,0.0916157418676,7.62939453125e-06,4.43143,0.0111472,4.1814,0.238882
4279,109,1.77000312805,0.0962150754593,7.62939453125e-06,4.8698,0.0143276,4.49419,0.361279
4472,114,1.78000297546,0.0889484671503,7.62939453125e-06,4.62538,0.01168,4.29544,0.31825
4664,119,1.75000312805,0.0890744941495,7.62939453125e-06,4.26913,0.0124354,3.96115,0.295544
4857,124,1.82000320435,0.0925072880276,7.62939453125e-06,4.5963,0.0120349,4.30705,0.277216
5049,129,1.92000358582,0.0927004357614,0.0,4.51433,0.012204,4.17677,0.325359
5242,134,1.83000259399,0.0923175158538,0.0,4.77564,0.0110712,4.55008,0.214482
5434,139,1.86000259399,0.0923849612474,0.0,5.00458,0.0120034,4.57567,0.416913
5627,144,1.83000320435,0.0903610347584,7.62939453125e-06,5.0373,0.0121276,4.76796,0.257212
5820,149,1.83000297546,0.0895250846446,0.0,5.03671,0.0124768,4.62254,0.401693
6012,154,1.87000297546,0.0948475061171,0.0,4.72275,0.0125067,4.22758,0.48266
6205,159,1.72000358582,0.0902167843468,0.0,4.83339,0.011763,4.41261,0.409019
6397,164,1.71000350952,0.0888055116683,0.0,4.8117,0.0106356,4.40233,0.398727
6590,169,1.80000305176,0.0857872962765,7.62939453125e-06,4.92237,0.0108003,4.49013,0.421448
6783,174,1.78000305176,0.0909003834426,7.62939453125e-06,5.04429,0.0115507,4.74742,0.285313
6975,179,1.90000343323,0.0897902737372,0.0,4.75884,0.0114607,4.44005,0.307327
7167,184,1.81000328064,0.0893912731111,0.0,4.70161,0.012455,4.3552,0.33395
7359,189,1.74000274658,0.0904409448616,7.62939453125e-06,4.26048,0.0124144,3.99416,0.253911
7551,194,1.73000320435,0.0882458066382,0.0,5.1129,0.0111394,4.66569,0.436073
7743,199,1.85000213623,0.0882158749271,0.0,4.68455,0.0113828,4.33112,0.342048
7935,204,1.86000343323,0.0884830391407,7.62939453125e-06,4.65218,0.0106331,4.35881,0.282741
8126,209,1.82000305176,0.0875655922666,0.0,4.72791,0.0120165,4.35846,0.357434
8318,214,1.82000335693,0.0898484798148,7.62939453125e-06,5.22573,0.0116871,4.7994,0.414641
8507,219,1.72000312805,0.0880194384605,7.62939453125e-06,4.77944,0.0114333,4.40519,0.362817
8698,224,1.65000320435,0.0876208944432,0.0,4.56224,0.0106793,4.14433,0.407232
8888,229,1.70000366211,0.0820999439806,0.0,4.28805,0.0108794,3.9989,0.278266
9079,234,1.67000358582,0.0848086791299,0.0,4.44376,0.0105664,4.08274,0.350461
9269,239,1.60000343323,0.0803051992692,7.62939453125e-06,4.04985,0.0103582,3.75616,0.283337
9309,240,1.6100038147,0.0816491916403,0.0,4.33115,0.00982231,4.00065,0.320678
9349,241,1.58000305176,0.0823629774526,0.0,4.41995,0.010444,3.99546,0.414045
9388,242,1.61000358582,0.0816244125925,0.0,4.47639,0.0100899,4.03974,0.42656
9428,243,1.59000282288,0.0829460582882,7.62939453125e-06,4.40861,0.0135982,4.05426,0.340752
9468,244,1.56000328064,0.0796270549111,0.0,4.24727,0.0102219,3.90148,0.335568
9508,245,1.60000335693,0.0829898340255,0.0,4.37363,0.0102651,3.96343,0.399933
9548,246,1.57000335693,0.0788840536959,0.0,4.45334,0.0101138,4.20162,0.241608
9587,247,1.60000350952,0.0836103248224,0.0,4.3921,0.010013,3.93928,0.442807
9627,248,1.54000312805,0.08015082445,7.62939453125e-06,4.2749,0.00966677,3.91507,0.350162
9667,249,1.57000343323,0.0843082899228,7.62939453125e-06,4.43736,0.00970293,4.11086,0.316792
