212,4,4.33000038147,0.1947637932,7.62939453125e-06,6.36988,0.0271122,6.24878,0.0939828
426,9,3.49000152588,0.155064195432,7.62939453125e-06,6.0604,0.0171622,5.97542,0.0678125
642,14,2.87000152588,0.136886172891,7.62939453125e-06,5.29999,0.0160938,5.17355,0.110347
857,19,2.51000190735,0.120634085387,7.62939453125e-06,4.9398,0.016181,4.83388,0.0897446
1069,24,2.55000236511,0.116679197121,0.0,5.24467,0.0141413,5.12438,0.106147
1282,29,2.45000221252,0.116418644488,7.62939453125e-06,5.24045,0.015693,5.13216,0.0926043
1496,34,2.45000205994,0.113213069029,0.0,4.86882,0.0148587,4.77054,0.0834251
1709,39,2.29000244141,0.111396988444,7.62939453125e-06,5.14283,0.0131405,5.03771,0.0919816
1927,44,2.14000236511,0.106092171855,7.62939453125e-06,5.26902,0.0144234,5.08737,0.167227
2142,49,2.07000244141,0.10185130639,7.62939453125e-06,5.15152,0.0137401,5.0272,0.110577
2355,54,2.00000305176,0.103426478542,0.0,4.84665,0.0144278,4.6834,0.148821
2565,59,2.22000221252,0.107809633892,7.62939453125e-06,5.56298,0.0132056,5.39103,0.15875
2777,64,1.99000244141,0.102597096302,7.62939453125e-06,5.32351,0.0144646,5.11453,0.194518
2990,69,2.00000267029,0.105002565756,0.0,4.77106,0.015348,4.49347,0.26224
3202,74,2.03000297546,0.102781122774,7.62939453125e-06,4.98115,0.0134853,4.72774,0.239923
3414,79,2.01000267029,0.11012313474,7.62939453125e-06,4.83355,0.015115,4.53587,0.282561
3624,84,1.98000343323,0.101799799539,0.0,4.96159,0.0136059,4.75198,0.195998
3835,89,2.01000282288,0.105207660329,7.62939453125e-06,4.90343,0.0146242,4.50601,0.382788
4045,94,2.02000312805,0.106514068805,7.62939453125e-06,4.73065,0.0137224,4.51197,0.204962
4259,99,1.90000320435,0.100316437371,7.62939453125e-06,4.5813,0.0137417,4.35925,0.20831
4471,104,2.03000358582,0.105864083823,0.0,4.61803,0.0149667,4.30874,0.294323
4680,109,1.80000335693,0.0996500117704,0.0,5.21253,0.01431,4.95255,0.245675
4889,114,2.00000267029,0.106224672459,7.62939453125e-06,5.20374,0.0146674,4.76218,0.426898
5099,119,1.90000297546,0.10349769352,0.0,5.03489,0.019376,4.72356,0.291951
5308,124,1.90000305176,0.102427165303,7.62939453125e-06,5.05297,0.0240893,4.7223,0.306577
5519,129,2.01000297546,0.10402318066,0.0,5.00344,0.0127886,4.62493,0.365718
5731,134,1.92000244141,0.100831036642,7.62939453125e-06,5.30634,0.0176657,4.88827,0.400402
5941,139,2.00000236511,0.106024469323,7.62939453125e-06,5.07128,0.0202016,4.65541,0.395665
6153,144,1.93000305176,0.106410504878,0.0,4.78369,0.0351098,4.51179,0.236797
6363,149,1.92000267029,0.107628407385,7.62939453125e-06,6.21089,0.0141748,5.82816,0.36856
6573,154,1.94000236511,0.106805928461,7.62939453125e-06,5.50588,0.0160613,5.20008,0.289738
6784,159,1.95000213623,0.105355396494,0.0,5.46407,0.0131517,5.09177,0.359146
6996,164,1.92000274658,0.112640653811,7.62939453125e-06,5.32435,0.0318803,4.98574,0.306723
7209,169,1.99000289917,0.114929221757,7.62939453125e-06,5.30069,0.0142103,4.75348,0.532995
7419,174,1.88000312805,0.112036290541,0.0,4.84872,0.0146956,4.29496,0.539066
7631,179,2.03000328064,0.111659403089,0.0,7.21375,0.0241459,6.62071,0.568897
7840,184,1.93000312805,0.122867121939,0.0,7.14229,0.0293168,6.59426,0.518716
8050,189,1.95000274658,0.124470824488,7.62939453125e-06,10.0458,0.0243697,9.78715,0.234329
8261,194,2.03000228882,0.121163493283,7.62939453125e-06,5.08666,0.0189025,4.71647,0.351292
8473,199,1.96000274658,0.11997830566,7.62939453125e-06,5.17082,0.0521558,4.74904,0.36962
8683,204,2.00000274658,0.113576110657,0.0,5.35547,0.0206304,4.94126,0.393585
8893,209,2.01000236511,0.119850086682,7.62939453125e-06,5.05237,0.0201012,4.54097,0.491296
9104,214,2.04000343323,0.1207559295,7.62939453125e-06,5.5258,0.0159982,5.07142,0.438381
9316,219,2.02000267029,0.120536552425,7.62939453125e-06,5.01917,0.0147315,4.61715,0.387286
9527,224,1.97000267029,0.121225113384,7.62939453125e-06,8.52227,0.0226928,8.07327,0.426305
9738,229,2.05000267029,0.114027359821,7.62939453125e-06,5.01776,0.0176015,4.72961,0.270541
9948,234,1.92000274658,0.113698355574,7.62939453125e-06,5.15111,0.03064,4.83026,0.290218
10160,239,1.89000282288,0.120374696404,0.0,5.77054,0.0472525,5.37716,0.346134
10205,240,1.89000312805,0.114957359247,0.0,5.67535,0.0342094,5.05742,0.583727
10247,241,1.90000274658,0.120536247678,7.62939453125e-06,5.73716,0.0193629,5.30748,0.410318
10291,242,1.88000259399,0.120923973713,0.0,5.03854,0.0160323,4.6428,0.379701
10335,243,1.90000305176,0.115432524458,7.62939453125e-06,5.34204,0.0337759,4.93029,0.377969
10378,244,1.91000282288,0.11747279603,7.62939453125e-06,5.75892,0.0145253,5.25129,0.4931
10423,245,1.88000312805,0.114985257722,7.62939453125e-06,16.7566,0.0174516,16.3412,0.397982
10466,246,1.90000343323,0.117733537853,0.0,8.56063,0.0321427,8.21218,0.316315
10509,247,1.88000312805,0.114801288359,0.0,6.28918,0.033901,5.80881,0.446467
10553,248,1.86000297546,0.117516468819,0.0,5.36368,0.0299053,5.04516,0.288617
10597,249,1.93000305176,0.116224380434,7.62939453125e-06,6.07135,0.0144408,5.51878,0.538132
