458,4,3.89000061035,0.185205590501,7.62939453125e-06,14.7005,0.0428771,14.5093,0.148328
923,9,3.0700012207,0.140008273404,0.0,13.0441,0.0225817,12.7919,0.229567
1383,14,2.52000137329,0.12154685881,7.62939453125e-06,13.18,0.0179438,13.0339,0.12818
1838,19,2.45000160217,0.114805116691,0.0,12.9916,0.0148187,12.7546,0.222205
2291,24,2.29000160217,0.105799163636,7.62939453125e-06,11.8439,0.0117278,11.7023,0.12983
2740,29,2.20000198364,0.104961207099,0.0,12.6687,0.0120123,12.449,0.20762
3185,34,2.13000198364,0.100662209801,0.0,12.1403,0.0110331,11.7183,0.410889
3631,39,2.09000259399,0.103284817552,7.62939453125e-06,11.9615,0.00987185,11.7174,0.234204
4076,44,1.95000221252,0.0950163917243,7.62939453125e-06,11.5914,0.0102034,11.4421,0.13904
4523,49,1.84000343323,0.0965200651623,0.0,11.1991,0.00954683,10.9788,0.210739
4970,54,1.82000289917,0.0901515796222,7.62939453125e-06,11.3694,0.00894864,11.0745,0.285914
5420,59,1.87000320435,0.0906134617794,7.62939453125e-06,10.9206,0.00878808,10.6664,0.245341
5870,64,1.85000289917,0.0905616096687,7.62939453125e-06,10.9753,0.00852049,10.8074,0.159382
6331,69,1.94000289917,0.0910100193974,7.62939453125e-06,11.176,0.00805229,10.8751,0.292893
6790,74,1.84000259399,0.0848918870557,7.62939453125e-06,11.2507,0.00788376,10.9296,0.313186
7248,79,1.73000305176,0.0883974983916,0.0,11.4981,0.00765617,11.3518,0.138653
7710,84,1.70000282288,0.0865866388846,0.0,10.6073,0.00756593,10.4689,0.130755
8168,89,1.80000358582,0.0843437911384,0.0,11.6724,0.0071149,11.5017,0.163589
8628,94,1.8300025177,0.0893649878446,0.0,10.323,0.00666524,10.122,0.194279
9082,99,1.84000297546,0.084403683953,7.62939453125e-06,11.4743,0.00733999,11.2542,0.212706
9553,104,1.75000358582,0.0850449564774,0.0,11.4449,0.00680377,11.0232,0.414947
10016,109,1.82000335693,0.084990468272,0.0,10.5899,0.0160327,10.4005,0.173394
10463,114,1.82000267029,0.081598246512,0.0,11.0258,0.00643819,10.8332,0.186199
10911,119,1.68000320435,0.0862475369964,7.62939453125e-06,10.6826,0.00627141,10.4864,0.189994
11359,124,1.75000259399,0.0873363159597,7.62939453125e-06,11.1462,0.00637621,10.9803,0.159433
11805,129,1.82000297546,0.0839217753801,0.0,10.4207,0.00610266,10.2399,0.174708
12264,134,1.71000335693,0.0816948435502,0.0,11.8473,0.00562317,11.7001,0.141588
12725,139,1.77000328064,0.0828435974242,7.62939453125e-06,10.9498,0.00618174,10.6448,0.298805
13184,144,1.74000274658,0.08347075311,7.62939453125e-06,10.3103,0.0064057,10.2174,0.0864185
13644,149,1.81000297546,0.0869107191404,7.62939453125e-06,10.7402,0.00651962,10.6014,0.132254
14104,154,1.63000320435,0.08442336604,0.0,10.974,0.00592675,10.7678,0.200317
14563,159,1.65000358582,0.0807168147666,0.0,11.0448,0.00553594,10.8401,0.199095
15033,164,1.64000389099,0.0830015327828,7.62939453125e-06,10.8999,0.00558324,10.6531,0.241192
15499,169,1.69000350952,0.0828502862994,0.0,11.3092,0.00538859,11.1874,0.116479
15959,174,1.66000312805,0.0842115689768,0.0,10.9256,0.00574291,10.7277,0.192152
16423,179,1.64000312805,0.0785431822296,0.0,11.5971,0.00543318,11.1364,0.455294
16883,184,1.70000328064,0.0847718782164,7.62939453125e-06,10.5108,0.00597394,10.2683,0.236567
17346,189,1.68000419617,0.0807254510466,0.0,10.8034,0.00545237,10.4964,0.301506
17817,194,1.70000358582,0.0830426743673,7.62939453125e-06,10.4118,0.00540479,10.2602,0.146163
18278,199,1.67000274658,0.0809562683851,7.62939453125e-06,10.1812,0.00607475,10.0005,0.174615
18753,204,1.71000335693,0.0809572830936,7.62939453125e-06,10.6797,0.0053288,10.4957,0.178629
19228,209,1.72000274658,0.0853736641398,0.0,10.3732,0.00626202,10.1715,0.195431
19695,214,1.62000289917,0.0836385994731,7.62939453125e-06,9.88647,0.00493847,9.57949,0.302034
20163,219,1.71000259399,0.084485195349,7.62939453125e-06,10.9252,0.00500578,10.7778,0.142401
20632,224,1.63000320435,0.081344409408,0.0,9.64914,0.00500419,9.3763,0.267834
21100,229,1.68000350952,0.0828960535116,7.62939453125e-06,11.2452,0.00453055,10.9091,0.331626
21568,234,1.64000259399,0.0783346184343,7.62939453125e-06,10.2805,0.00457408,10.108,0.167903
22036,239,1.62000366211,0.0779852622841,7.62939453125e-06,10.5585,0.00431124,10.4402,0.11401
22133,240,1.62000328064,0.0791760954261,7.62939453125e-06,10.2098,0.00424527,10.0745,0.131066
22230,241,1.60000297546,0.0816764187068,0.0,9.77684,0.0044246,9.66206,0.110348
22329,242,1.55000320435,0.0809218974737,0.0,10.199,0.00434804,10.0231,0.17162
22427,243,1.62000320435,0.0770467865793,0.0,10.1757,0.00412029,9.79753,0.374042
22524,244,1.61000320435,0.0806972169224,0.0,10.3389,0.0043128,10.0363,0.29831
22621,245,1.5900037384,0.0803106774623,7.62939453125e-06,9.82535,0.00430377,9.50223,0.318821
22719,246,1.59000289917,0.0783890993148,7.62939453125e-06,9.55903,0.00418466,9.30477,0.250075
22816,247,1.57000259399,0.0782989265351,7.62939453125e-06,10.4934,0.00424739,10.3212,0.167906
22913,248,1.61000343323,0.0765465709753,0.0,9.76028,0.00406109,9.49823,0.257989
23010,249,1.60000328064,0.0781446482986,0.0,10.3413,0.00412373,10.101,0.23615
