167,4,6.90999855042,0.298758287132,0.0,17.5512,0.0219511,17.5293,0.0
346,9,4.02999938965,0.171028720737,7.62939453125e-06,13.9237,0.0054735,13.9183,0.0
518,14,3.20000114441,0.137553010546,0.0,13.2207,0.00187013,13.2188,0.0
692,19,2.62000106812,0.110625206577,0.0,12.1725,0.000713126,12.1718,0.0
865,24,2.77000144958,0.121047678906,7.62939453125e-06,11.5623,0.000570681,11.5617,0.0
1038,29,1.93000244141,0.089404600081,0.0,11.7238,0.00022058,11.7236,0.0
1211,34,2.62000137329,0.123850783606,7.62939453125e-06,11.1415,0.000107768,11.1414,0.0
1383,39,2.48000137329,0.122436303371,0.0,11.5239,6.54203e-05,11.5238,0.0
1557,44,2.20000205994,0.113690134487,0.0,10.7546,6.77367e-05,10.7545,0.0
1731,49,1.97000205994,0.101511166065,0.0,11.0632,1.28408e-05,11.0632,0.0
1904,54,1.88000183105,0.0984153938491,0.0,10.715,1.89462e-05,10.715,0.0
2077,59,1.84000205994,0.0956172982347,7.62939453125e-06,10.7204,8.64608e-06,10.7204,0.0
2250,64,1.94000259399,0.106380628305,7.62939453125e-06,10.153,1.37974e-05,10.153,0.0
2424,69,2.03000259399,0.10948270262,7.62939453125e-06,10.1523,1.94124e-05,10.1522,0.0
2597,74,1.62000282288,0.0883123547211,0.0,10.0561,1.0318e-05,10.0561,0.0
2770,79,1.67000274658,0.0979353162914,0.0,10.3666,7.32762e-06,10.3666,0.0
2944,84,1.64000328064,0.0969288563542,0.0,10.089,9.19792e-06,10.0889,0.0
3118,89,1.63000282288,0.0922139228031,0.0,10.1451,4.1662e-06,10.1451,0.0
3292,94,1.77000213623,0.104152686996,0.0,9.75311,2.67503e-06,9.75311,0.0
3464,99,1.71000236511,0.0912750701205,0.0,9.85198,2.14933e-06,9.85198,0.0
3636,104,1.72000320435,0.0890560791263,0.0,10.2075,3.32708e-06,10.2075,0.0
3809,109,1.68000289917,0.0974620548543,7.62939453125e-06,10.1974,3.25077e-06,10.1974,0.0
3981,114,1.62000282288,0.100968704447,0.0,10.9344,1.46388e-06,10.9344,0.0
4155,119,1.42000320435,0.0909666961004,0.0,9.9471,3.74423e-06,9.94709,0.0
4328,124,1.55000282288,0.0905079859274,7.62939453125e-06,9.31906,1.62362e-06,9.31905,0.0
4497,129,1.5600025177,0.0923326509062,0.0,9.74254,1.06692e-06,9.74254,0.0
4665,134,1.44000213623,0.085109484015,0.0,9.63572,3.67139e-06,9.63572,0.0
4835,139,1.61000236511,0.0894119247328,7.62939453125e-06,9.39377,1.90018e-06,9.39377,0.0
5002,144,1.58000320435,0.0972886783062,7.62939453125e-06,9.48858,1.01328e-06,9.48858,0.0
5172,149,1.47000198364,0.0855890416366,0.0,9.57018,9.97761e-07,9.57018,0.0
5339,154,1.64000244141,0.0917633806099,7.62939453125e-06,9.59292,4.5247e-06,9.59292,0.0
5505,159,1.4300025177,0.0873993655693,0.0,9.67,5.3048e-07,9.67,0.0
5670,164,1.88000183105,0.121369971638,7.62939453125e-06,10.1012,1.10625e-06,10.1012,0.0
5836,169,1.54000343323,0.0924695969856,0.0,9.347,1.95975e-06,9.347,0.0
6001,174,1.43000267029,0.0998373128608,0.0,9.26827,3.89781e-06,9.26826,0.0
6168,179,1.40000289917,0.0887526889282,0.0,9.31922,3.3863e-06,9.31921,0.0
6334,184,1.34000267029,0.0851165500437,7.62939453125e-06,9.36668,6.33e-07,9.36668,0.0
6500,189,1.39000328064,0.0886617694201,7.62939453125e-06,9.43713,6.58032e-07,9.43713,0.0
6664,194,1.35000289917,0.0897872916603,7.62939453125e-06,9.49239,1.12652e-06,9.49239,0.0
6829,199,1.78000183105,0.105831721387,7.62939453125e-06,9.00754,1.67008e-06,9.00754,0.0
6985,204,1.35000274658,0.0923943869336,0.0,9.4409,7.14061e-07,9.4409,0.0
7141,209,1.45000228882,0.0954072604643,7.62939453125e-06,9.22207,5.74584e-07,9.22207,0.0
7298,214,1.46000289917,0.0981623569503,0.0,9.19072,7.7724e-07,9.19072,0.0
7455,219,1.28000267029,0.0826554246029,0.0,9.83186,5.28096e-07,9.83186,0.0
7611,224,1.32000259399,0.0925055555304,7.62939453125e-06,9.36165,4.57763e-07,9.36165,0.0
7767,229,1.29000282288,0.0917771440803,0.0,9.22873,2.78949e-07,9.22873,0.0
7924,234,1.38000213623,0.0963178688142,0.0,9.23559,6.62799e-07,9.23559,0.0
8081,239,1.50000282288,0.0962711707853,7.62939453125e-06,9.40952,8.7022e-07,9.40952,0.0
8117,240,1.55000259399,0.0900759121228,0.0,9.16763,5.35248e-07,9.16762,0.0
8153,241,1.35000274658,0.0906974031593,7.62939453125e-06,9.176,4.98294e-07,9.17599,0.0
8190,242,1.36000289917,0.0923712504527,0.0,9.1572,3.6478e-07,9.1572,0.0
8226,243,1.50000328064,0.118629107527,0.0,9.01136,9.70348e-07,9.01136,0.0
8262,244,1.38000320435,0.0947868795446,0.0,9.73427,8.4996e-07,9.73427,0.0
8298,245,1.40000267029,0.100992677266,0.0,9.25751,2.86102e-07,9.25751,0.0
8335,246,1.45000274658,0.0973797073949,7.62939453125e-06,9.13821,2.59258e-06,9.13821,0.0
8372,247,1.40000297546,0.0884193040757,7.62939453125e-06,8.93617,2.72989e-07,8.93617,0.0
8409,248,1.31000297546,0.0940596003822,7.62939453125e-06,8.89503,1.16825e-07,8.89503,0.0
8445,249,1.44000221252,0.101875065854,7.62939453125e-06,9.26215,8.30879e-07,9.26215,0.0
150,4,1.41000366211,0.0971339895716,0.0,9.01612,1.32795e-06,9.01612,0.0
362,9,1.30000236511,0.0993876636887,7.62939453125e-06,8.7304,2.74181e-07,8.7304,0.0
592,14,1.39000213623,0.0909071260586,7.62939453125e-06,9.36452,2.68221e-07,9.36452,0.0
826,19,1.39000244141,0.104236247178,0.0,9.02896,5.38824e-07,9.02896,0.0
1048,24,1.3900025177,0.107568283353,0.0,8.98846,2.07894e-06,8.98846,0.0
1262,29,1.37000305176,0.0958408468391,0.0,9.22082,2.64644e-07,9.22082,0.0
1472,34,1.44000190735,0.103631573963,0.0,8.85541,2.21729e-07,8.85541,0.0
1680,39,1.34000160217,0.0976651669486,7.62939453125e-06,9.35307,3.9935e-07,9.35307,0.0
1888,44,1.16000228882,0.091863795278,7.62939453125e-06,8.8012,4.14848e-07,8.8012,0.0
2096,49,1.28000190735,0.0955317135291,7.62939453125e-06,9.30494,1.5378e-07,9.30494,0.0
2303,54,1.28000221252,0.0971677539247,7.62939453125e-06,9.16054,1.46504e-06,9.16053,0.0
2510,59,1.38000152588,0.103162874125,0.0,9.24471,4.04115e-07,9.24471,0.0
2718,64,1.30000160217,0.0990240506108,0.0,8.79661,4.6423e-06,8.79661,0.0
2925,69,1.36000236511,0.0920952834471,7.62939453125e-06,8.82045,2.3365e-07,8.82045,0.0
3133,74,1.35000175476,0.0851756932425,0.0,8.89903,1.13839e-06,8.89902,0.0
3341,79,1.45000152588,0.105331874428,7.62939453125e-06,9.19348,5.11404e-07,9.19347,0.0
3549,84,1.34000190735,0.0984126581182,7.62939453125e-06,9.05285,3.0279e-07,9.05285,0.0
3757,89,1.24000160217,0.0939746007995,7.62939453125e-06,9.03923,2.99215e-07,9.03923,0.0
3965,94,1.32000152588,0.0971002315255,0.0,8.72503,2.40802e-07,8.72503,0.0
4173,99,1.35000213623,0.100547148556,0.0,8.9841,1.58548e-07,8.9841,0.0
4383,104,1.44000221252,0.0958078863817,7.62939453125e-06,9.29377,5.13787e-07,9.29376,0.0
4591,109,1.56000144958,0.108218070668,0.0,9.31132,1.2517e-07,9.31132,0.0
4796,114,1.45000213623,0.109603294754,0.0,10.1127,4.64916e-08,10.1127,0.0
5001,119,1.37000190735,0.100928686041,0.0,9.12299,2.49147e-07,9.12299,0.0
5201,124,1.33000213623,0.101871545481,7.62939453125e-06,8.63193,3.4332e-07,8.63193,0.0
5391,129,1.39000267029,0.0983284606665,7.62939453125e-06,9.06681,7.98702e-08,9.06681,0.0
5594,134,1.37000183105,0.100175109835,0.0,8.91199,7.03334e-08,8.91199,0.0
5797,139,1.31000213623,0.0935635493009,7.62939453125e-06,8.78895,9.89436e-08,8.78895,0.0
5999,144,1.35000175476,0.102946037822,7.62939453125e-06,8.88769,1.64508e-07,8.88769,0.0
6202,149,1.45000213623,0.094661794377,0.0,8.99582,6.15104e-07,8.99582,0.0
6405,154,1.330001297,0.0979888769856,0.0,8.96138,3.79085e-07,8.96138,0.0
6608,159,1.28000198364,0.0988766827153,0.0,9.16579,4.17232e-08,9.16579,0.0
6811,164,1.33000183105,0.0978759096968,0.0,9.52318,1.22785e-07,9.52318,0.0
7014,169,1.43000137329,0.106281060826,7.62939453125e-06,8.84105,1.83581e-07,8.84105,0.0
7217,174,1.29000213623,0.103585790054,0.0,8.77385,7.43848e-07,8.77385,0.0
7420,179,1.33000228882,0.0913130995618,0.0,8.85186,1.18017e-07,8.85186,0.0
7624,184,1.34000221252,0.0935418050368,0.0,8.91892,3.57628e-08,8.91892,0.0
7828,189,1.23000244141,0.0955293485109,7.62939453125e-06,8.91738,1.10865e-07,8.91738,0.0
8032,194,1.20000228882,0.0924214218094,7.62939453125e-06,9.02406,6.31809e-08,9.02406,0.0
8236,199,1.34000137329,0.0975038856201,7.62939453125e-06,8.59062,1.8762e-06,8.59062,0.0
8441,204,1.28000221252,0.0980075366752,7.62939453125e-06,9.01877,1.78814e-07,9.01877,0.0
8645,209,1.27000205994,0.0992099179851,7.62939453125e-06,8.79805,1.56164e-07,8.79805,0.0
8849,214,1.35000152588,0.109992709502,0.0,8.79583,1.20401e-07,8.79583,0.0
9052,219,1.17000190735,0.0830005274956,7.62939453125e-06,9.37824,4.52995e-08,9.37824,0.0
9256,224,1.32000213623,0.103007960754,7.62939453125e-06,8.9401,1.3709e-07,8.9401,0.0
9460,229,1.29000144958,0.092866363819,0.0,8.84928,2.74181e-08,8.84928,0.0
9663,234,1.26000190735,0.0980148307534,7.62939453125e-06,8.89216,3.45707e-08,8.89216,0.0
9867,239,1.26000167847,0.105273771213,0.0,9.0516,4.41074e-08,9.0516,0.0
9913,240,1.33000190735,0.103944976563,0.0,8.83697,4.58948e-07,8.83697,0.0
9960,241,1.43000152588,0.109520841619,0.0,8.79521,9.17911e-08,8.79521,0.0
10006,242,1.41000221252,0.10647303931,7.62939453125e-06,8.728,6.79492e-08,8.728,0.0
10052,243,1.32000160217,0.106773276789,7.62939453125e-06,8.67851,7.93912e-07,8.67851,0.0
10098,244,1.39000305176,0.105900093,0.0,9.33319,2.8094e-06,9.33319,0.0
10143,245,1.3900025177,0.102603120032,7.62939453125e-06,8.89787,5.60283e-08,8.89787,0.0
10188,246,1.22000267029,0.0966283267972,0.0,8.77339,2.94445e-07,8.77339,0.0
10233,247,1.24000343323,0.0976579828584,7.62939453125e-06,8.58461,1.54971e-07,8.58461,0.0
10277,248,1.28000244141,0.102535367481,7.62939453125e-06,8.56944,3.21865e-08,8.56944,0.0
10322,249,1.40000267029,0.10569432784,7.62939453125e-06,8.88508,8.34464e-08,8.88508,0.0
