63,4,3.62999992371,0.182693008631,3.81469726562e-06,11.0738,0.0306275,11.0431,0.0
128,9,3.070001297,0.147168515213,7.62939453125e-07,8.77031,0.00434461,8.76597,0.0
193,14,2.89000068665,0.132016451638,2.28881835937e-06,7.85298,0.00354059,7.84944,0.0
259,19,2.52000205994,0.116673379396,0.0,7.39756,0.000676846,7.39688,0.0
324,24,2.59000144958,0.12332289651,7.62939453125e-07,7.02733,0.000433992,7.0269,0.0
389,29,2.28000198364,0.11679047232,2.28881835937e-06,7.12067,0.000203001,7.12046,0.0
454,34,2.47000144958,0.116894322061,6.86645507813e-06,6.93037,0.000337322,6.93003,0.0
519,39,2.25000167847,0.116738988818,3.0517578125e-06,6.69455,0.00010518,6.69444,0.0
584,44,2.18000228882,0.112594999587,6.103515625e-06,6.68693,0.000113789,6.68682,0.0
649,49,2.30000213623,0.11671989938,1.52587890625e-06,6.58869,0.000420036,6.58827,0.0
714,54,1.8700025177,0.107982485296,6.103515625e-06,6.65779,3.15159e-05,6.65776,0.0
779,59,1.94000267029,0.103821904819,2.28881835937e-06,6.40618,7.05817e-05,6.40611,0.0
844,64,1.97000228882,0.106096674649,6.86645507813e-06,6.5103,1.62991e-05,6.51029,0.0
909,69,1.91000175476,0.102484025536,2.28881835937e-06,6.44138,2.23198e-05,6.44136,0.0
974,74,1.72000297546,0.10316750992,4.57763671875e-06,6.27315,1.5738e-05,6.27314,0.0
1040,79,2.0100025177,0.10585455165,2.28881835937e-06,6.01949,7.75863e-05,6.01941,0.0
1105,84,1.96000198364,0.116212564465,3.0517578125e-06,6.17542,1.3789e-05,6.17541,0.0
1170,89,1.91000221252,0.106872432998,7.62939453125e-07,6.36471,1.19757e-05,6.3647,0.0
1234,94,2.02000259399,0.122605416467,3.81469726562e-06,6.31997,1.89625e-05,6.31995,0.0
1299,99,1.84000259399,0.102932004636,6.103515625e-06,6.08774,1.51253e-05,6.08772,0.0
1364,104,2.06000236511,0.115298404751,5.34057617187e-06,6.13541,3.81707e-05,6.13537,0.0
1429,109,1.65000297546,0.0983926984761,7.62939453125e-06,6.29255,6.58978e-06,6.29254,0.0
1495,114,1.65000282288,0.096196957936,5.34057617187e-06,5.98576,2.35013e-05,5.98574,0.0
1560,119,1.8600025177,0.114719264799,6.103515625e-06,6.45815,8.67195e-06,6.45814,0.0
1625,124,1.7700025177,0.099302592396,2.28881835937e-06,5.91738,2.03282e-05,5.91736,0.0
1690,129,1.68000297546,0.101885311387,2.28881835937e-06,6.07132,6.80653e-06,6.07131,0.0
1755,134,1.83000267029,0.107754965234,6.86645507813e-06,5.8491,9.37271e-06,5.84909,0.0
1820,139,1.71000205994,0.108301086164,4.57763671875e-06,6.17595,7.27263e-06,6.17595,0.0
1885,144,1.68000259399,0.0953863577574,5.34057617187e-06,5.71006,4.55136e-06,5.71006,0.0
1949,149,1.73000274658,0.105528269524,2.28881835937e-06,6.01692,6.34015e-06,6.01692,0.0
2014,154,1.6200025177,0.0873273252297,4.57763671875e-06,5.7589,4.15078e-06,5.7589,0.0
2079,159,1.70000320435,0.10942111023,4.57763671875e-06,5.93167,9.32467e-06,5.93166,0.0
2144,164,1.62000228882,0.0799192956223,1.52587890625e-06,5.84648,2.69768e-06,5.84648,0.0
2209,169,1.73000236511,0.108452903654,1.52587890625e-06,6.10601,3.25318e-06,6.106,0.0
2273,174,1.65000236511,0.0918926977506,6.103515625e-06,5.8981,1.44923e-05,5.89809,0.0
2338,179,1.72000244141,0.0999143208386,2.28881835937e-06,5.91055,3.1399e-06,5.91055,0.0
2403,184,1.69000213623,0.0912348360085,6.103515625e-06,5.92512,2.74892e-06,5.92512,0.0
2467,189,1.61000274658,0.0964931603114,6.103515625e-06,5.89056,7.07548e-06,5.89055,0.0
2532,194,1.57000259399,0.0849984422361,3.81469726562e-06,5.6245,1.15037e-06,5.6245,0.0
2597,199,1.65000297546,0.10509586094,2.28881835937e-06,5.53398,1.8489e-06,5.53398,0.0
2661,204,1.70000244141,0.101185923068,2.28881835937e-06,5.94011,5.7333e-06,5.9401,0.0
2726,209,1.53000320435,0.0827435292421,2.28881835937e-06,5.73152,4.84441e-06,5.73151,0.0
2791,214,1.63000305176,0.100601965062,2.28881835937e-06,5.74025,2.13382e-06,5.74025,0.0
2856,219,1.54000267029,0.0883057191491,4.57763671875e-06,5.71109,1.16348e-06,5.71109,0.0
2919,224,1.73000259399,0.110301119086,3.81469726562e-06,6.04372,1.70944e-06,6.04372,0.0
2983,229,1.74000228882,0.0967340652014,7.62939453125e-07,5.77048,1.03592e-06,5.77048,0.0
3044,234,1.62000328064,0.0948451900095,3.81469726562e-06,5.56051,2.13379e-06,5.56051,0.0
3105,239,1.60000267029,0.0964397434116,7.62939453125e-07,5.79634,8.82146e-07,5.79634,0.0
3120,240,1.69000267029,0.106902458555,7.62939453125e-07,5.66897,4.08031e-06,5.66897,0.0
3134,241,1.62000228882,0.0932194775506,3.0517578125e-06,5.94411,1.54018e-06,5.94411,0.0
3148,242,1.69000274658,0.0992805740912,3.0517578125e-06,5.77772,5.51938e-07,5.77771,0.0
3162,243,1.56000328064,0.0891674207419,5.34057617187e-06,5.8037,6.05582e-07,5.8037,0.0
3177,244,1.45000267029,0.0860766931043,3.81469726562e-06,5.63126,1.69156e-06,5.63126,0.0
3191,245,1.49000267029,0.0858740206674,1.52587890625e-06,5.64925,5.74588e-07,5.64925,0.0
3205,246,1.61000244141,0.100142267352,1.52587890625e-06,5.63101,8.94686e-06,5.631,0.0
3220,247,1.66000289917,0.0841008506271,3.81469726562e-06,5.70281,1.13964e-06,5.70281,0.0
3234,248,1.72000244141,0.0975959112223,3.81469726562e-06,6.02192,3.4008e-06,6.02191,0.0
3248,249,1.6200025177,0.0872647210472,5.34057617187e-06,5.85504,4.39153e-06,5.85504,0.0
