476,4,2.81000152588,0.348270409703,0.200000762939,30.0382,0.299445,29.0316,0.70719
962,9,2.18000213623,0.269674611241,0.200007629395,26.3824,0.20695,25.3102,0.865257
1443,14,2.01000267029,0.217677976042,0.100001525879,24.2521,0.145276,23.1352,0.971685
1919,19,1.91000320435,0.190921395794,7.62939453125e-07,23.5158,0.121839,22.4298,0.964243
2390,24,1.71000297546,0.180870602578,0.0,23.3972,0.116158,22.3349,0.946157
2863,29,1.71000305176,0.164350853488,7.62939453125e-06,23.1323,0.0996576,22.1233,0.909282
3342,34,1.60000389099,0.154099993333,7.62939453125e-06,23.0514,0.097054,22.1102,0.844147
3816,39,1.52000358582,0.151171845272,6.103515625e-06,21.3705,0.0941455,20.3014,0.97493
4290,44,1.49000328064,0.140591949299,7.62939453125e-07,22.9762,0.0776737,22.0252,0.873389
4764,49,1.4600037384,0.132873464152,0.0,21.624,0.0712473,20.4239,1.12877
5256,54,1.57000366211,0.117391015664,6.86645507813e-06,22.2524,0.0564558,21.2286,0.967301
5748,59,1.46000427246,0.106802158244,6.86645507813e-06,21.9437,0.0458937,20.7859,1.11192
6240,64,1.5000038147,0.099173745662,7.62939453125e-06,20.1927,0.0401318,18.8794,1.27317
6731,69,1.49000343323,0.0935961614177,0.0,23.6347,0.0370774,22.4511,1.1465
7220,74,1.43000320435,0.093095183596,7.62939453125e-06,22.3833,0.041454,21.3586,0.983233
7707,79,1.42000434875,0.0908476728573,0.0,21.2883,0.0400531,20.2104,1.03781
8196,84,1.48000350952,0.0871726989746,7.62939453125e-06,21.5338,0.0345163,20.281,1.21822
8688,89,1.37000358582,0.087394939512,7.62939453125e-07,23.8265,0.0346229,22.5053,1.28652
9179,94,1.39000366211,0.0884725603089,7.62939453125e-07,20.3546,0.0323633,19.2404,1.08179
9666,99,1.4000038147,0.0867662217841,0.0,21.4997,0.0320865,20.3741,1.09349
10160,104,1.40000488281,0.0875071867555,6.86645507813e-06,20.0779,0.0340963,18.6524,1.39135
10650,109,1.3900037384,0.0845593131706,0.0,21.1542,0.0342322,19.8423,1.27767
11139,114,1.39000389099,0.0874364008382,7.62939453125e-06,20.8597,0.0333697,19.4836,1.34272
11633,119,1.43000312805,0.0844396372512,0.0,21.3762,0.0337528,19.9,1.44248
12119,124,1.41000343323,0.0843593902513,7.62939453125e-07,21.1917,0.0329507,19.9645,1.19424
12613,129,1.35000320435,0.085093764998,0.0,20.819,0.0321897,19.4434,1.34335
13102,134,1.4000038147,0.0824499988183,0.0,21.2053,0.0316464,20.0065,1.16713
13565,139,1.30000427246,0.0811884429306,7.62939453125e-06,20.4583,0.0345316,19.0254,1.39838
14010,144,1.29000427246,0.0850624668226,0.0,20.148,0.0296474,19.077,1.04135
14456,149,1.24000350952,0.0837330431119,7.62939453125e-06,20.3001,0.0334424,18.796,1.47063
14902,154,1.39000366211,0.0861114487797,0.0,20.2969,0.0348269,19.0362,1.22589
15347,159,1.28000350952,0.077798533868,7.62939453125e-06,20.2885,0.0302195,19.1573,1.10098
15792,164,1.37000366211,0.0786927897483,7.62939453125e-07,20.348,0.032822,19.0218,1.29334
16238,169,1.3000038147,0.0835148420185,7.62939453125e-06,21.1635,0.0310173,19.7936,1.33888
16681,174,1.35000389099,0.0859401122481,7.62939453125e-06,21.5085,0.0305882,20.2911,1.18684
17125,179,1.3500038147,0.0827025867999,7.62939453125e-06,20.6311,0.0306652,19.2486,1.35186
17570,184,1.27000419617,0.0779403586686,5.34057617187e-06,20.3585,0.02888,19.3145,1.01521
18016,189,1.21000411987,0.0791047500074,7.62939453125e-07,19.6386,0.0306125,18.4783,1.12965
18462,194,1.25000419617,0.0786178372055,0.0,20.4625,0.0298152,19.1469,1.28578
18907,199,1.31000389099,0.0777587779984,7.62939453125e-06,19.2841,0.0278226,18.2491,1.00714
19354,204,1.27000396729,0.0786844858527,0.0,21.4393,0.0306495,20.1034,1.30527
19800,209,1.3300037384,0.0797326901555,0.0,20.0454,0.0304336,18.9614,1.05361
20243,214,1.29000343323,0.0807111351565,7.62939453125e-07,20.5884,0.0284809,19.3443,1.2156
20686,219,1.30000350952,0.076731983684,0.0,20.2616,0.0272827,18.9914,1.24285
21130,224,1.2700037384,0.0769291279092,7.62939453125e-07,20.1846,0.0256961,18.8955,1.26341
21574,229,1.28000396729,0.0745712202415,0.0,19.9494,0.0272539,18.7233,1.19888
22017,234,1.26000389099,0.0708010755852,7.62939453125e-06,20.7593,0.0259697,19.4931,1.24022
22460,239,1.25000358582,0.0748358466104,0.0,20.8459,0.0266859,19.7242,1.09507
22552,240,1.27000358582,0.0746708872728,6.103515625e-06,19.4722,0.0278347,18.4146,1.02973
22645,241,1.26000419617,0.0731812711246,0.0,19.8765,0.0251412,18.6754,1.1759
22736,242,1.28000389099,0.0744627987221,7.62939453125e-07,18.6878,0.0265691,17.2204,1.44076
22828,243,1.26000343323,0.0751364232227,6.86645507813e-06,19.4908,0.0287555,18.1511,1.31091
22920,244,1.24000396729,0.0740197939426,7.62939453125e-06,19.0809,0.0286614,17.8494,1.20287
23012,245,1.2500037384,0.0726683690399,7.62939453125e-07,18.8956,0.0269294,17.7025,1.16609
23100,246,1.2400038147,0.0727450137399,7.62939453125e-06,18.4609,0.0254992,17.1406,1.2948
23191,247,1.26000389099,0.0719959730282,7.62939453125e-06,18.9473,0.034679,17.8314,1.08121
23281,248,1.24000404358,0.0755525094457,6.86645507813e-06,20.1968,0.0337554,19.0281,1.13494
23372,249,1.2600038147,0.0724439411797,7.62939453125e-06,20.6826,0.0269099,19.4353,1.2204
