130,4,6.539998703,0.288654657453,0.0,18.1522,0.0234753,18.1288,0.0
250,9,3.83000007629,0.165634498149,0.0,14.1836,0.00492552,14.1787,0.0
376,14,2.70000183105,0.117811746057,7.62939453125e-06,12.8235,0.00214032,12.8213,0.0
493,19,2.78000114441,0.114278135095,7.62939453125e-06,12.0102,0.000821558,12.0094,0.0
642,24,2.30000228882,0.0981644299161,0.0,11.4952,0.000260177,11.495,0.0
762,29,2.25000160217,0.0988683531247,0.0,11.5153,0.000207249,11.5151,0.0
892,34,2.11000190735,0.10104325556,0.0,11.2662,0.000115122,11.2661,0.0
1010,39,2.07000183105,0.0962765257386,0.0,11.0904,5.51823e-05,11.0903,0.0
1137,44,1.77000205994,0.0979665106814,0.0,11.4037,3.68904e-05,11.4037,0.0
1256,49,2.03000167847,0.109103599697,7.62939453125e-06,10.6574,1.79681e-05,10.6574,0.0
1390,54,1.85000190735,0.0960820564092,7.62939453125e-06,10.0727,3.52322e-05,10.0727,0.0
1542,59,1.72000267029,0.0869701879402,0.0,10.8007,1.45326e-05,10.8007,0.0
1703,64,1.56000289917,0.0922914850828,0.0,10.3153,1.38168e-05,10.3153,0.0
1861,69,1.91000190735,0.102869639024,0.0,9.93375,1.04852e-05,9.93373,0.0
2029,74,1.71000282288,0.0969538475503,7.62939453125e-06,10.4142,1.29109e-05,10.4142,0.0
2213,79,1.56000244141,0.0912557393045,7.62939453125e-06,10.3747,9.70452e-06,10.3747,0.0
2410,84,1.55000213623,0.0937270420464,7.62939453125e-06,10.4256,3.14114e-06,10.4256,0.0
2604,89,1.59000205994,0.0951841132334,7.62939453125e-06,10.2528,3.38671e-06,10.2528,0.0
2802,94,1.50000259399,0.0910713029758,0.0,10.098,4.34988e-06,10.098,0.0
3003,99,1.55000190735,0.0928489913675,7.62939453125e-06,9.95422,1.33916e-05,9.95421,0.0
3203,104,1.5600025177,0.0942820116156,7.62939453125e-06,9.99133,2.93608e-06,9.99132,0.0
3398,109,1.52000213623,0.0931820755336,0.0,9.60988,3.42124e-06,9.60988,0.0
3613,114,1.53000221252,0.093738904458,0.0,9.65345,6.20193e-06,9.65345,0.0
3801,119,1.52000205994,0.0844860529838,0.0,10.1049,1.81793e-06,10.1049,0.0
3990,124,1.35000267029,0.0855562683183,0.0,9.65088,1.82627e-06,9.65088,0.0
4192,129,1.55000205994,0.0941805385396,0.0,9.61053,3.35674e-06,9.61053,0.0
4387,134,1.45000244141,0.0839841266442,0.0,9.24059,1.45911e-06,9.24059,0.0
4590,139,1.54000152588,0.0936193198944,0.0,9.56566,2.94559e-06,9.56565,0.0
4791,144,1.46000221252,0.0933257695498,7.62939453125e-06,9.3038,9.75126e-07,9.3038,0.0
5003,149,1.36000221252,0.0904292475385,7.62939453125e-06,10.2982,2.55579e-06,10.2982,0.0
5207,154,1.47000198364,0.0986200131878,7.62939453125e-06,9.3718,2.83829e-06,9.37179,0.0
5406,159,1.43000198364,0.0933046619715,0.0,9.57913,9.00026e-07,9.57912,0.0
5607,164,1.44000282288,0.0919108380176,7.62939453125e-06,9.41276,9.09564e-07,9.41276,0.0
5807,169,1.38000221252,0.0952277244651,7.62939453125e-06,9.36466,8.19355e-06,9.36465,0.0
5993,174,1.41000244141,0.0940627644559,7.62939453125e-06,9.61663,6.5122e-06,9.61662,0.0
6176,179,1.27000205994,0.0871133788931,7.62939453125e-06,9.47471,8.72605e-07,9.47471,0.0
6366,184,1.35000228882,0.0951700347959,7.62939453125e-06,9.87006,9.4771e-07,9.87006,0.0
6550,189,1.33000244141,0.0935779833536,7.62939453125e-06,9.3384,6.58033e-07,9.3384,0.0
6736,194,1.34000190735,0.0788524469436,0.0,9.48744,9.93002e-07,9.48744,0.0
6922,199,1.33000198364,0.0899430914323,0.0,9.28423,1.24332e-06,9.28422,0.0
7109,204,1.33000213623,0.0987379163505,7.62939453125e-06,9.97759,4.6253e-07,9.97759,0.0
7301,209,1.27000236511,0.0875074106247,0.0,9.29289,7.79623e-07,9.29289,0.0
7495,214,1.28000328064,0.0878234165919,7.62939453125e-06,9.24306,6.22269e-07,9.24306,0.0
7688,219,1.26000236511,0.0811748334589,0.0,9.5117,7.20019e-07,9.5117,0.0
7882,224,1.34000320435,0.0880354574081,7.62939453125e-06,9.13773,3.37319e-06,9.13773,0.0
8073,229,1.41000236511,0.100124661342,7.62939453125e-06,9.32561,5.6505e-07,9.32561,0.0
8266,234,1.34000267029,0.0984279476001,7.62939453125e-06,9.41778,2.16961e-07,9.41778,0.0
8461,239,1.30000221252,0.0855677478472,0.0,9.17668,8.47573e-07,9.17668,0.0
8505,240,1.25000221252,0.0842560434768,0.0,9.07395,5.34057e-07,9.07395,0.0
8551,241,1.13000198364,0.0851860509772,7.62939453125e-06,9.27677,6.9022e-07,9.27677,0.0
8597,242,1.16000236511,0.0795986283819,0.0,9.47566,1.22067e-06,9.47566,0.0
8642,243,1.22000244141,0.0880182310836,0.0,9.14256,5.59089e-07,9.14256,0.0
8686,244,1.20000183105,0.0900335972394,0.0,9.25939,1.05261e-06,9.25939,0.0
8728,245,1.26000167847,0.0941332130763,0.0,9.1348,8.01083e-07,9.1348,0.0
8778,246,1.29000198364,0.0929096556874,7.62939453125e-06,9.41867,4.87564e-07,9.41867,0.0
8826,247,1.28000144958,0.100777705016,7.62939453125e-06,9.27707,2.03724e-06,9.27706,0.0
8872,248,1.18000190735,0.0814825930673,0.0,9.29611,9.19094e-07,9.29611,0.0
8920,249,1.28000198364,0.0889784495436,7.62939453125e-06,9.17257,5.04253e-07,9.17257,0.0
