175,4,3.68000160217,0.177651194334,0.0,18.7397,0.0431981,18.5418,0.154719
355,9,2.57000190735,0.114559302777,0.0,14.3319,0.0153502,14.109,0.207517
532,14,2.11000259399,0.100683395658,0.0,13.3453,0.0101151,13.1674,0.167838
709,19,2.26000320435,0.0999419680052,7.62939453125e-06,12.4527,0.00813576,12.2864,0.158081
887,24,2.03000244141,0.0910927244276,0.0,11.8468,0.00662511,11.7044,0.135791
1065,29,1.81000305176,0.0895718664769,7.62939453125e-06,11.4996,0.00568784,11.3446,0.149327
1243,34,1.70000419617,0.0847515337449,7.62939453125e-06,11.4331,0.00554447,11.3229,0.104639
1420,39,1.6400037384,0.0812330388511,7.62939453125e-06,11.5433,0.00580155,11.3918,0.145679
1596,44,1.60000320435,0.0786237540096,0.0,10.8376,0.00446143,10.6701,0.163067
1771,49,1.63000350952,0.0799762021843,7.62939453125e-06,11.1484,0.00430889,10.9544,0.189624
1947,54,1.63000328064,0.0800411022687,7.62939453125e-06,11.1663,0.00362306,11.0101,0.152536
2122,59,1.6000037384,0.0761665315134,7.62939453125e-06,11.0325,0.0038355,10.8473,0.181368
2296,64,1.68000305176,0.0798830007156,0.0,10.989,0.00368234,10.8314,0.15396
2470,69,1.63000350952,0.0747722433647,7.62939453125e-06,10.4516,0.00346095,10.2909,0.157222
2644,74,1.66000320435,0.0842955629854,7.62939453125e-06,10.8439,0.00322206,10.6446,0.19607
2818,79,1.62000305176,0.0797133704741,0.0,10.6286,0.00316206,10.4647,0.160763
2992,84,1.63000358582,0.0752038663952,7.62939453125e-06,10.1845,0.00305696,10.0275,0.153906
3166,89,1.55000328064,0.0753613356804,7.62939453125e-06,10.1277,0.00356296,9.97927,0.144837
3340,94,1.64000328064,0.0782676066831,0.0,10.4772,0.00302509,10.2888,0.185348
3515,99,1.52000358582,0.0763462479319,7.62939453125e-06,10.2721,0.0029507,10.1407,0.128494
3689,104,1.48000358582,0.0726936287386,0.0,10.4343,0.00319465,10.2437,0.187448
3863,109,1.53000350952,0.0798466493725,0.0,10.5074,0.00422925,10.3822,0.120942
4037,114,1.5400038147,0.084453253164,0.0,10.3886,0.00294034,10.2371,0.148617
4212,119,1.60000442505,0.0749860060075,7.62939453125e-06,10.5396,0.00269264,10.4056,0.131359
4386,124,1.5300038147,0.0775762995658,0.0,10.229,0.00264882,10.0392,0.187251
4560,129,1.51000343323,0.075343271012,7.62939453125e-06,10.0104,0.00259273,9.83801,0.169805
4734,134,1.47000366211,0.0717489018943,0.0,10.3663,0.00269158,10.1711,0.192483
4909,139,1.5800037384,0.0737937557767,0.0,10.3779,0.00259615,10.1644,0.210868
5083,144,1.48000358582,0.0731233085436,0.0,9.93947,0.00251513,9.76179,0.175164
5257,149,1.52000335693,0.0711155324988,0.0,10.4355,0.00272563,10.3197,0.113038
5431,154,1.51000289917,0.0757518838719,7.62939453125e-06,10.5089,0.00269781,10.325,0.1812
5606,159,1.49000328064,0.0757370958128,7.62939453125e-06,9.80963,0.00235244,9.7177,0.089575
5780,164,1.46000312805,0.0765644292487,7.62939453125e-06,10.3728,0.00244901,10.2104,0.159887
5954,169,1.49000343323,0.0735244218819,7.62939453125e-06,9.92357,0.00235279,9.74249,0.17872
6128,174,1.49000343323,0.0727299937978,0.0,9.71712,0.0022668,9.52999,0.18486
6303,179,1.48000312805,0.0766942275222,0.0,9.7529,0.0023133,9.63298,0.117602
6477,184,1.50000427246,0.0759436558979,7.62939453125e-06,10.0751,0.00206848,9.94114,0.131875
6651,189,1.51000335693,0.0772084142244,7.62939453125e-06,9.94396,0.00219636,9.63865,0.303107
6825,194,1.44000411987,0.0736296355375,0.0,9.80844,0.00211209,9.57902,0.227308
7000,199,1.4400038147,0.0745409257314,0.0,10.1088,0.00215097,10.0186,0.0880094
7174,204,1.4100038147,0.0768592257006,0.0,9.58052,0.00204179,9.38152,0.196965
7348,209,1.4200037384,0.0710018689814,0.0,9.61667,0.00221783,9.39504,0.219407
7522,214,1.37000328064,0.0733552475926,0.0,9.68516,0.00204103,9.53047,0.152655
7697,219,1.34000335693,0.0729697440146,7.62939453125e-06,9.46806,0.00225564,9.24464,0.22116
7871,224,1.43000396729,0.0728288833401,7.62939453125e-06,10.3691,0.00221696,10.1538,0.21307
8046,229,1.50000358582,0.0687897670059,0.0,10.0044,0.00220448,9.82795,0.174267
8221,234,1.4600038147,0.0757085752813,0.0,9.81657,0.00210323,9.56199,0.252477
8396,239,1.42000358582,0.073112096407,0.0,9.42576,0.00211043,9.2613,0.16235
8434,240,1.37000358582,0.075632866791,0.0,9.83551,0.00199181,9.66102,0.172496
8472,241,1.41000366211,0.074440945934,0.0,10.211,0.00190811,9.98109,0.227966
8508,242,1.48000343323,0.0710345120286,0.0,9.77975,0.00208227,9.57868,0.198989
8546,243,1.44000312805,0.0722367673018,7.62939453125e-06,10.0528,0.00220186,9.72798,0.32258
8584,244,1.45000366211,0.0769521884737,7.62939453125e-06,9.81817,0.00222212,9.5873,0.228644
8622,245,1.3700037384,0.0728785213293,0.0,9.71608,0.00200388,9.50139,0.212685
8660,246,1.43000419617,0.072217779404,7.62939453125e-06,9.89907,0.00202263,9.70759,0.189459
8698,247,1.47000328064,0.0734873896022,0.0,9.73794,0.00210328,9.5572,0.178629
8735,248,1.50000358582,0.0740928896889,0.0,9.89412,0.00214432,9.64935,0.24263
8773,249,1.45000312805,0.0724783233437,7.62939453125e-06,9.68607,0.00198473,9.5465,0.137587
