217,4,3.40000076294,0.169617084414,7.62939453125e-06,18.2004,0.0382784,17.9901,0.171996
433,9,3.00000076294,0.153231753968,7.62939453125e-06,14.7668,0.0119698,14.5313,0.22353
617,14,2.50000152588,0.152179580182,7.62939453125e-06,13.417,0.00828257,13.2863,0.122418
650,15,2.60000228882,0.133930506557,0.0,12.7601,0.010707,12.6548,0.0946031
683,16,2.70000076294,0.134796930104,0.0,12.7235,0.00595669,12.537,0.180494
716,17,2.50000228882,0.135863002762,0.0,12.673,0.00578123,12.5312,0.136037
749,18,2.6,0.140271047689,0.0,12.4764,0.00537088,12.3436,0.127345
782,19,2.7,0.134799965099,0.0,12.5193,0.00551334,12.3258,0.188006
817,20,2.70000152588,0.145822704583,0.0,12.8845,0.00505436,12.7373,0.142191
856,21,2.70000076294,0.132719561271,0.0,12.1673,0.00526008,11.9543,0.207764
896,22,2.60000305176,0.141557882726,0.0,12.2286,0.00508369,12.0387,0.184777
936,23,2.20000076294,0.125384265184,7.62939453125e-06,12.2725,0.00428284,12.0228,0.24548
975,24,2.4000038147,0.146945152525,0.0,11.9434,0.00419286,11.7625,0.176721
