172,4,3.29000015259,0.144219306884,3.0517578125e-06,12.5112,0.00348616,12.5077,0.0
348,9,2.3200012207,0.113513449673,3.81469726562e-06,10.8366,0.000376859,10.8362,0.0
524,14,2.2200012207,0.118043410019,4.57763671875e-06,9.82363,9.04471e-05,9.82354,0.0
700,19,1.99000175476,0.102791477903,1.52587890625e-06,9.64304,6.3088e-05,9.64298,0.0
878,24,1.81000221252,0.100226272759,3.81469726562e-06,9.55306,6.33461e-05,9.55299,0.0
1057,29,1.89000099182,0.103072262154,3.0517578125e-06,9.37919,2.01715e-05,9.37917,0.0
1235,34,1.67000205994,0.107533900392,5.34057617187e-06,9.48793,4.49238e-05,9.48788,0.0
1413,39,1.61000198364,0.102515161268,1.52587890625e-06,8.57729,3.44007e-05,8.57725,0.0
1590,44,1.65000175476,0.101929800669,3.81469726562e-06,9.32055,8.68182e-06,9.32054,0.0
1769,49,1.80000167847,0.10766850855,3.81469726562e-06,8.82378,1.17147e-05,8.82377,0.0
1947,54,1.700001297,0.0941256459296,3.0517578125e-06,9.00345,8.25015e-06,9.00344,0.0
2124,59,1.54000167847,0.0950871139718,2.28881835937e-06,8.95552,7.91524e-06,8.95551,0.0
2303,64,1.58000175476,0.0948608800577,6.103515625e-06,8.20724,1.26167e-05,8.20723,0.0
2482,69,1.39000205994,0.0975120748673,6.103515625e-06,9.57527,3.38789e-06,9.57526,0.0
2666,74,1.450001297,0.0940130806828,5.34057617187e-06,9.18074,6.2047e-06,9.18073,0.0
2843,79,1.46000190735,0.0897598910463,7.62939453125e-06,8.53465,1.80783e-05,8.53463,0.0
3022,84,1.45000198364,0.0875500372984,6.103515625e-06,8.88574,5.73368e-06,8.88573,0.0
3208,89,1.35000167847,0.0890656596018,6.103515625e-06,9.81781,7.24674e-06,9.8178,0.0
3386,94,1.29000259399,0.0929022322362,4.57763671875e-06,8.29193,5.35826e-06,8.29193,0.0
3569,99,1.36000228882,0.0947495355527,6.86645507813e-06,8.72649,4.0614e-06,8.72649,0.0
3753,104,1.34000175476,0.085319333618,4.57763671875e-06,8.21787,4.89217e-06,8.21787,0.0
3937,109,1.42000213623,0.0897530829662,1.52587890625e-06,8.56288,3.45129e-05,8.56285,0.0
4131,114,1.26000213623,0.0868984601909,3.81469726562e-06,8.63869,4.37008e-06,8.63869,0.0
4311,119,1.31000205994,0.0860894516809,7.62939453125e-07,8.71321,2.15527e-06,8.71321,0.0
4491,124,2.01000114441,0.152151864286,4.57763671875e-06,8.53597,1.76308e-06,8.53597,0.0
4686,129,1.32000267029,0.0865899630512,3.81469726562e-06,8.31216,4.30442e-06,8.31216,0.0
4867,134,1.39000175476,0.0913298124881,1.52587890625e-06,8.63537,2.33291e-06,8.63537,0.0
5063,139,1.32000205994,0.0824808929775,2.28881835937e-06,8.0915,1.61527e-06,8.0915,0.0
5267,144,1.24000167847,0.0823171035458,5.34057617187e-06,8.4982,6.22821e-05,8.49814,0.0
5447,149,1.34000228882,0.0872002619946,4.57763671875e-06,8.01375,1.7774e-06,8.01375,0.0
5645,154,1.30000213623,0.0872078112207,7.62939453125e-07,8.11784,8.82505e-06,8.11784,0.0
5842,159,1.32000221252,0.0773962744586,4.57763671875e-06,8.30218,8.09425e-07,8.30218,0.0
6022,164,1.29000282288,0.0833640615182,4.57763671875e-06,8.13466,2.54747e-06,8.13466,0.0
6200,169,1.36000160217,0.0895817279383,3.81469726562e-06,8.59268,2.94796e-06,8.59268,0.0
6393,174,1.340001297,0.0807162221441,5.34057617187e-06,8.7324,2.21368e-06,8.7324,0.0
6583,179,1.30000228882,0.0859029299443,2.28881835937e-06,8.34057,1.69157e-06,8.34057,0.0
6771,184,1.26000221252,0.0829690353385,3.81469726562e-06,8.52343,9.9062e-07,8.52343,0.0
6967,189,1.27000167847,0.0817283537444,5.34057617187e-06,8.06124,1.28388e-06,8.06124,0.0
7161,194,1.2200025177,0.0855031341404,3.0517578125e-06,8.14828,1.44838e-06,8.14828,0.0
7342,199,1.23000221252,0.0863779634218,6.103515625e-06,7.84715,8.60688e-07,7.84715,0.0
7525,204,1.24000228882,0.086077429967,3.81469726562e-06,8.77534,4.51642e-06,8.77534,0.0
7702,209,1.30000152588,0.0834605513749,2.28881835937e-06,8.22895,5.80548e-07,8.22895,0.0
7879,214,1.16000320435,0.0796378537717,4.57763671875e-06,8.28375,6.58034e-07,8.28375,0.0
8056,219,1.18000274658,0.0750320453751,3.0517578125e-06,8.07018,1.2493e-06,8.07018,0.0
8231,224,1.19000205994,0.0784339194046,4.57763671875e-06,8.17973,1.6522e-06,8.17972,0.0
8406,229,1.14000236511,0.0784701572785,4.57763671875e-06,7.99376,7.8797e-07,7.99376,0.0
8582,234,1.14000205994,0.0744187218826,5.34057617187e-06,8.41662,4.52995e-07,8.41662,0.0
8758,239,1.04000190735,0.0763444933381,3.81469726562e-06,8.5171,6.71146e-07,8.5171,0.0
8796,240,1.10000297546,0.077200629568,3.0517578125e-06,7.96067,5.91276e-07,7.96067,0.0
8834,241,1.13000244141,0.0786200590322,4.57763671875e-06,7.96029,1.17897e-06,7.96029,0.0
8872,242,1.08000175476,0.0798298482454,7.62939453125e-06,7.48526,2.05155e-06,7.48525,0.0
8910,243,1.0500025177,0.0768477539793,6.86645507813e-06,7.78293,5.22135e-07,7.78293,0.0
8948,244,1.04000274658,0.0724488516041,2.28881835937e-06,7.61062,7.35519e-07,7.61062,0.0
8985,245,1.10000244141,0.0757027208005,5.34057617187e-06,7.5309,5.06639e-07,7.5309,0.0
9023,246,1.06000267029,0.0820943920375,3.81469726562e-06,7.40377,1.52465e-06,7.40377,0.0
9060,247,1.10000160217,0.0780271395716,3.0517578125e-06,7.61389,6.85449e-07,7.61389,0.0
9098,248,1.10000213623,0.082282150505,3.81469726562e-06,8.18755,5.53128e-07,8.18755,0.0
9136,249,1.13000221252,0.0771529309902,3.81469726562e-06,8.38888,6.96172e-07,8.38888,0.0
