134,4,5.91999832153,0.262914684266,0.0,17.8982,0.0172202,17.8809,0.0
273,9,3.54000076294,0.16242030181,7.62939453125e-06,13.5566,0.0045391,13.5521,0.0
415,14,2.88000038147,0.137467768397,0.0,12.6553,0.00138484,12.6539,0.0
559,19,2.46000076294,0.108696099911,0.0,11.7529,0.000604037,11.7523,0.0
702,24,2.38000068665,0.105958603257,7.62939453125e-06,11.3383,0.000445934,11.3379,0.0
858,29,2.08000068665,0.0976016568765,0.0,11.5301,0.00014291,11.53,0.0
1005,34,2.01000152588,0.0936593311187,0.0,11.3322,8.51463e-05,11.3321,0.0
1146,39,1.95000068665,0.104961720007,0.0,10.9687,3.48846e-05,10.9687,0.0
1288,44,2.06000137329,0.0993314528838,7.62939453125e-06,10.7074,2.1558e-05,10.7074,0.0
1429,49,1.950001297,0.0989353589434,7.62939453125e-06,10.9061,2.03203e-05,10.906,0.0
1570,54,1.77000152588,0.0912986950472,0.0,10.5959,1.59019e-05,10.5959,0.0
1718,59,1.62000137329,0.0927885226835,0.0,10.4016,1.18357e-05,10.4016,0.0
1874,64,1.83000144958,0.100720283112,0.0,10.5753,9.2509e-06,10.5753,0.0
2028,69,1.81000076294,0.0915777156572,7.62939453125e-06,10.4737,4.3368e-06,10.4737,0.0
2170,74,1.81000213623,0.103507893564,7.62939453125e-06,10.0824,4.16027e-06,10.0824,0.0
2310,79,1.62000190735,0.0937362673378,0.0,9.94944,5.90774e-06,9.94943,0.0
2461,84,1.580001297,0.0906190034177,7.62939453125e-06,9.86949,3.78367e-06,9.86949,0.0
2603,89,1.660001297,0.0886263272073,0.0,9.96464,2.1267e-05,9.96462,0.0
2750,94,1.60000175476,0.0982605022867,0.0,9.67024,4.46188e-06,9.67023,0.0
2892,99,1.7500012207,0.100000162434,0.0,10.3221,4.59167e-06,10.3221,0.0
3034,104,1.56000137329,0.0878321706603,0.0,9.5551,2.64762e-06,9.5551,0.0
3176,109,1.55000076294,0.0937600062531,7.62939453125e-06,9.92951,3.07793e-06,9.92951,0.0
3318,114,1.610001297,0.0956243105752,7.62939453125e-06,9.67015,3.77166e-06,9.67015,0.0
3462,119,1.60000167847,0.0988391846453,0.0,9.51087,5.24727e-06,9.51087,0.0
3603,124,1.60000183105,0.108077221261,7.62939453125e-06,9.58001,1.93116e-06,9.58001,0.0
3751,129,1.59000198364,0.0959974576609,7.62939453125e-06,9.47619,4.52471e-06,9.47618,0.0
3865,134,1.40000244141,0.0888387545483,7.62939453125e-06,9.8506,3.78005e-06,9.8506,0.0
3981,139,1.48000175476,0.102922685359,0.0,9.85243,1.24692e-06,9.85243,0.0
4095,144,1.57000205994,0.0928590831719,7.62939453125e-06,9.30255,1.99668e-06,9.30255,0.0
4223,149,1.54000190735,0.102008447075,7.62939453125e-06,9.26224,5.41737e-06,9.26223,0.0
4352,154,1.51000167847,0.0958434220904,7.62939453125e-06,9.2455,1.55805e-06,9.2455,0.0
4472,159,1.48000198364,0.0995377267618,0.0,9.29245,8.20156e-07,9.29245,0.0
4588,164,1.5000012207,0.0949225065138,7.62939453125e-06,9.41242,2.15408e-06,9.41242,0.0
4701,169,1.60000190735,0.105590107861,0.0,9.39415,1.46268e-06,9.39415,0.0
4817,174,1.55000183105,0.095707826023,0.0,9.42581,4.49418e-07,9.42581,0.0
4933,179,1.64000152588,0.104141225502,7.62939453125e-06,9.34812,6.69955e-07,9.34812,0.0
5077,184,1.47000198364,0.104673088751,7.62939453125e-06,9.19417,1.0693e-06,9.19417,0.0
5193,189,1.44000175476,0.0913775283459,0.0,9.03443,1.87154e-06,9.03443,0.0
5327,194,1.56000259399,0.102961209423,7.62939453125e-06,9.24858,1.18135e-06,9.24858,0.0
5461,199,1.53000183105,0.105091025048,7.62939453125e-06,8.97001,0.000153313,8.96985,0.0
5576,204,1.58000190735,0.108001309338,7.62939453125e-06,9.27255,8.01082e-07,9.27255,0.0
5692,209,1.53000198364,0.106098856808,7.62939453125e-06,9.19464,8.23732e-07,9.19464,0.0
5809,214,1.55000236511,0.114693097076,7.62939453125e-06,9.14405,3.33786e-07,9.14405,0.0
5950,219,1.54000137329,0.102854527118,0.0,9.24688,1.13249e-07,9.24688,0.0
6067,224,1.52000175476,0.0984158825479,7.62939453125e-06,9.10781,2.95501e-06,9.10781,0.0
6183,229,1.42000267029,0.108121219552,0.0,9.28538,3.09944e-07,9.28538,0.0
6309,234,1.42000289917,0.10558731379,7.62939453125e-06,9.03916,4.17675e-06,9.03916,0.0
6468,239,1.59000160217,0.103798506071,0.0,9.17068,9.75113e-07,9.17068,0.0
6506,240,1.51000160217,0.10825080287,7.62939453125e-06,9.09635,1.32337e-05,9.09634,0.0
6534,241,1.45000160217,0.110539302682,0.0,9.344,4.06502e-07,9.344,0.0
6560,242,1.53000213623,0.11185291396,0.0,9.11608,8.78567e-07,9.11608,0.0
6589,243,1.48000236511,0.104412346614,7.62939453125e-06,9.30837,4.12462e-07,9.30837,0.0
6615,244,1.48000221252,0.112110301843,7.62939453125e-06,9.07591,5.85311e-07,9.07591,0.0
6642,245,1.46000198364,0.0975589994628,0.0,9.37715,5.82928e-07,9.37715,0.0
6670,246,1.64000190735,0.112747867227,7.62939453125e-06,8.83402,2.51754e-06,8.83402,0.0
6696,247,1.4900025177,0.109900270446,0.0,8.79664,4.24384e-07,8.79664,0.0
6725,248,1.54000205994,0.113077298615,7.62939453125e-06,8.99519,1.11817e-06,8.99519,0.0
6752,249,1.57000236511,0.0989586588147,0.0,9.11118,5.41208e-07,9.11118,0.0
