297,4,12.1700011826,0.533948022053,0.0,9.35557,0.0628414,8.95645,0.336275
654,9,12.0200012207,0.563663685285,0.0,7.87314,0.0264224,7.47554,0.371178
1009,14,11.5800006866,0.556657269225,0.0,7.34609,0.0194121,7.02464,0.302037
1364,19,11.7500013733,0.598629809916,0.0,6.75149,0.0158028,6.42288,0.312812
1719,24,11.6300009537,0.595377163552,0.0,6.55936,0.0128783,6.22096,0.325516
2076,29,11.4000008392,0.605067354664,0.0,6.94237,0.0112557,6.45786,0.473254
2432,34,11.3000009155,0.605028029941,0.0,6.75422,0.0103127,6.29502,0.448888
2789,39,11.4100012207,0.618652671073,0.0,6.70696,0.0102034,6.42481,0.27195
3147,44,11.2600011063,0.618516287655,0.0,6.60405,0.00835405,6.29586,0.299832
3502,49,11.2600011063,0.6132396458,0.0,6.441,0.00827163,6.04226,0.390465
3855,54,11.4900012589,0.650350362696,0.0,6.88153,0.00811604,6.34458,0.528834
4207,59,11.5100010681,0.658056768458,0.0,6.37467,0.0148046,5.81937,0.540501
4561,64,11.4100010681,0.651834339611,0.0,5.86482,0.00690349,5.5816,0.276313
4915,69,11.4700011063,0.672168195257,0.0,6.21247,0.00702074,5.87219,0.33326
5269,74,11.4500006866,0.658631700128,0.0,6.1532,0.00662634,5.72276,0.423808
5622,79,11.4200015259,0.681835038923,0.0,6.04106,0.00628876,5.66343,0.371346
5973,84,11.3100013733,0.649035129361,0.0,5.75042,0.00598843,5.43188,0.312549
6325,89,11.5000013733,0.686265572179,0.0,5.90397,0.00605728,5.39637,0.501534
6677,94,11.5200008011,0.672505502515,0.0,6.08381,0.00538811,5.53282,0.545603
7035,99,11.3900009537,0.664164490961,0.0,5.78858,0.00615283,5.25402,0.528404
7388,104,11.5600008392,0.72128042005,0.0,6.17198,0.00561182,5.65711,0.509253
7741,109,11.8000009918,0.71668959883,0.0,5.48787,0.00563326,5.24191,0.24033
8108,114,11.530001297,0.692393207625,0.0,6.0629,0.00549557,5.67115,0.386254
8469,119,11.5100008392,0.687784084715,0.0,6.19173,0.00496738,5.65417,0.532597
8825,124,11.3500013351,0.680570080355,0.0,5.68755,0.00529741,5.25427,0.427976
9177,129,11.4000008011,0.691353656277,0.0,5.90617,0.0052194,5.49594,0.40501
9530,134,11.5900008011,0.671586711062,0.0,6.02026,0.00480925,5.62235,0.3931
9886,139,11.5500013733,0.705351421088,0.0,5.62323,0.00533244,5.37538,0.242512
10243,144,11.7100013733,0.717185508162,0.0,5.73313,0.00511789,5.38142,0.346585
10621,149,11.6300011826,0.717670769542,0.0,5.91504,0.00520155,5.46249,0.447346
10987,154,11.6700011444,0.704689944759,0.0,5.95734,0.00488482,5.41222,0.540237
11297,159,11.5800009537,0.702897440763,0.0,5.62384,0.00480012,5.20362,0.415418
11607,164,11.6200008392,0.715289796218,0.0,5.88284,0.00484797,5.25914,0.618853
11917,169,11.6000012207,0.728100674674,0.0,5.93389,0.00441357,5.53153,0.397948
12228,174,11.7200009155,0.714487517392,0.0,5.62889,0.00426525,5.21367,0.410961
12538,179,11.62000103,0.72196613878,0.0,5.57534,0.00448834,5.15949,0.411357
12848,184,11.4600010681,0.70082897529,0.0,6.178,0.00437449,5.69115,0.482481
13155,189,11.6400011444,0.739921488557,0.0,5.70682,0.00439095,5.29902,0.403418
13446,194,11.6400012589,0.725467213076,0.0,6.02321,0.00434054,5.51449,0.504379
13737,199,11.5700008392,0.725324340761,0.0,5.93536,0.00430815,5.53565,0.395393
14027,204,11.6000012207,0.701485090908,0.0,5.93561,0.00416147,5.543,0.388444
14317,209,11.7100009918,0.746440126002,0.0,5.53136,0.00400161,4.97701,0.550346
14608,214,11.6100008774,0.725884623453,0.0,5.73421,0.00405108,5.19693,0.533226
14898,219,11.600001297,0.721871923599,0.0,5.5807,0.00434647,5.17274,0.403615
15189,224,11.6500014114,0.726113136709,0.0,5.86858,0.00409391,5.32922,0.535266
15480,229,11.5700008392,0.706568739158,0.0,5.80383,0.00402146,5.28373,0.516085
15770,234,11.5300009918,0.699282456501,0.0,5.35048,0.00430208,4.99143,0.354747
16061,239,11.600001297,0.722594259307,0.0,5.38169,0.00424321,5.10746,0.269981
16122,240,11.5400012207,0.715211975463,0.0,5.50749,0.00415844,5.22138,0.281957
16183,241,11.6000007248,0.738652650937,0.0,5.87592,0.00410325,5.44837,0.423444
16245,242,11.6000012589,0.720766138248,0.0,5.59393,0.00376661,5.27135,0.318811
16307,243,11.6700011444,0.736492271926,0.0,5.50172,0.00408981,5.0171,0.480535
16368,244,11.5300010681,0.709691707045,0.0,5.87665,0.00417375,5.39194,0.480537
16430,245,11.4900004959,0.707979965396,0.0,5.5207,0.0039939,5.04389,0.47282
16491,246,11.5800012589,0.718685989305,0.0,5.76291,0.004045,5.18653,0.572341
16553,247,11.6900014114,0.725816940591,0.0,5.75443,0.00406406,5.33134,0.41903
16614,248,11.670001297,0.742886307724,0.0,6.20854,0.00387214,5.71898,0.485694
16675,249,11.5800008774,0.724627973437,0.0,6.02052,0.00389637,5.48776,0.528864
