152,4,10.3400009155,0.433566816971,0.0,9.34457,0.0170518,9.32752,0.0
315,9,6.03000045776,0.24679552082,0.0,7.68711,0.00582665,7.68128,0.0
474,14,4.87000110626,0.188996188217,0.0,6.61099,0.00193896,6.60905,0.0
634,19,3.25000080109,0.135455447759,0.0,6.39974,0.00073576,6.39901,0.0
793,24,2.9300005722,0.119681575019,0.0,6.16717,0.000303899,6.16687,0.0
952,29,3.11000102997,0.143647216926,0.0,5.99288,0.000203235,5.99268,0.0
1112,34,2.70000114441,0.112374719803,0.0,6.03571,0.000151162,6.03556,0.0
1271,39,2.53000053406,0.112491382477,0.0,6.06459,9.2699e-05,6.0645,0.0
1429,44,2.71000095367,0.131392543471,0.0,5.78587,3.83257e-05,5.78583,0.0
1586,49,2.58000087738,0.128048166444,0.0,5.73077,3.00052e-05,5.73074,0.0
1742,54,2.31000099182,0.105569667406,0.0,5.63103,1.57133e-05,5.63102,0.0
1896,59,2.60000118256,0.143130417962,0.0,5.51143,0.000124597,5.51131,0.0
2052,64,2.4800005722,0.126303145389,0.0,5.56469,1.00301e-05,5.56468,0.0
2207,69,2.66000072479,0.122782624176,0.0,5.48753,1.13698e-05,5.48752,0.0
2362,74,1.94000080109,0.107015027674,0.0,5.43009,6.20119e-06,5.43009,0.0
2518,79,2.17000095367,0.118864120072,0.0,5.45757,1.32601e-05,5.45755,0.0
2672,84,2.3100005722,0.118968342153,0.0,5.43974,9.79156e-06,5.43973,0.0
2827,89,2.8800006485,0.136941126604,0.0,5.27319,1.22467e-05,5.27318,0.0
2983,94,2.42000095367,0.117519495336,0.0,5.24699,1.19754e-05,5.24698,0.0
3138,99,2.3600012207,0.130732671614,0.0,5.23538,6.60867e-06,5.23537,0.0
3293,104,1.85000110626,0.110368731979,0.0,5.21577,5.69082e-06,5.21577,0.0
3448,109,1.97000095367,0.109912769757,0.0,5.1447,3.27585e-06,5.1447,0.0
3603,114,1.69000125885,0.109500498537,0.0,5.21819,3.94815e-06,5.21819,0.0
3759,119,2.10000137329,0.116845882933,0.0,5.10489,5.6717e-06,5.10489,0.0
3915,124,2.60000099182,0.129466958979,0.0,5.04744,9.96001e-06,5.04743,0.0
4070,129,2.12000118256,0.124010043294,0.0,5.086,1.00316e-05,5.08599,0.0
4225,134,1.65000114441,0.0990839090632,0.0,5.21803,1.1754e-06,5.21803,0.0
4381,139,1.70000106812,0.112619753625,0.0,5.22848,1.3113e-06,5.22848,0.0
4535,144,1.91000072479,0.114568951694,0.0,5.03862,1.57594e-06,5.03862,0.0
4691,149,1.81000095367,0.101630636597,0.0,5.07581,2.32217e-06,5.07581,0.0
4847,154,1.86000125885,0.116671244919,0.0,5.04843,1.44719e-06,5.04843,0.0
5002,159,1.58000106812,0.0982893058257,0.0,5.07779,1.50202e-06,5.07779,0.0
5158,164,1.94000095367,0.101957685104,0.0,5.15537,7.99084e-06,5.15536,0.0
5314,169,2.08000118256,0.111733432435,0.0,4.74413,8.05853e-07,4.74413,0.0
5469,174,2.06000068665,0.120334723215,0.0,4.93612,2.22442e-06,4.93612,0.0
5622,179,1.77000106812,0.0992355934747,0.0,4.97424,1.36613e-06,4.97423,0.0
5778,184,2.00000080109,0.115664794632,0.0,5.06703,1.22308e-06,5.06703,0.0
5934,189,2.16000110626,0.123249769258,0.0,4.98574,2.2292e-06,4.98574,0.0
6090,194,2.32000110626,0.126828777877,0.0,5.06687,7.48632e-07,5.06687,0.0
6245,199,2.02000152588,0.117630451871,0.0,4.81263,3.65958e-06,4.81263,0.0
6400,204,1.75000114441,0.11375733509,0.0,5.28905,2.05754e-06,5.28904,0.0
6556,209,1.98000091553,0.125225045111,0.0,4.80098,2.04083e-06,4.80098,0.0
6712,214,1.79000087738,0.110441180987,0.0,4.98765,1.19209e-06,4.98764,0.0
6868,219,1.65000114441,0.107629835814,0.0,4.91022,0.000235209,4.90999,0.0
7024,224,1.77000053406,0.109242766027,0.0,4.89475,1.07288e-06,4.89475,0.0
7180,229,1.61000110626,0.102456892251,0.0,4.7743,1.1444e-06,4.7743,0.0
7336,234,1.96000087738,0.11103814435,0.0,4.99789,7.22407e-07,4.99789,0.0
7490,239,2.12000076294,0.120450630981,0.0,4.86843,4.57957e-06,4.86843,0.0
7529,240,1.72000106812,0.107640627196,0.0,4.76291,1.80718e-06,4.76291,0.0
7567,241,1.66000095367,0.109246624724,0.0,4.77701,9.3459e-07,4.777,0.0
7606,242,2.89000095367,0.140850615429,0.0,5.00655,1.23262e-06,5.00655,0.0
7645,243,2.71000099182,0.142248361556,0.0,4.8017,6.05582e-07,4.8017,0.0
7683,244,2.54000087738,0.133552440373,0.0,4.80922,3.47318e-05,4.80918,0.0
7722,245,2.18000083923,0.113143064505,0.0,4.72348,1.90731e-06,4.72347,0.0
7760,246,1.95000110626,0.117877674024,0.0,4.81823,1.34943e-06,4.81823,0.0
7798,247,1.89000133514,0.111955850776,0.0,4.78868,1.07526e-06,4.78868,0.0
7837,248,1.65000080109,0.11390654488,0.0,4.84163,7.31942e-07,4.84163,0.0
7875,249,2.23000061035,0.136368334473,0.0,4.92456,7.15251e-07,4.92456,0.0
