155,4,5.23999992371,0.24680903405,0.0,18.4404,0.0231261,18.4173,0.0
318,9,3.87000053406,0.158252306953,7.62939453125e-06,13.9025,0.0052456,13.8973,0.0
474,14,2.87000114441,0.125762072634,7.62939453125e-06,12.9737,0.00198207,12.9717,0.0
633,19,2.37000183105,0.0992280816473,7.62939453125e-06,12.0189,0.00103118,12.0179,0.0
788,24,2.26000198364,0.0985936310794,7.62939453125e-06,11.49,0.00036961,11.4897,0.0
944,29,2.04000160217,0.0960250893328,0.0,11.0259,0.000267799,11.0256,0.0
1100,34,1.81000228882,0.0885466928734,0.0,11.1358,0.00012453,11.1356,0.0
1255,39,1.88000267029,0.0927014335757,7.62939453125e-06,11.2489,6.72768e-05,11.2488,0.0
1410,44,1.91000274658,0.0926660043374,7.62939453125e-06,10.3665,2.96623e-05,10.3665,0.0
1564,49,1.72000228882,0.0906321078585,7.62939453125e-06,10.7483,5.08215e-05,10.7482,0.0
1718,54,1.85000221252,0.101236718026,0.0,10.762,3.53789e-05,10.762,0.0
1873,59,1.54000419617,0.0908879781535,0.0,10.5031,1.13425e-05,10.5031,0.0
2028,64,1.55000305176,0.0892441261257,7.62939453125e-06,10.5543,9.35286e-06,10.5543,0.0
2182,69,1.62000259399,0.0830962763401,0.0,10.0116,7.45879e-06,10.0116,0.0
2334,74,1.65000343323,0.0874605768168,7.62939453125e-06,10.177,4.94351e-06,10.177,0.0
2489,79,1.61000305176,0.0944860308142,0.0,9.98399,1.11506e-05,9.98398,0.0
2643,84,1.58000244141,0.0819778561307,7.62939453125e-06,9.78207,2.12073e-06,9.78206,0.0
2797,89,1.59000297546,0.0931100673927,7.62939453125e-06,9.70436,3.33425e-06,9.70436,0.0
2952,94,1.46000366211,0.0874339483556,0.0,9.92899,1.14477e-05,9.92898,0.0
3107,99,1.60000297546,0.0914213751105,7.62939453125e-06,9.71958,5.19618e-06,9.71958,0.0
3261,104,1.28000335693,0.0732588637638,0.0,9.88085,5.55843e-06,9.88084,0.0
3416,109,1.42000259399,0.0874214562366,0.0,9.92639,9.28336e-06,9.92638,0.0
3570,114,1.47000335693,0.0929705861186,0.0,9.77783,2.20416e-06,9.77783,0.0
3724,119,1.47000282288,0.0903337315505,7.62939453125e-06,10.0156,3.97068e-06,10.0156,0.0
3880,124,1.32000328064,0.0927226945106,0.0,9.62759,2.33291e-06,9.62758,0.0
4035,129,1.34000267029,0.090436400188,7.62939453125e-06,9.37715,1.38759e-06,9.37715,0.0
4190,134,1.46000297546,0.0927465826002,7.62939453125e-06,9.75769,9.3579e-07,9.75769,0.0
4345,139,1.28000320435,0.085364899615,7.62939453125e-06,9.60622,2.2554e-06,9.60622,0.0
4499,144,1.24000366211,0.076667423232,0.0,9.30292,3.99204e-06,9.30292,0.0
4654,149,1.44000320435,0.0870941424934,0.0,9.90779,3.79906e-06,9.90779,0.0
4809,154,1.2900025177,0.0858985414309,7.62939453125e-06,9.6492,6.42537e-07,9.6492,0.0
4963,159,1.35000350952,0.0858448154902,0.0,9.37267,6.34838e-06,9.37267,0.0
5118,164,1.28000320435,0.0860505595613,0.0,9.67001,3.67019e-06,9.67,0.0
5273,169,1.17000305176,0.0962675235007,0.0,9.1799,8.41615e-07,9.1799,0.0
5427,174,1.37000312805,0.0771202387581,0.0,9.08751,2.68567e-06,9.08751,0.0
5583,179,1.35000312805,0.0946123204381,0.0,9.20072,7.53401e-07,9.20072,0.0
5738,184,1.2800025177,0.092863322561,0.0,9.37804,6.33e-07,9.37804,0.0
5892,189,1.28000267029,0.0887415479548,7.62939453125e-06,9.02742,1.41618e-06,9.02741,0.0
6046,194,1.38000305176,0.0923680912278,0.0,9.04672,5.54322e-07,9.04672,0.0
6201,199,1.30000297546,0.0931013518642,0.0,9.3977,1.21473e-06,9.3977,0.0
6356,204,1.24000335693,0.0889159997916,7.62939453125e-06,8.95263,1.13366e-06,8.95263,0.0
6511,209,1.26000244141,0.0861660642631,0.0,9.0061,4.86372e-07,9.0061,0.0
6667,214,1.25000358582,0.0952139572006,0.0,9.09986,4.7922e-07,9.09985,0.0
6822,219,1.22000343323,0.0953885230492,0.0,8.64547,1.23261e-06,8.64547,0.0
6977,224,1.31000335693,0.0853470225164,7.62939453125e-06,9.60778,2.09316e-06,9.60778,0.0
7133,229,1.37000343323,0.103802043731,0.0,9.2231,7.87968e-07,9.2231,0.0
7288,234,1.3500025177,0.0885487922034,7.62939453125e-06,9.13844,1.31247e-06,9.13844,0.0
7443,239,1.44000244141,0.106575324,7.62939453125e-06,8.70969,3.14712e-07,8.70969,0.0
7479,240,1.32000328064,0.0943623165664,7.62939453125e-06,9.20961,1.78331e-06,9.20961,0.0
7515,241,1.35000244141,0.0876154014225,0.0,9.48667,2.18153e-07,9.48667,0.0
7550,242,1.33000312805,0.0953066953848,7.62939453125e-06,9.1314,6.77105e-07,9.1314,0.0
7586,243,1.23000259399,0.0897301414027,7.62939453125e-06,9.19586,8.05844e-07,9.19586,0.0
7622,244,1.26000274658,0.091551419134,0.0,9.15155,4.02926e-07,9.15155,0.0
7658,245,1.40000358582,0.0885681449957,0.0,9.12469,3.74316e-07,9.12469,0.0
7694,246,1.35000205994,0.0961104806315,0.0,9.16776,3.77601e-06,9.16775,0.0
7730,247,1.21000350952,0.0820142908853,0.0,9.0736,2.10872e-06,9.07359,0.0
7766,248,1.32000282288,0.0813352405408,7.62939453125e-06,9.12851,5.14982e-07,9.12851,0.0
7801,249,1.44000236511,0.0922420542157,0.0,9.194,5.51937e-07,9.194,0.0
