393,4,6.42000087738,0.291021700762,0.0,9.7765,0.0642623,9.3888,0.323445
826,9,4.2700005722,0.187432056908,0.0,7.85593,0.0293823,7.3097,0.516843
1255,14,3.14000072479,0.139098186372,0.0,6.93725,0.0196802,6.63251,0.285062
1658,19,2.81000072479,0.133505242523,0.0,7.19887,0.0159993,6.80312,0.379756
2052,24,2.78000106812,0.125216642939,0.0,6.74475,0.0124799,6.26715,0.465124
2446,29,2.27000102997,0.107152595185,0.0,6.75679,0.0107139,6.38736,0.358718
2845,34,2.32000095367,0.108483582907,0.0,6.88428,0.00921234,6.43918,0.435889
3255,39,2.22000072479,0.101465385715,0.0,6.45723,0.00852364,6.01672,0.431984
3662,44,2.13000080109,0.104759492171,0.0,6.49581,0.00805452,6.09028,0.397473
4069,49,2.06000068665,0.0944117577001,0.0,6.40127,0.00800116,5.8906,0.50267
4474,54,1.94000083923,0.0940780179901,0.0,6.45291,0.00684873,6.04148,0.404579
4879,59,2.10000099182,0.101017990045,0.0,6.75966,0.00691747,6.3987,0.354047
5286,64,1.97000102997,0.0907250166638,0.0,6.43431,0.0060881,5.96164,0.466585
5692,69,1.95000106812,0.102488769197,0.0,6.31442,0.00620962,5.80723,0.500979
6097,74,1.97000110626,0.0986947748531,0.0,6.15402,0.00614035,5.68718,0.460702
6500,79,1.85000095367,0.0953887576563,0.0,6.14046,0.00619716,5.6708,0.463467
6906,84,2.06000118256,0.0979613102903,0.0,6.07727,0.00580457,5.63026,0.441211
7312,89,1.9100012207,0.0925712774205,0.0,6.3328,0.00555475,5.79954,0.527703
7717,94,1.95000091553,0.0964200449688,0.0,6.26617,0.00536384,5.83637,0.424436
8122,99,1.92000091553,0.0951755275088,0.0,6.35639,0.00510566,5.65062,0.700662
8526,104,1.98000087738,0.0990745344199,0.0,6.37218,0.00512574,5.85949,0.507567
8929,109,1.98000110626,0.0949843346328,0.0,5.90663,0.00485079,5.59193,0.309846
9334,114,1.87000152588,0.088064127476,0.0,6.03113,0.00452175,5.66794,0.35867
9736,119,1.90000141144,0.0941809767438,0.0,5.95007,0.00457132,5.5731,0.372399
10141,124,2.05000102997,0.0995528505556,0.0,6.44483,0.00477994,5.90029,0.539768
10544,129,1.85000114441,0.0924626688077,0.0,6.26717,0.00446294,5.83898,0.423724
10948,134,1.97000087738,0.0965335305152,0.0,6.26132,0.00441107,5.68983,0.567077
11352,139,1.87000110626,0.0895151827717,0.0,6.0671,0.00443236,5.54892,0.513744
11757,144,1.91000087738,0.0881364318519,0.0,6.05974,0.0043034,5.47349,0.581954
12161,149,1.90000102997,0.0956490904465,0.0,6.12097,0.00449106,5.61584,0.500632
12566,154,1.85000099182,0.0918002450769,0.0,5.93219,0.00423,5.29347,0.634488
12971,159,1.88000083923,0.0921281340579,0.0,5.98934,0.00418845,5.58036,0.40479
13377,164,1.9400006485,0.0967044570995,0.0,5.86374,0.00449894,5.22118,0.638063
13783,169,1.85000080109,0.0946631681547,0.0,6.09475,0.00404712,5.64805,0.442652
14188,174,1.90000083923,0.0906635669176,0.0,5.93998,0.00390814,5.51182,0.424254
14593,179,1.86000118256,0.0921196846152,0.0,5.78606,0.00383486,5.42891,0.35331
14998,184,1.96000099182,0.0892778513697,0.0,6.16546,0.00415999,5.76878,0.392523
15403,189,1.88000083923,0.0936510467739,0.0,6.04905,0.00424868,5.64435,0.40045
15808,194,1.89000125885,0.0935698180017,0.0,5.88362,0.00409027,5.43152,0.448004
16216,199,1.85000125885,0.0913580179913,0.0,5.86328,0.00385439,5.4939,0.365525
16622,204,1.78000068665,0.0940071001067,0.0,5.9834,0.00398129,5.50279,0.476636
17029,209,1.87000133514,0.0880979124177,0.0,5.96422,0.00386198,5.5829,0.377463
17437,214,1.79000110626,0.0889071503293,0.0,5.54639,0.00367484,5.20125,0.34146
17843,219,1.910001297,0.0963051207596,0.0,5.93275,0.00378027,5.44573,0.483233
18250,224,1.80000068665,0.090841503616,0.0,5.61595,0.00385232,5.382,0.23009
18657,229,1.85000076294,0.0862787485064,0.0,6.03153,0.00369458,5.62931,0.398521
19056,234,1.77000102997,0.0888623041986,0.0,5.61144,0.0038018,5.20949,0.398152
19437,239,1.80000106812,0.087972981378,0.0,5.86317,0.00381334,5.37102,0.488337
19518,240,1.8400012207,0.095804141158,0.0,5.74179,0.00369692,5.2793,0.458794
19600,241,1.75000080109,0.0894831344089,0.0,6.06276,0.00459049,5.45722,0.600947
19681,242,1.88000114441,0.0930588833173,0.0,5.91686,0.00378411,5.41445,0.498627
19763,243,1.86000087738,0.0937690279004,0.0,5.75729,0.00355806,5.26459,0.489145
19845,244,1.87000099182,0.0912537040841,0.0,5.60112,0.00361121,5.21651,0.381
19926,245,1.79000091553,0.0965624045942,0.0,6.01138,0.00361688,5.56184,0.445923
20008,246,1.93000076294,0.0946936300385,0.0,5.89248,0.00345807,5.49126,0.397764
20090,247,1.78000114441,0.0942467926594,0.0,6.00975,0.00378556,5.46767,0.538293
20171,248,1.81000087738,0.0911826552311,0.0,5.76227,0.00368314,5.24563,0.512957
20252,249,1.88000068665,0.0904227504309,0.0,5.66811,0.00369108,5.27238,0.392033
