63,4,4.02,0.192767241299,7.62939453125e-07,11.0362,0.0262446,11.01,0.0
128,9,3.15000114441,0.138946306761,4.57763671875e-06,8.80527,0.00439206,8.80088,0.0
193,14,2.85000152588,0.123538448336,3.81469726562e-06,8.46627,0.00186417,8.4644,0.0
258,19,2.67000228882,0.120944075771,5.34057617187e-06,7.2384,0.000710952,7.23768,0.0
323,24,2.79000274658,0.129496187735,7.62939453125e-06,7.10088,0.000471903,7.10041,0.0
388,29,2.36000236511,0.116090127169,3.0517578125e-06,7.14439,0.000154736,7.14424,0.0
453,34,2.48000205994,0.123264157355,4.57763671875e-06,6.97236,9.42294e-05,6.97227,0.0
518,39,2.42000213623,0.124175510649,2.28881835937e-06,6.93091,0.000109219,6.9308,0.0
583,44,2.08000289917,0.117136159131,7.62939453125e-06,6.81392,7.54845e-05,6.81384,0.0
648,49,2.0700025177,0.106835711473,6.86645507813e-06,6.74282,4.05453e-05,6.74278,0.0
713,54,2.08000259399,0.113041111324,6.86645507813e-06,6.47033,0.00011423,6.47021,0.0
778,59,1.89000289917,0.103178008447,5.34057617187e-06,6.71574,4.03048e-05,6.7157,0.0
843,64,1.89000312805,0.104627666826,5.34057617187e-06,6.44589,2.65832e-05,6.44586,0.0
908,69,1.99000297546,0.100600802014,5.34057617187e-06,6.31189,1.74759e-05,6.31187,0.0
973,74,1.87000282288,0.109916579262,1.52587890625e-06,6.5432,1.58753e-05,6.54318,0.0
1038,79,1.95000320435,0.112450588606,6.103515625e-06,6.16204,1.46551e-05,6.16202,0.0
1103,84,2.13000213623,0.111070520841,3.81469726562e-06,6.21896,2.69133e-05,6.21893,0.0
1168,89,1.85000328064,0.100293396474,6.103515625e-06,6.19256,9.86067e-06,6.19255,0.0
1233,94,1.91000312805,0.0993620321655,6.86645507813e-06,6.24901,2.14946e-05,6.24898,0.0
1298,99,1.92000320435,0.110830840999,7.62939453125e-06,6.20276,3.90885e-06,6.20275,0.0
1364,104,1.80000297546,0.0964667499613,6.86645507813e-06,6.01083,1.05125e-05,6.01082,0.0
1428,109,1.87000320435,0.104553214167,3.0517578125e-06,5.88899,8.17967e-06,5.88898,0.0
1494,114,1.8200037384,0.0980964533903,3.81469726562e-06,5.98087,3.56552e-06,5.98087,0.0
1559,119,1.89000343323,0.0964517916093,3.81469726562e-06,5.97392,7.45399e-06,5.97391,0.0
1624,124,1.74000411987,0.0972792670032,6.103515625e-06,6.19496,7.44439e-06,6.19495,0.0
1689,129,1.93000297546,0.0981138155819,7.62939453125e-06,5.89968,6.89951e-06,5.89968,0.0
1754,134,1.8200037384,0.102589199307,5.34057617187e-06,5.8357,7.58728e-06,5.83569,0.0
1818,139,1.78000350952,0.0985660847137,3.81469726562e-06,5.97939,2.38298e-06,5.97939,0.0
1884,144,1.74000328064,0.0991461614412,6.103515625e-06,6.20688,5.65862e-06,6.20687,0.0
1948,149,1.66000320435,0.0941703251422,4.57763671875e-06,6.10348,3.26033e-06,6.10348,0.0
2014,154,1.89000320435,0.1047829608,4.57763671875e-06,5.88549,1.8716e-05,5.88547,0.0
2078,159,1.79000343323,0.107418782307,6.103515625e-06,5.78714,1.57544e-05,5.78712,0.0
2143,164,1.84000335693,0.102236088381,6.86645507813e-06,6.18832,3.47727e-06,6.18831,0.0
2208,169,1.7900037384,0.0960928249487,3.0517578125e-06,5.70277,4.94456e-06,5.70276,0.0
2273,174,1.68000343323,0.103354389845,4.57763671875e-06,6.00818,2.59512e-06,6.00818,0.0
2337,179,1.71000396729,0.111487269114,7.62939453125e-06,5.82469,1.7774e-06,5.82469,0.0
2403,184,1.59000335693,0.0916468759929,3.81469726562e-06,5.98484,2.72509e-06,5.98484,0.0
2467,189,1.76000389099,0.110666852143,2.28881835937e-06,5.72541,3.33183e-06,5.7254,0.0
2532,194,1.66000328064,0.0963357846059,6.86645507813e-06,5.80767,2.1701e-05,5.80765,0.0
2597,199,1.9000037384,0.109774142082,6.103515625e-06,5.86323,1.18374e-06,5.86322,0.0
2662,204,1.69000343323,0.0941904968873,3.81469726562e-06,5.55367,3.4927e-06,5.55367,0.0
2727,209,1.66000305176,0.0973970854454,7.62939453125e-06,5.83262,2.99209e-06,5.83262,0.0
2793,214,1.65000320435,0.0959250435863,7.62939453125e-06,5.82224,2.77268e-06,5.82223,0.0
2857,219,1.72000350952,0.0955297044509,6.103515625e-06,5.73294,2.64758e-06,5.73294,0.0
2922,224,1.8200038147,0.107052355779,7.62939453125e-06,5.95655,4.02793e-06,5.95655,0.0
2986,229,1.55000396729,0.105346926427,6.86645507813e-06,5.78047,9.59632e-07,5.78047,0.0
3049,234,1.70000358582,0.0980290472711,3.0517578125e-06,6.09986,7.05089e-06,6.09985,0.0
3106,239,1.74000320435,0.110035556769,2.28881835937e-06,5.70176,4.76931e-06,5.70176,0.0
3121,240,1.61000312805,0.0994300069171,5.34057617187e-06,5.85632,2.16361e-06,5.85632,0.0
3136,241,1.64000320435,0.0979818327248,6.86645507813e-06,5.65237,1.10983e-06,5.65237,0.0
3150,242,1.66000328064,0.10197948638,5.34057617187e-06,5.90967,1.97765e-06,5.90967,0.0
3165,243,1.67000343323,0.0928564090037,6.103515625e-06,5.76053,2.49017e-06,5.76053,0.0
3179,244,1.73000389099,0.100149912199,6.86645507813e-06,5.85907,1.84533e-06,5.85907,0.0
3194,245,1.65000343323,0.101801665678,6.86645507813e-06,5.55174,1.37327e-06,5.55173,0.0
3209,246,1.6400037384,0.100944073028,6.86645507813e-06,5.85366,1.21593e-06,5.85366,0.0
3223,247,1.52000427246,0.0923471093707,7.62939453125e-06,5.83868,4.52567e-05,5.83864,0.0
3237,248,1.82000305176,0.110432798738,5.34057617187e-06,5.80308,4.73343e-06,5.80307,0.0
3252,249,1.70000350952,0.106620614248,1.52587890625e-06,5.682,2.63206e-06,5.68199,0.0
