157,4,8.47000087738,0.343508700058,0.0,16.2425,0.00609873,16.2364,0.0
321,9,5.22000083923,0.219846661012,0.0,13.7216,0.00165535,13.72,0.0
484,14,3.53000049591,0.14657508149,0.0,12.955,0.00046207,12.9545,0.0
646,19,3.65000061035,0.157060120349,0.0,12.7582,0.000297514,12.7579,0.0
808,24,2.96000072479,0.140263734386,0.0,12.0009,8.29484e-05,12.0008,0.0
971,29,3.42000083923,0.150597263835,0.0,11.8513,4.36455e-05,11.8512,0.0
1133,34,2.31000095367,0.130872148874,0.0,12.3721,3.40825e-05,12.372,0.0
1257,39,2.79000072479,0.151192507957,0.0,11.2962,3.38982e-05,11.2962,0.0
1368,44,2.91000137329,0.137880475153,0.0,11.571,1.62352e-05,11.571,0.0
1479,49,2.67000106812,0.130759481926,0.0,11.3255,8.14665e-06,11.3255,0.0
1589,54,2.81000087738,0.149934139047,0.0,11.4354,5.62899e-06,11.4354,0.0
1699,59,2.41000083923,0.123790522336,0.0,11.1667,3.62392e-06,11.1666,0.0
1809,64,2.67000076294,0.136674330915,0.0,10.8297,4.42501e-06,10.8297,0.0
1918,69,2.8900006485,0.151699932185,0.0,10.9923,5.33095e-06,10.9923,0.0
2028,74,2.430001297,0.13679412124,0.0,10.914,3.05883e-06,10.914,0.0
2137,79,2.65000080109,0.158714113147,0.0,11.2567,3.03742e-06,11.2567,0.0
2247,84,2.7800006485,0.141705652689,0.0,10.5738,7.50719e-06,10.5738,0.0
2357,89,2.02000076294,0.110805066095,0.0,10.4379,2.50336e-06,10.4379,0.0
2466,94,3.17000080109,0.157935255344,0.0,10.7029,1.84296e-06,10.7029,0.0
2576,99,2.10000114441,0.137045027754,0.0,10.5482,5.84341e-06,10.5482,0.0
2685,104,2.28000083923,0.127633220021,0.0,10.6538,1.01804e-06,10.6538,0.0
2795,109,2.48000125885,0.140302268701,0.0,10.1967,5.15923e-06,10.1966,0.0
2905,114,2.39000114441,0.143365566833,0.0,10.1009,1.73804e-06,10.1009,0.0
3015,119,2.31000110626,0.131448107286,0.0,9.75438,1.55925e-06,9.75438,0.0
3124,124,2.72000087738,0.139722595627,0.0,10.3893,6.99951e-06,10.3893,0.0
3233,129,2.18000083923,0.142302257447,0.0,10.2341,3.91225e-06,10.2341,0.0
3342,134,2.40000114441,0.145491129218,0.0,10.0563,5.29288e-07,10.0563,0.0
3452,139,2.45000106812,0.151953391892,0.0,11.1989,6.19887e-07,11.1989,0.0
3561,144,2.32000106812,0.147770771179,0.0,9.66594,2.35548e-06,9.66594,0.0
3671,149,2.57000110626,0.149189802803,0.0,9.86777,1.35898e-06,9.86777,0.0
3781,154,2.10000095367,0.123269624988,0.0,9.96393,1.08003e-06,9.96393,0.0
3891,159,2.79000076294,0.166475504512,0.0,10.147,2.23158e-06,10.147,0.0
4000,164,1.99000068665,0.132750777372,0.0,10.174,7.22404e-07,10.174,0.0
4110,169,2.4000012207,0.143479710745,0.0,9.77397,3.99338e-06,9.77397,0.0
4219,174,1.99000091553,0.129273079041,0.0,10.4284,2.79419e-06,10.4284,0.0
4329,179,2.34000091553,0.140049775395,0.0,10.2598,5.26904e-07,10.2598,0.0
4438,184,2.68000125885,0.142149764161,0.0,10.0077,2.40317e-06,10.0077,0.0
4548,189,2.350001297,0.142679539236,0.0,9.70947,2.95639e-07,9.70947,0.0
4658,194,2.13000080109,0.133811910792,0.0,10.3372,1.12771e-06,10.3372,0.0
4767,199,2.2800012207,0.132258595332,0.0,10.314,1.48531e-06,10.314,0.0
4877,204,2.14000087738,0.117948288884,0.0,10.1481,8.48764e-07,10.1481,0.0
4987,209,2.44000144958,0.149290971204,0.0,9.93708,3.69528e-06,9.93708,0.0
5097,214,2.15000125885,0.13244910595,0.0,9.6696,1.21353e-06,9.6696,0.0
5207,219,2.08000095367,0.122045215615,0.0,10.5184,7.22404e-07,10.5184,0.0
5317,224,2.3300012207,0.131908972309,0.0,10.1874,2.94669e-06,10.1874,0.0
5426,229,2.04000083923,0.130770695754,0.0,9.3896,7.77238e-07,9.3896,0.0
5537,234,2.06000110626,0.124419019366,0.0,9.70736,7.20022e-07,9.70736,0.0
5646,239,2.10000080109,0.121827197649,0.0,9.11139,8.89298e-07,9.11139,0.0
5672,240,1.8800012207,0.12705617945,0.0,10.1947,3.99815e-06,10.1947,0.0
5698,241,2.5400005722,0.142800570881,0.0,9.58768,9.41746e-07,9.58767,0.0
5723,242,2.09000083923,0.134541010005,0.0,9.48739,2.0122e-06,9.48739,0.0
5749,243,2.80000091553,0.173001299465,0.0,9.39268,9.56054e-07,9.39268,0.0
5774,244,2.16000102997,0.132606244768,0.0,9.87836,7.84394e-07,9.87836,0.0
5799,245,2.32000110626,0.124917205352,0.0,10.816,6.10348e-07,10.816,0.0
5825,246,1.98000118256,0.13275864228,0.0,9.82107,3.6478e-07,9.82107,0.0
5850,247,2.01000087738,0.116927320437,0.0,9.64426,5.76971e-07,9.64426,0.0
5876,248,1.97000118256,0.1203122506,0.0,9.56579,5.91275e-07,9.56579,0.0
5902,249,2.01000102997,0.134172497733,0.0,9.83675,7.03333e-07,9.83675,0.0
