322,4,4.5500005722,0.207725464758,0.0,13.61,0.0354792,13.4864,0.0881482
663,9,3.78000106812,0.163736528419,0.0,11.3321,0.0219731,11.1876,0.122438
1015,14,3.01000095367,0.139067844078,0.0,9.89031,0.0200023,9.78258,0.0877318
1360,19,3.07000083923,0.141109739784,0.0,10.0161,0.0192815,9.91477,0.0820147
1702,24,2.95000072479,0.126847508987,0.0,9.11158,0.0148001,9.03251,0.0642709
2047,29,2.75000118256,0.124979627226,0.0,8.82236,0.0151609,8.7152,0.0920064
2400,34,2.78000099182,0.119691861952,0.0,8.82894,0.0148138,8.73704,0.0770795
2744,39,2.57000141144,0.117852287926,0.0,9.03917,0.0142372,8.95302,0.0719202
3097,44,2.65000110626,0.115111857001,0.0,8.50769,0.0127835,8.39908,0.0958256
3438,49,2.63000102997,0.116547990115,0.0,8.45575,0.0130738,8.3414,0.101273
3770,54,2.38000110626,0.111785729928,0.0,8.45889,0.0114443,8.37199,0.0754591
4120,59,2.51000110626,0.113839891041,0.0,8.27361,0.012449,8.19894,0.062217
4471,64,2.52000106812,0.113850555569,0.0,7.97168,0.0119235,7.90591,0.0538471
4807,69,2.44000095367,0.10732914173,0.0,8.47626,0.0116883,8.33032,0.134252
5158,74,2.49000099182,0.110986868357,0.0,8.643,0.0121011,8.54045,0.0904437
5496,79,2.30000080109,0.105802453365,0.0,8.18094,0.011779,8.10933,0.0598292
5863,84,2.41000076294,0.106706311451,0.0,7.82822,0.0114148,7.75312,0.0636849
6158,89,2.50000087738,0.111418298269,0.0,7.88309,0.0113433,7.81247,0.0592754
6452,94,2.5000006485,0.110322585721,0.0,7.55986,0.0111919,7.46557,0.083092
6745,99,2.23000110626,0.104255031776,0.0,7.62621,0.0109088,7.55276,0.0625458
7039,104,2.21000087738,0.103233864345,0.0,7.62611,0.0110107,7.51677,0.0983337
7334,109,2.32000091553,0.101062321439,0.0,7.53153,0.0107734,7.4386,0.0821637
7627,114,2.35000076294,0.106365829716,0.0,7.96377,0.00995631,7.86352,0.0902954
7922,119,2.28000114441,0.102391343229,0.0,7.82782,0.0105232,7.71474,0.102552
8206,124,2.20000076294,0.0994324185327,0.0,7.63546,0.0111329,7.53328,0.091045
8501,129,2.4200012207,0.10339787202,0.0,7.65874,0.0103608,7.57801,0.0703745
8795,134,2.30000114441,0.101261308892,0.0,8.12078,0.00991726,8.01414,0.0967248
9090,139,2.14000099182,0.0977655156236,0.0,7.45684,0.0095207,7.34197,0.105346
9384,144,2.17000083923,0.0987870686036,0.0,7.65143,0.0104906,7.545,0.0959408
9678,149,2.24000080109,0.0989458651748,0.0,7.53944,0.0100107,7.43513,0.0943024
9973,154,2.24000061035,0.103325788751,0.0,7.40256,0.0103143,7.31354,0.0786994
10268,159,2.27000110626,0.106517077265,0.0,8.07412,0.00997623,7.96846,0.095677
10555,164,2.31000068665,0.102696031625,0.0,7.38981,0.0101488,7.32213,0.0575307
10854,169,2.26000080109,0.101342982799,0.0,7.5514,0.0107096,7.43425,0.106442
11152,174,2.24000076294,0.102743669609,0.0,7.54028,0.0110492,7.43771,0.0915203
11450,179,2.21000114441,0.10077195432,0.0,7.45537,0.0101502,7.35477,0.0904563
11751,184,2.07000053406,0.102392522125,0.0,7.5929,0.0106089,7.4768,0.105498
12049,189,2.22000072479,0.102163138911,0.0,7.58607,0.00980965,7.50511,0.0711463
12350,194,2.15000080109,0.0961266640946,0.0,7.44585,0.009558,7.30433,0.131959
12650,199,2.110001297,0.100314609269,0.0,7.87614,0.00960886,7.75156,0.114967
12939,204,2.13000061035,0.0982785209268,0.0,7.36201,0.00969546,7.24823,0.104085
13239,209,2.18000080109,0.0980974344257,0.0,7.69154,0.0101163,7.55692,0.124505
13538,214,2.14000087738,0.0957968902122,0.0,7.41754,0.0100456,7.3216,0.0858885
13837,219,2.22000102997,0.0975606468599,0.0,7.23384,0.00970757,7.15042,0.0737165
14139,224,2.10000080109,0.0961138492171,0.0,7.64257,0.00988356,7.51384,0.118842
14441,229,2.09000072479,0.0956441025063,0.0,7.35307,0.00859848,7.25506,0.0894119
14743,234,2.08000099182,0.0957334706374,0.0,7.31976,0.00871469,7.24784,0.0632067
15036,239,2.11000076294,0.0969133238867,0.0,7.47156,0.00965899,7.35869,0.103207
15101,240,2.20000099182,0.096008731937,0.0,7.35865,0.00941432,7.25262,0.0966201
15163,241,2.24000099182,0.0978655389044,0.0,8.21401,0.00972743,8.12477,0.0795078
15228,242,2.18000076294,0.0945634151809,0.0,7.15908,0.00926198,7.07896,0.07085
15293,243,2.0200012207,0.0956527634338,0.0,7.65076,0.00934207,7.53448,0.106935
15356,244,2.16000110626,0.100413867431,0.0,7.65254,0.0095192,7.56939,0.073634
15415,245,2.09000137329,0.0968907374889,0.0,7.69109,0.00928867,7.60846,0.0733438
15475,246,2.00000102997,0.096865767315,0.0,7.21173,0.00898339,7.13762,0.065124
15535,247,2.11000072479,0.0979680690449,0.0,7.13736,0.00937958,7.03785,0.0901348
15594,248,2.13000099182,0.0953315982688,0.0,7.70564,0.0100327,7.62469,0.0709112
15652,249,2.14000087738,0.0958567443304,0.0,7.41868,0.00935281,7.25375,0.155577
