20,4,12.0400009918,0.560435168594,0.0,0.393894,0.0172535,0.0,0.376641
43,9,10.4100014114,0.490663303882,0.0,0.298949,0.00591174,0.0,0.293037
65,14,9.91000099182,0.480222924575,0.0,0.262477,0.00370061,0.0,0.258776
87,19,10.4200011444,0.46687195003,0.0,0.198171,0.00214332,0.0,0.196027
109,24,12.1400014114,0.535614470094,0.0,0.125832,0.00183702,0.0,0.123995
131,29,6.02000080109,0.367221042439,0.0,0.208537,0.000934322,0.0,0.207603
153,34,10.4800013351,0.487967254668,0.0,0.131018,0.000849341,0.0,0.130168
175,39,10.0900008392,0.382742358893,0.0,0.130599,0.000652523,0.0,0.129946
197,44,9.47000072479,0.404185781926,0.0,0.114691,0.00060175,0.0,0.11409
219,49,12.3600012207,0.498262671977,0.0,0.113757,0.00063377,0.0,0.113123
242,54,11.7900012589,0.450240763947,0.0,0.118702,0.000568702,0.0,0.118134
264,59,9.52000106812,0.399293294474,0.0,0.113731,0.000389324,0.0,0.113341
286,64,10.3400010681,0.496550531387,0.0,0.0984062,0.000345578,0.0,0.0980607
308,69,6.75000068665,0.42643362239,0.0,0.0676729,0.000353733,0.0,0.0673192
330,74,11.440001297,0.489091222137,0.0,0.0729288,0.000234398,0.0,0.0726944
352,79,13.10000103,0.468462448418,0.0,0.120254,0.000277336,0.0,0.119977
374,84,9.32000118256,0.479669756591,0.0,0.086945,0.000247316,0.0,0.0866976
396,89,13.0900011444,0.469411137104,0.0,0.0749196,0.000177566,0.0,0.0747421
417,94,8.00000110626,0.439249352217,0.0,0.0692509,0.00022895,0.0,0.0690219
440,99,11.24000103,0.511074411422,0.0,0.0645333,0.000188151,0.0,0.0643451
462,104,9.00000053406,0.474569208622,0.0,0.0691324,0.000168744,0.0,0.0689637
484,109,8.40000068665,0.443214858323,0.0,0.0666009,0.000120422,0.0,0.0664805
506,114,7.20000068665,0.419223333001,0.0,0.0630475,0.000118314,0.0,0.0629292
528,119,4.38000099182,0.322098129019,0.0,0.091864,0.0001592,0.0,0.0917048
550,124,6.38000022888,0.429437014163,0.0,0.0683472,0.000115664,0.0,0.0682316
572,129,4.98000083923,0.378769647852,0.0,0.0775234,0.00012085,0.0,0.0774025
594,134,5.08000061035,0.42816678673,0.0,0.0648731,0.000169952,0.0,0.0647031
616,139,11.3000008774,0.491095582843,0.0,0.0703306,0.000117115,0.0,0.0702134
638,144,10.8800009155,0.519663908482,0.0,0.063526,0.000104849,0.0,0.0634211
660,149,10.8800008392,0.480113743171,0.0,0.0771488,0.000115509,0.0,0.0770333
682,154,10.7500011444,0.482033716887,0.0,0.0644983,8.27499e-05,0.0,0.0644156
704,159,5.0100006485,0.418485158384,0.0,0.0605683,9.79192e-05,0.0,0.0604704
726,164,7.78000061035,0.413156439513,0.0,0.0624016,8.62443e-05,0.0,0.0623154
748,169,8.25000076294,0.507606294155,0.0,0.0731813,7.82259e-05,0.0,0.0731031
770,174,10.2100003433,0.519127237797,0.0,0.0643282,9.2834e-05,0.0,0.0642353
792,179,8.68000072479,0.473130514771,0.0,0.0879576,8.74578e-05,0.0,0.0878701
814,184,10.0800008774,0.453092798442,0.0,0.0577293,7.41845e-05,0.0,0.0576551
836,189,3.97000091553,0.491801440716,0.0,0.061003,6.4065e-05,0.0,0.060939
858,194,7.87000083923,0.39734644495,0.0,0.0762764,9.10248e-05,0.0,0.0761854
880,199,4.35000099182,0.435051016212,0.0,0.0397679,7.31048e-05,0.0,0.0396948
902,204,10.3800007248,0.455439145043,0.0,0.059135,7.53863e-05,0.0,0.0590596
924,209,18.8500016403,0.55357415989,0.0,0.0576864,0.000112478,0.0,0.0575739
946,214,10.2200008774,0.460350111872,0.0,0.0576347,5.55419e-05,0.0,0.0575792
969,219,9.16999988556,0.475517849177,0.0,0.0514539,5.93585e-05,0.0,0.0513946
991,224,9.7100005722,0.395699014738,0.0,0.0565988,4.87905e-05,0.0,0.05655
1013,229,7.5200005722,0.411303562149,0.0,0.0543662,5.73424e-05,0.0,0.0543088
1035,234,3.56000080109,0.339060434401,0.0,0.0376099,5.32819e-05,0.0,0.0375566
1056,239,3.5900006485,0.352752975151,0.0,0.0345981,6.6118e-05,0.0,0.034532
1062,240,4.16000038147,0.365522479936,0.0,0.0424401,5.5342e-05,0.0,0.0423847
1067,241,3.71000053406,0.350898432955,0.0,0.0512487,5.20466e-05,0.0,0.0511966
1072,242,3.290001297,0.328991820365,0.0,0.0532378,4.24869e-05,0.0,0.0531954
1077,243,2.96000061035,0.312325821221,0.0,0.0533819,4.44725e-05,0.0,0.0533374
1082,244,2.80000083923,0.292064489946,0.0,0.044618,4.4022e-05,0.0,0.044574
1087,245,3.03000137329,0.282143107578,0.0,0.0591484,4.63372e-05,0.0,0.0591021
1092,246,2.90000083923,0.290751441866,0.0,0.037571,3.9674e-05,0.0,0.0375313
1097,247,3.06000102997,0.293073332012,0.0,0.0360624,4.47591e-05,0.0,0.0360176
1102,248,2.98000080109,0.293711344078,0.0,0.0273231,3.99196e-05,0.0,0.0272831
1107,249,2.92000087738,0.294812701494,0.0,0.0657078,5.1024e-05,0.0,0.0656568
