37,4,2.70000183105,0.142293194905,3.0517578125e-06,31.4253,0.0212721,31.404,0.0
76,9,2.29000183105,0.112972907946,3.0517578125e-06,25.7958,0.00375939,25.792,0.0
115,14,2.10000297546,0.102115268395,5.34057617187e-06,22.7386,0.00149112,22.7371,0.0
154,19,1.85000335693,0.0949655509554,3.81469726562e-06,22.5516,0.001144,22.5505,0.0
193,24,1.63000282288,0.0836321013671,3.0517578125e-06,21.4408,0.000522807,21.4403,0.0
232,29,1.78000335693,0.0847383909079,3.0517578125e-06,20.373,0.000727495,20.3723,0.0
271,34,1.51000350952,0.0729910384002,6.103515625e-06,20.3967,0.000105799,20.3966,0.0
310,39,1.83000350952,0.0956466132775,4.57763671875e-06,19.9879,0.00485279,19.983,0.0
349,44,1.55000328064,0.0891575105078,3.81469726562e-06,20.1802,6.23171e-05,20.1801,0.0
387,49,1.49000404358,0.0812498605435,5.34057617187e-06,19.1793,7.07363e-05,19.1793,0.0
426,54,1.54000343323,0.0792313712832,5.34057617187e-06,19.289,3.65366e-05,19.289,0.0
465,59,1.36000366211,0.0737298342152,4.57763671875e-06,19.5297,0.000133343,19.5296,0.0
504,64,1.27000389099,0.0658906470114,6.103515625e-06,19.3257,3.18121e-05,19.3256,0.0
543,69,1.36000328064,0.0730148095533,4.57763671875e-06,18.9362,1.56909e-05,18.9362,0.0
582,74,1.32000396729,0.0764142472297,5.34057617187e-06,19.6753,1.31864e-05,19.6753,0.0
621,79,1.24000350952,0.0674296668205,7.62939453125e-07,18.5068,1.56166e-05,18.5068,0.0
660,84,1.17000389099,0.0722728646027,3.0517578125e-06,18.7089,6.16305e-06,18.7089,0.0
699,89,1.23000396729,0.0674687323684,5.34057617187e-06,18.2793,5.92346e-06,18.2793,0.0
738,94,1.24000396729,0.0632544446294,2.28881835937e-06,17.9267,1.10932e-05,17.9267,0.0
776,99,1.13000411987,0.0671002993206,4.57763671875e-06,17.8897,5.09138e-06,17.8897,0.0
815,104,1.21000343323,0.0725377895337,4.57763671875e-06,17.5733,6.89377e-06,17.5733,0.0
853,109,1.21000389099,0.0657100384473,4.57763671875e-06,18.3466,5.1271e-06,18.3466,0.0
892,114,1.10000396729,0.0667258352533,3.81469726562e-06,17.3804,9.69756e-06,17.3804,0.0
930,119,1.22000343323,0.0637955185337,7.62939453125e-07,18.4447,5.12595e-06,18.4447,0.0
968,124,1.16000404358,0.0643797484349,2.28881835937e-06,17.9747,1.33519e-05,17.9747,0.0
1007,129,1.0900038147,0.0648396037632,3.0517578125e-06,18.1571,5.85536e-06,18.1571,0.0
1045,134,1.17000350952,0.0665476145403,6.86645507813e-06,18.2166,6.27718e-06,18.2166,0.0
1083,139,1.06000404358,0.0643753627181,6.103515625e-06,18.0703,3.36762e-06,18.0703,0.0
1121,144,1.10000442505,0.0637629384678,5.34057617187e-06,17.9046,4.01729e-06,17.9046,0.0
1159,149,1.04000427246,0.0564077171428,2.28881835937e-06,17.9747,2.31622e-06,17.9747,0.0
1197,154,1.09000343323,0.0610904253618,6.103515625e-06,17.0391,4.62161e-06,17.0391,0.0
1235,159,1.07000411987,0.0610159652129,3.81469726562e-06,17.3546,2.35675e-06,17.3546,0.0
1273,164,1.19000366211,0.0689247149249,4.57763671875e-06,18.1796,4.2879e-06,18.1796,0.0
1311,169,1.13000343323,0.0667662404018,3.81469726562e-06,17.1328,2.99333e-06,17.1328,0.0
1349,174,1.03000442505,0.0663035065051,6.103515625e-06,17.3768,3.99463e-06,17.3768,0.0
1387,179,1.1700038147,0.0701585752402,3.0517578125e-06,18.2299,6.89325e-06,18.2299,0.0
1425,184,1.15000442505,0.0693203956982,5.34057617187e-06,18.2895,2.01819e-06,18.2895,0.0
1463,189,1.11000457764,0.0651090467587,4.57763671875e-06,17.3602,1.64031e-06,17.3602,0.0
1501,194,1.07000343323,0.0666140780793,4.57763671875e-06,17.1446,1.72614e-06,17.1446,0.0
1539,199,1.11000404358,0.0683272181373,3.81469726562e-06,17.1212,1.29103e-06,17.1212,0.0
1576,204,1.11000366211,0.0716372885565,6.103515625e-06,17.1469,2.88001e-06,17.1469,0.0
1614,209,1.08000350952,0.0681890856682,3.81469726562e-06,18.1683,2.83951e-06,18.1683,0.0
1652,214,0.970004501343,0.0645928422018,4.57763671875e-06,17.3173,1.38401e-06,17.3172,0.0
1690,219,0.960003509521,0.0551934614351,4.57763671875e-06,17.4297,1.68442e-06,17.4297,0.0
1728,224,1.08000366211,0.0611125034371,1.52587890625e-06,17.1811,1.84534e-06,17.1811,0.0
1766,229,1.06000389099,0.0644414707864,4.57763671875e-06,16.5231,9.51288e-07,16.5231,0.0
1804,234,1.09000389099,0.0623965412131,4.57763671875e-06,17.4775,1.3256e-06,17.4775,0.0
1842,239,1.02000404358,0.0566022883725,3.0517578125e-06,17.3474,1.99315e-06,17.3474,0.0
1851,240,1.04000404358,0.0575248672989,2.28881835937e-06,17.2655,5.13791e-07,17.2655,0.0
1859,241,0.990003356934,0.058138848263,1.52587890625e-06,17.7248,3.38301e-06,17.7248,0.0
1868,242,1.04000343323,0.0663065703853,4.57763671875e-06,16.6647,2.02534e-06,16.6647,0.0
1876,243,0.990003356934,0.067126708098,1.52587890625e-06,17.1304,1.10268e-06,17.1304,0.0
1885,244,1.19000358582,0.0616928878633,2.28881835937e-06,17.4307,1.4019e-06,17.4306,0.0
1893,245,1.17000366211,0.0606005656292,3.0517578125e-06,17.004,1.58547e-06,17.004,0.0
1902,246,0.980003585815,0.0626842002293,3.0517578125e-06,17.8789,1.83341e-06,17.8789,0.0
1910,247,1.07000366211,0.0748424419356,4.57763671875e-06,17.4394,1.97885e-06,17.4394,0.0
1919,248,1.13000320435,0.0602846204874,3.81469726562e-06,16.9743,1.1456e-06,16.9743,0.0
1927,249,1.05000335693,0.0654421389487,5.34057617187e-06,16.6956,6.46113e-07,16.6956,0.0
