21,4,17.8400012589,0.648480895609,0.0,0.381355,0.015036,0.0,0.366319
44,9,8.18000076294,0.456083084345,0.0,0.319839,0.00570749,0.0,0.314132
66,14,11.4700012589,0.464490579963,0.0,0.176381,0.00292525,0.0,0.173455
89,19,12.4500009537,0.554426794499,0.0,0.188411,0.00192594,0.0,0.186485
111,24,12.0500012589,0.664292110652,0.0,0.0924355,0.00154159,0.0,0.0908939
133,29,9.25000118256,0.545352489203,0.0,0.13178,0.000932953,0.0,0.130847
156,34,11.8800009537,0.653988212198,0.0,0.0847001,0.000660051,0.0,0.08404
179,39,8.83000068665,0.557383912504,0.0,0.101336,0.000571225,0.0,0.100765
201,44,15.4500018311,0.727950296998,0.0,0.07153,0.000489343,0.0,0.0710406
223,49,13.950001297,0.704267563224,0.0,0.0721166,0.000417441,0.0,0.0716991
246,54,15.6000016403,0.862222260237,0.0,0.0450364,0.000355108,0.0,0.0446813
268,59,10.9600009918,0.600215655118,0.0,0.0842146,0.000277069,0.0,0.0839375
291,64,11.1400012589,0.654756902456,0.0,0.0773408,0.000294407,0.0,0.0770464
313,69,12.6600011063,0.736861914992,0.0,0.0607443,0.000198547,0.0,0.0605458
336,74,14.5700012207,0.697780709118,0.0,0.0730491,0.000183417,0.0,0.0728657
358,79,13.5900012207,0.702849303782,0.0,0.0522022,0.00027271,0.0,0.0519295
380,84,18.0200011444,0.741728958189,0.0,0.0482255,0.000142709,0.0,0.0480828
403,89,15.2100014114,0.708291253,0.0,0.0613046,0.000154522,0.0,0.0611501
426,94,19.740001049,0.824421732128,0.0,0.0354414,0.000171611,0.0,0.0352697
448,99,17.1900013351,0.851980465353,0.0,0.0325871,0.000128396,0.0,0.0324587
471,104,15.3700013733,0.813054257035,0.0,0.0278165,0.000117794,0.0,0.0276988
493,109,17.1900018311,0.859652741253,0.0,0.0339326,0.000101643,0.0,0.033831
516,114,16.5300017548,0.868438985348,0.0,0.0359291,8.82504e-05,0.0,0.0358409
538,119,13.5900014114,0.8574718979,0.0,0.0274027,9.35349e-05,0.0,0.0273092
560,124,17.8300017166,0.789880845249,0.0,0.0411501,0.000113506,0.0,0.0410366
583,129,20.1100017166,0.835864919424,0.0,0.0457687,0.000128337,0.0,0.0456403
605,134,18.8400014114,0.824286602736,0.0,0.0259281,7.34221e-05,0.0,0.0258547
628,139,20.1000013542,0.709397828281,0.0,0.0534802,8.54855e-05,0.0,0.0533947
650,144,16.3800013733,0.778270737529,0.0,0.0445697,7.70765e-05,0.0,0.0444926
673,149,17.5600016403,0.767742130011,0.0,0.0497012,7.87581e-05,0.0,0.0496224
695,154,18.3200017548,0.868290465176,0.0,0.0343284,6.67806e-05,0.0,0.0342616
717,159,18.5400017548,1.02123962045,0.0,0.0206733,5.73205e-05,0.0,0.0206159
740,164,16.7100015259,0.820406642556,0.0,0.0385393,8.83399e-05,0.0,0.038451
762,169,19.7900016403,0.772046676874,0.0,0.0556442,8.99007e-05,0.0,0.0555543
784,174,19.7700019455,0.937524957061,0.0,0.0311229,6.35238e-05,0.0,0.0310594
807,179,14.3300012589,0.657130522281,0.0,0.0423073,4.96418e-05,0.0,0.0422577
829,184,19.7800011826,0.714853386134,0.0,0.0424528,4.92601e-05,0.0,0.0424036
852,189,15.7600014114,0.888116147518,0.0,0.0345479,6.63869e-05,0.0,0.0344815
874,194,16.3200009918,0.75919526279,0.0,0.0320039,4.24326e-05,0.0,0.0319614
897,199,19.9800019455,0.812530980408,0.0,0.023764,4.28759e-05,0.0,0.0237211
919,204,16.960001564,0.697553632259,0.0,0.0508931,6.12856e-05,0.0,0.0508318
942,209,19.9400012589,0.703860220164,0.0,0.0458566,3.9183e-05,0.0,0.0458174
964,214,19.8400016022,0.787705612779,0.0,0.034968,4.33789e-05,0.0,0.0349246
985,219,19.6400015259,0.781043566763,0.0,0.022165,3.81172e-05,0.0,0.0221269
1006,224,20.390001564,0.713949497789,0.0,0.0328833,3.83009e-05,0.0,0.032845
1026,229,15.6400014877,0.793139382601,0.0,0.0197029,3.70802e-05,0.0,0.0196658
1046,234,11.7300007248,0.714654888511,0.0,0.0332706,4.52994e-05,0.0,0.0332253
1068,239,20.150001297,0.667087034434,0.0,0.0221168,3.16493e-05,0.0,0.0220852
1074,240,20.0500013351,0.670679842532,0.0,0.0303677,3.46293e-05,0.0,0.030333
1080,241,20.1400017548,0.672476318032,0.0,0.03887,3.08769e-05,0.0,0.0388391
1086,242,20.0400017166,0.648580842465,0.0,0.0216813,3.17758e-05,0.0,0.0216495
1092,243,19.8000014305,0.628059855402,0.0,0.0227409,2.7339e-05,0.0,0.0227135
1098,244,20.0900019073,0.625889035836,0.0,0.0287854,2.99328e-05,0.0,0.0287555
1103,245,19.9500017166,0.618841135651,0.0,0.0341757,3.22048e-05,0.0,0.0341435
1110,246,20.0000019455,0.630083081126,0.0,0.0421614,3.35971e-05,0.0,0.0421278
1115,247,19.8600011444,0.625400955677,0.0,0.0224994,3.39714e-05,0.0,0.0224655
1121,248,19.7800014877,0.629315120429,0.0,0.0389583,2.86479e-05,0.0,0.0389296
1127,249,19.6300018311,0.652888108641,0.0,0.0201237,3.08103e-05,0.0,0.0200928
