303,4,7.62000080109,0.290824545063,0.0,17.0394,0.00750807,17.0319,0.0
643,9,4.04000072479,0.183894867143,0.0,13.4232,0.00145535,13.4218,0.0
980,14,3.17000106812,0.149089353152,0.0,12.6025,0.000412471,12.6021,0.0
1312,19,2.84000102997,0.132481398762,0.0,12.4674,0.000152294,12.4673,0.0
1645,24,2.55000099182,0.130845379784,0.0,12.4094,6.54033e-05,12.4093,0.0
1970,29,2.88000072479,0.164731732383,0.0,11.7348,3.61649e-05,11.7348,0.0
2286,34,2.70000114441,0.145117956176,0.0,11.4162,5.85555e-05,11.4162,0.0
2572,39,2.09000083923,0.123801573184,0.0,11.936,1.18967e-05,11.936,0.0
2841,44,2.15000091553,0.124234823777,0.0,11.0101,5.88171e-06,11.0101,0.0
3109,49,2.23000133514,0.12436785399,0.0,11.0222,3.80752e-06,11.0222,0.0
3377,54,2.08000068665,0.115131163704,0.0,12.8916,4.10077e-06,12.8916,0.0
3646,59,1.88000080109,0.13320180148,0.0,10.3101,2.81094e-06,10.3101,0.0
3914,64,2.00000118256,0.118194123997,0.0,10.4684,4.50365e-06,10.4683,0.0
4183,69,2.15000106812,0.130697594806,0.0,10.8591,7.80059e-06,10.8591,0.0
4453,74,1.92000118256,0.125782809083,0.0,10.9449,3.96246e-06,10.9449,0.0
4714,79,1.90000076294,0.117121859401,0.0,10.7234,3.16854e-06,10.7234,0.0
4984,84,1.9000012207,0.108299114769,0.0,10.1166,2.6178e-06,10.1166,0.0
5253,89,1.85000072479,0.129590916773,0.0,10.4866,1.08994e-05,10.4865,0.0
5524,94,1.81000102997,0.118942344688,0.0,10.2326,3.94575e-06,10.2326,0.0
5793,99,1.82000114441,0.115533450293,0.0,10.0525,1.84773e-06,10.0525,0.0
6064,104,2.02000080109,0.134138182895,0.0,10.6365,2.00744e-06,10.6365,0.0
6332,109,1.87000083923,0.12380703123,0.0,10.2711,7.91548e-07,10.2711,0.0
6599,114,1.82000125885,0.129372522565,0.0,10.1119,9.96153e-06,10.1119,0.0
6867,119,1.57000095367,0.110284361877,0.0,10.1225,3.32588e-06,10.1225,0.0
7125,124,1.7400012207,0.122096591211,0.0,10.0933,5.08767e-06,10.0933,0.0
7394,129,1.71000091553,0.11887094892,0.0,9.97126,1.29222e-06,9.97125,0.0
7664,134,1.96000083923,0.136651927987,0.0,10.506,8.5846e-06,10.506,0.0
7933,139,1.74000083923,0.120380059799,0.0,10.109,7.08249e-06,10.109,0.0
8203,144,1.68000091553,0.118196528175,0.0,9.8688,3.03256e-06,9.86879,0.0
8471,149,1.76000083923,0.131479032435,0.0,9.77537,2.31978e-06,9.77537,0.0
8739,154,1.77000080109,0.117589257033,0.0,9.62954,4.33921e-07,9.62954,0.0
9008,159,1.93000099182,0.130208036822,0.0,11.507,6.1035e-07,11.507,0.0
9268,164,1.66000087738,0.11978555799,0.0,10.1926,4.36305e-07,10.1926,0.0
9536,169,1.68000091553,0.116087852732,0.0,9.64658,3.57628e-07,9.64658,0.0
9805,174,1.61000091553,0.107800499866,0.0,9.84185,1.48771e-06,9.84185,0.0
10073,179,1.57000102997,0.113386699144,0.0,9.8641,2.93254e-07,9.8641,0.0
10342,184,1.73000102997,0.129751567131,0.0,9.60701,4.26768e-07,9.60701,0.0
10610,189,1.72000080109,0.120964548728,0.0,10.8897,2.50339e-07,10.8897,0.0
10879,194,1.65000118256,0.125407311312,0.0,9.59939,2.57492e-07,9.59939,0.0
11146,199,1.6400012207,0.117712018344,0.0,9.88259,4.95909e-07,9.88259,0.0
11414,204,1.66000114441,0.116537557327,0.0,9.93103,4.72068e-07,9.93103,0.0
11668,209,1.58000095367,0.118937564428,0.0,10.696,9.36981e-07,10.696,0.0
11923,214,1.60000080109,0.128739756412,0.0,10.263,2.26497e-07,10.263,0.0
12162,219,1.55000114441,0.126391435595,0.0,10.3333,3.09944e-07,10.3333,0.0
12324,224,1.5900012207,0.12384957091,0.0,9.48276,1.85966e-07,9.48276,0.0
12485,229,1.50000102997,0.117652985705,0.0,9.80441,2.64644e-07,9.80441,0.0
12646,234,1.48000095367,0.119869273521,0.0,9.71373,6.55649e-07,9.71373,0.0
12807,239,1.52000076294,0.122290276637,0.0,9.56086,4.67298e-07,9.56086,0.0
12844,240,1.51000106812,0.118619866436,0.0,10.135,3.40938e-07,10.135,0.0
12880,241,1.52000087738,0.123251511096,0.0,9.28798,3.50475e-07,9.28798,0.0
12917,242,1.45000083923,0.116692604077,0.0,9.80283,7.15255e-08,9.80283,0.0
12954,243,1.56000080109,0.121998952084,0.0,9.9956,2.50339e-07,9.9956,0.0
12991,244,1.50000106812,0.123262480233,0.0,10.0268,3.65941e-06,10.0268,0.0
13028,245,1.52000110626,0.115379061129,0.0,9.56533,7.15255e-08,9.56533,0.0
13065,246,1.66000080109,0.128747536426,0.0,9.71611,1.81198e-07,9.71611,0.0
13095,247,1.51000072479,0.130060668237,0.0,9.60289,6.89024e-07,9.60289,0.0
13132,248,1.4700012207,0.119072458292,0.0,9.92727,6.4373e-08,9.92727,0.0
13169,249,1.58000076294,0.13385776238,0.0,9.99085,2.74181e-07,9.99085,0.0
