394,4,3.00000076294,0.13918335231,3.0517578125e-06,30.1854,0.00507217,30.1804,0.0
799,9,2.49000198364,0.128486377872,3.0517578125e-06,25.7794,0.00069663,25.7787,0.0
1198,14,2.14000228882,0.116581885096,3.0517578125e-06,25.9305,0.000363469,25.9301,0.0
1599,19,1.78000190735,0.104821105368,3.0517578125e-06,26.2041,0.000159348,26.2039,0.0
2000,24,1.7600025177,0.0990760921044,1.52587890625e-06,25.3686,3.64676e-05,25.3685,0.0
2401,29,1.51000228882,0.0880989034456,3.0517578125e-06,23.7756,2.36578e-05,23.7756,0.0
2811,34,1.44000274658,0.0766501670123,6.103515625e-06,24.0422,3.34974e-05,24.0422,0.0
3214,39,1.55000335693,0.0862278815976,3.0517578125e-06,23.1893,1.16451e-05,23.1893,0.0
3618,44,1.49000221252,0.0890803549782,3.0517578125e-06,24.0675,3.02213e-05,24.0675,0.0
4016,49,1.3500025177,0.0788027946439,4.57763671875e-06,23.8752,9.33149e-06,23.8752,0.0
4414,54,1.43000259399,0.0896244037787,4.57763671875e-06,23.7311,9.63894e-06,23.7311,0.0
4813,59,1.44000236511,0.0811270841287,3.81469726562e-06,22.8645,8.91051e-06,22.8645,0.0
5230,64,1.54000183105,0.0942117478448,3.81469726562e-06,23.8436,1.29131e-05,23.8435,0.0
5647,69,1.42000228882,0.088784665867,4.57763671875e-06,21.1047,2.64524e-06,21.1047,0.0
6057,74,1.24000289917,0.0793766612895,5.34057617187e-06,21.493,3.85759e-06,21.493,0.0
6468,79,1.3100025177,0.0774180745802,1.52587890625e-06,24.0921,8.68501e-06,24.0921,0.0
6878,84,1.37000244141,0.0896087521012,3.0517578125e-06,21.89,1.01876e-05,21.89,0.0
7292,89,1.35000305176,0.0800845650546,3.0517578125e-06,22.9556,9.25705e-06,22.9556,0.0
7703,94,1.36000259399,0.0800656846639,4.57763671875e-06,21.6233,2.94322e-06,21.6233,0.0
8116,99,1.22000267029,0.0777071319663,3.81469726562e-06,22.4111,0.000485532,22.4106,0.0
8532,104,1.33000236511,0.0817993701939,4.57763671875e-06,22.0142,2.35674e-06,22.0142,0.0
8945,109,1.27000343323,0.0793557053381,5.34057617187e-06,21.553,5.11516e-06,21.553,0.0
9357,114,1.29000228882,0.0804907624502,4.57763671875e-06,22.4115,2.3591e-06,22.4115,0.0
9768,119,1.23000305176,0.0815194773488,1.52587890625e-06,19.8685,6.43108e-06,19.8685,0.0
10181,124,1.27000259399,0.0711639985972,1.52587890625e-06,21.5172,3.0696e-06,21.5172,0.0
10599,129,1.14000350952,0.0785296008093,6.103515625e-06,22.012,0.000170822,22.0119,0.0
11014,134,1.29000305176,0.0778749360895,4.57763671875e-06,21.5603,1.92607e-05,21.5603,0.0
11427,139,1.18000289917,0.0676728403553,4.57763671875e-06,23.9819,6.09321e-06,23.9819,0.0
11842,144,1.26000305176,0.0777168518431,2.28881835937e-06,23.6435,6.18068e-06,23.6434,0.0
12261,149,1.10000289917,0.0685499767363,4.57763671875e-06,21.0064,3.05053e-06,21.0064,0.0
12671,154,1.10000228882,0.0641885819714,6.103515625e-06,21.7189,1.26003e-06,21.7189,0.0
13079,159,1.07000289917,0.0612983865615,3.81469726562e-06,22.7196,1.33632e-06,22.7196,0.0
13460,164,1.18000320435,0.0668035879941,3.81469726562e-06,22.5566,5.54256e-06,22.5566,0.0
13831,169,1.11000289917,0.0640192016232,5.34057617187e-06,20.931,5.9905e-06,20.931,0.0
14201,174,1.19000366211,0.0746662579497,4.57763671875e-06,21.1993,3.40926e-06,21.1992,0.0
14572,179,1.15000274658,0.0679184759997,6.86645507813e-06,20.7738,1.41024e-06,20.7738,0.0
14943,184,1.13000236511,0.0681745166247,3.81469726562e-06,22.4414,1.22189e-06,22.4414,0.0
15313,189,1.06000267029,0.0668779445441,4.57763671875e-06,20.8161,1.11103e-06,20.8161,0.0
15684,194,1.14000289917,0.0688871016314,4.57763671875e-06,21.8375,1.92758e-06,21.8375,0.0
16054,199,1.09000259399,0.0734578040428,3.81469726562e-06,21.9116,1.5652e-06,21.9116,0.0
16425,204,1.08000366211,0.0628616215722,1.52587890625e-06,19.7889,1.26719e-06,19.7889,0.0
16796,209,1.03000320435,0.0701550516243,4.57763671875e-06,22.3826,2.33527e-06,22.3826,0.0
17166,214,1.02000328064,0.0624625868659,4.57763671875e-06,21.5526,1.1587e-06,21.5526,0.0
17536,219,0.990003128052,0.0647207849418,4.57763671875e-06,21.1747,1.74877e-06,21.1747,0.0
17902,224,0.9700025177,0.0616565808711,3.0517578125e-06,20.5394,4.88757e-07,20.5394,0.0
18267,229,0.96000328064,0.0605277602487,4.57763671875e-06,19.9882,1.25049e-06,19.9882,0.0
18632,234,0.91000289917,0.0600002679828,3.81469726562e-06,20.7516,5.60282e-07,20.7516,0.0
18997,239,0.950003204346,0.0620147346088,3.81469726562e-06,21.2075,4.62531e-07,21.2075,0.0
19075,240,1.02000335693,0.0678667687291,4.57763671875e-06,20.4617,1.23262e-06,20.4617,0.0
19153,241,0.980003433228,0.0649218693996,4.57763671875e-06,20.1879,4.673e-07,20.1879,0.0
19231,242,1.0200038147,0.0611619658644,3.81469726562e-06,19.1828,7.9393e-07,19.1828,0.0
19309,243,0.950003662109,0.0605514248554,4.57763671875e-06,21.5979,6.87835e-07,21.5979,0.0
19387,244,0.920003051758,0.0586175767512,3.81469726562e-06,20.2867,2.65837e-07,20.2867,0.0
19465,245,0.92000289917,0.0581902654796,6.86645507813e-06,20.6178,2.08609e-06,20.6178,0.0
19543,246,0.910003433228,0.0586320601117,3.0517578125e-06,19.7504,2.44848e-06,19.7504,0.0
19621,247,0.9000025177,0.0638251839159,3.81469726562e-06,20.4178,8.78557e-07,20.4178,0.0
19699,248,0.890002441406,0.0587268115496,3.0517578125e-06,20.526,3.83853e-07,20.526,0.0
19777,249,0.920003051758,0.0592622430041,3.81469726562e-06,19.6166,1.35538e-06,19.6166,0.0
