62,4,8.77000053406,0.337540266551,0.0,13.3758,0.00753805,13.3682,0.0
124,9,5.18000049591,0.198198164403,0.0,10.5818,0.00120544,10.5806,0.0
185,14,4.0600005722,0.182934972467,0.0,10.3059,0.000523472,10.3054,0.0
246,19,3.11000091553,0.149798160298,0.0,9.90632,9.08647e-05,9.90623,0.0
307,24,3.13000087738,0.146765482239,0.0,9.58146,4.79215e-05,9.58141,0.0
368,29,2.71000106812,0.132943112768,0.0,9.02942,2.73069e-05,9.0294,0.0
429,34,2.57000095367,0.13913738314,0.0,9.10345,1.40304e-05,9.10344,0.0
490,39,2.19000080109,0.119876922677,0.0,8.96523,8.5305e-06,8.96522,0.0
551,44,2.20000110626,0.126742178592,0.0,8.52712,4.95905e-06,8.52711,0.0
612,49,2.34000095367,0.137593649049,0.0,8.68997,1.22732e-05,8.68996,0.0
673,54,2.02000083923,0.122161830831,0.0,8.70424,8.88311e-06,8.70423,0.0
733,59,1.91000133514,0.115440427372,0.0,8.30287,5.11165e-06,8.30287,0.0
794,64,1.9600006485,0.116196398505,0.0,8.36537,2.75848e-06,8.36537,0.0
854,69,1.84000091553,0.105769943472,0.0,8.25526,2.35553e-06,8.25525,0.0
915,74,1.70000095367,0.109619537678,0.0,8.05055,1.35183e-06,8.05055,0.0
976,79,2.02000072479,0.11549392684,0.0,8.39001,2.88481e-06,8.39,0.0
1037,84,1.93000102997,0.119686181522,0.0,8.43869,1.69992e-06,8.43869,0.0
1098,89,1.61000106812,0.11398724436,0.0,8.43655,5.17368e-07,8.43655,0.0
1159,94,1.63000091553,0.105121375527,0.0,8.30134,1.14201e-06,8.30134,0.0
1219,99,1.70000041962,0.105587961098,0.0,7.83099,6.96179e-07,7.83099,0.0
1280,104,1.88000099182,0.117378922554,0.0,7.88603,7.86778e-07,7.88603,0.0
1340,109,1.65000099182,0.108824916557,0.0,7.61971,5.03062e-07,7.61971,0.0
1401,114,1.78000114441,0.105078609174,0.0,8.03255,4.26768e-07,8.03255,0.0
1462,119,1.49000087738,0.0977494339266,0.0,7.5473,2.36034e-07,7.5473,0.0
1523,124,1.49000076294,0.100330605924,0.0,8.04629,3.88622e-07,8.04629,0.0
1584,129,1.46000087738,0.105277638704,0.0,7.86571,3.88621e-07,7.86571,0.0
1645,134,1.540001297,0.103443501287,0.0,7.83833,1.38283e-07,7.83833,0.0
1706,139,1.45000102997,0.112071141219,0.0,7.64708,1.00136e-07,7.64708,0.0
1767,144,1.53000087738,0.112784906553,0.0,7.82585,8.34465e-08,7.82585,0.0
1827,149,1.43000061035,0.105433657412,0.0,7.58791,3.69548e-07,7.58791,0.0
1888,154,1.43000102997,0.0926040251685,0.0,7.77728,1.35898e-07,7.77728,0.0
1949,159,1.33000087738,0.105236012886,0.0,7.48642,1.35898e-07,7.48642,0.0
2010,164,1.48000102997,0.110864814528,0.0,8.04871,1.16825e-07,8.04871,0.0
2071,169,1.49000114441,0.11295969795,0.0,8.09862,1.04904e-07,8.09862,0.0
2132,174,1.500001297,0.113840905264,0.0,8.01958,1.64509e-07,8.01958,0.0
2193,179,1.46000125885,0.0985998632936,0.0,8.03999,1.19209e-08,8.03999,0.0
2254,184,1.45000080109,0.115061923691,0.0,7.4823,4.05311e-08,7.4823,0.0
2315,189,1.37000118256,0.119343301088,0.0,7.49389,3.8147e-08,7.49389,0.0
2376,194,1.34000072479,0.102317653944,0.0,7.85443,3.33786e-08,7.85443,0.0
2437,199,1.43000114441,0.118184882013,0.0,7.40476,7.15255e-08,7.40476,0.0
2498,204,1.29000099182,0.10220787688,0.0,7.35532,5.72204e-08,7.35532,0.0
2559,209,1.39000102997,0.103206174875,0.0,7.76163,4.05311e-08,7.76163,0.0
2620,214,1.42000068665,0.115179942739,0.0,7.41789,7.15255e-08,7.41789,0.0
2681,219,1.29000076294,0.101077661106,0.0,7.85937,7.15256e-09,7.85937,0.0
2742,224,1.36000102997,0.117915227096,0.0,7.80142,3.57628e-08,7.80142,0.0
2803,229,1.44000110626,0.117536203936,0.0,7.55772,7.15256e-09,7.55772,0.0
2864,234,1.30000095367,0.097557223617,0.0,7.8343,2.14577e-08,7.8343,0.0
2925,239,1.34000099182,0.1123424601,0.0,7.64191,4.52995e-08,7.64191,0.0
2939,240,1.52000072479,0.111749840498,0.0,7.75351,7.15256e-09,7.75351,0.0
2952,241,1.39000106812,0.105439182956,0.0,7.06955,6.19888e-08,7.06955,0.0
2965,242,1.36000102997,0.10350300563,0.0,7.73908,9.0599e-08,7.73908,0.0
2978,243,1.32000125885,0.0991421460377,0.0,7.49976,1.33514e-07,7.49976,0.0
2991,244,1.35000076294,0.111349590496,0.0,7.26297,1.19209e-08,7.26297,0.0
3004,245,1.28000102997,0.0958608079435,0.0,7.46728,3.09944e-08,7.46728,0.0
3018,246,1.31000156403,0.101363564604,0.0,7.479,1.14441e-07,7.479,0.0
3031,247,1.31000053406,0.11512080065,0.0,7.37717,7.15256e-09,7.37717,0.0
3044,248,1.340001297,0.107990982899,0.0,7.55669,4.76837e-09,7.55669,0.0
3057,249,1.29000095367,0.110020195287,0.0,7.75704,1.71661e-07,7.75704,0.0
