38,4,4.09999923706,0.200002680719,3.81469726562e-06,32.2211,0.0213271,32.1998,0.0
78,9,3.4,0.151846621558,3.81469726562e-06,25.6754,0.0038121,25.6716,0.0
116,14,2.60000228882,0.138597366028,4.57763671875e-06,23.9567,0.0020801,23.9546,0.0
125,15,3.50000305176,0.154653063416,3.81469726562e-06,22.7058,0.00151447,22.7043,0.0
134,16,3.30000305176,0.15759832859,5.34057617187e-06,22.7154,0.00160576,22.7138,0.0
142,17,2.90000228882,0.145978320763,4.57763671875e-06,22.4601,0.00125247,22.4588,0.0
151,18,2.90000305176,0.147539711371,3.81469726562e-06,22.3356,0.000893978,22.3347,0.0
160,19,2.6,0.148581175692,5.34057617187e-06,21.5759,0.00106404,21.5748,0.0
168,20,2.80000152588,0.119811891392,3.81469726562e-06,20.5726,0.000688421,20.5719,0.0
177,21,2.80000076294,0.139822347835,6.86645507813e-06,22.2444,0.000847335,22.2435,0.0
185,22,2.60000305176,0.136038172897,1.52587890625e-06,21.6038,0.000490166,21.6033,0.0
194,23,2.70000228882,0.139303457737,3.81469726562e-06,21.7378,0.000405533,21.7374,0.0
203,24,2.60000228882,0.133437984437,2.28881835937e-06,21.5268,0.0006899,21.5261,0.0
