39,4,6.36999946594,0.29409600094,0.0,17.381,0.0203585,17.3606,0.0
79,9,3.90000030518,0.176751085222,0.0,14.6125,0.00508085,14.6074,0.0
119,14,3.25000068665,0.143514027484,0.0,12.6625,0.00221229,12.6603,0.0
159,19,2.68000152588,0.119669376984,0.0,11.5314,0.00169935,11.5297,0.0
199,24,2.71000175476,0.123797128554,7.62939453125e-06,11.6218,0.000421077,11.6213,0.0
239,29,2.46000198364,0.110350173395,0.0,11.2054,0.000226697,11.2052,0.0
280,34,2.18000282288,0.113577227397,0.0,10.9161,0.000464896,10.9157,0.0
321,39,2.13000228882,0.108922375524,7.62939453125e-06,11.3429,6.2361e-05,11.3428,0.0
361,44,2.10000190735,0.111979108276,0.0,11.0076,4.32375e-05,11.0076,0.0
402,49,2.00000221252,0.115455826367,0.0,10.8903,2.76225e-05,10.8903,0.0
442,54,2.05000213623,0.113997010011,7.62939453125e-06,10.9586,2.07808e-05,10.9586,0.0
483,59,1.80000297546,0.10030489518,0.0,10.3646,2.16469e-05,10.3645,0.0
524,64,2.04000198364,0.124367602337,0.0,10.3727,2.23412e-05,10.3727,0.0
564,69,1.8600025177,0.117581082056,7.62939453125e-06,10.5074,1.77963e-05,10.5074,0.0
605,74,2.1000025177,0.121962684675,0.0,9.97628,1.2966e-05,9.97627,0.0
646,79,1.74000320435,0.0974891964532,0.0,10.2774,6.55757e-06,10.2774,0.0
686,84,1.73000350952,0.0966797006836,7.62939453125e-06,9.92151,5.57766e-06,9.92151,0.0
728,89,1.73000274658,0.10977631535,0.0,10.5151,5.12588e-06,10.5151,0.0
768,94,1.91000267029,0.108254791582,7.62939453125e-06,10.0102,4.22471e-06,10.0102,0.0
809,99,1.65000320435,0.0987068480833,0.0,9.94478,2.04681e-06,9.94478,0.0
850,104,1.59000267029,0.0979797746846,7.62939453125e-06,9.35711,3.50944e-06,9.35711,0.0
891,109,1.61000350952,0.112181844127,7.62939453125e-06,10.1361,2.26974e-06,10.1361,0.0
931,114,1.64000343323,0.106154118847,0.0,9.93212,2.37017e-05,9.9321,0.0
972,119,1.77000267029,0.113671658561,7.62939453125e-06,9.47256,6.24626e-06,9.47255,0.0
1013,124,1.70000305176,0.109915511391,7.62939453125e-06,9.93369,2.22324e-06,9.93369,0.0
1053,129,1.60000328064,0.100078900355,0.0,9.39196,1.77263e-06,9.39195,0.0
1094,134,1.65000259399,0.105009838908,7.62939453125e-06,9.91035,3.3318e-06,9.91035,0.0
1135,139,1.75000297546,0.113940717837,0.0,9.64482,3.36044e-06,9.64482,0.0
1176,144,1.63000244141,0.109612228198,7.62939453125e-06,9.5137,2.06465e-06,9.5137,0.0
1262,149,1.78000320435,0.117420271253,0.0,9.54937,3.3604e-06,9.54937,0.0
1356,154,1.62000297546,0.104734740601,0.0,9.80317,1.66892e-06,9.80317,0.0
1450,159,1.59000289917,0.112260124953,7.62939453125e-06,9.49154,3.50224e-06,9.49154,0.0
1543,164,1.48000335693,0.105112715747,0.0,9.4864,2.90744e-06,9.4864,0.0
1637,169,1.50000358582,0.108857822849,7.62939453125e-06,8.77167,1.94429e-06,8.77166,0.0
1730,174,1.50000305176,0.0970329132953,0.0,9.63473,2.5366e-06,9.63473,0.0
1823,179,1.58000320435,0.104012464619,7.62939453125e-06,9.295,2.89892e-06,9.29499,0.0
1917,184,1.66000267029,0.112429919458,7.62939453125e-06,9.10587,1.57832e-06,9.10587,0.0
2010,189,1.44000335693,0.11046525686,0.0,9.0523,1.65065e-05,9.05228,0.0
2103,194,1.64000259399,0.107162448177,7.62939453125e-06,9.2028,1.13606e-06,9.2028,0.0
2197,199,1.6200025177,0.105780885302,0.0,9.88504,2.21369e-06,9.88504,0.0
2290,204,1.55000320435,0.107460992815,0.0,9.36481,9.64399e-07,9.36481,0.0
2380,209,1.56000244141,0.100358014193,0.0,9.12592,8.33269e-07,9.12592,0.0
2473,214,1.41000366211,0.109293711376,0.0,8.83151,7.61733e-07,8.83151,0.0
2567,219,1.67000244141,0.0998970432134,7.62939453125e-06,9.13131,4.51886e-06,9.1313,0.0
2660,224,1.39000350952,0.10481552102,7.62939453125e-06,9.52364,1.22545e-06,9.52364,0.0
2752,229,1.57000297546,0.11336995782,7.62939453125e-06,9.80331,1.28864e-06,9.80331,0.0
2845,234,1.36000312805,0.114218237443,7.62939453125e-06,8.96227,5.76969e-07,8.96227,0.0
2936,239,1.40000358582,0.106281530339,7.62939453125e-06,9.17278,9.28629e-07,9.17278,0.0
2956,240,1.49000305176,0.108969542894,7.62939453125e-06,9.06026,8.35651e-07,9.06026,0.0
2977,241,1.40000259399,0.107494137541,7.62939453125e-06,9.14658,5.45977e-07,9.14658,0.0
2997,242,1.49000335693,0.101462421005,7.62939453125e-06,8.96086,9.26249e-07,8.96086,0.0
3018,243,1.44000305176,0.109250796427,0.0,8.92279,3.50474e-07,8.92279,0.0
3038,244,1.49000267029,0.108080841627,7.62939453125e-06,9.35774,1.28745e-06,9.35774,0.0
3059,245,1.46000335693,0.100031212448,0.0,9.07542,2.59509e-06,9.07541,0.0
3079,246,1.45000335693,0.105665441641,0.0,9.04891,6.13926e-07,9.04891,0.0
3099,247,1.42000274658,0.107134288881,0.0,9.50958,7.00947e-07,9.50958,0.0
3120,248,1.35000312805,0.105732369739,7.62939453125e-06,8.89121,6.23461e-07,8.8912,0.0
3141,249,1.35000236511,0.105276239414,0.0,9.11105,1.54849e-06,9.11105,0.0
