38,4,6.47999938965,0.291841356903,7.62939453125e-06,17.2909,0.0245294,17.2663,0.0
77,9,4.00000076294,0.173643352948,0.0,13.8248,0.00552347,13.8193,0.0
116,14,2.99000144958,0.136159148924,7.62939453125e-06,12.7434,0.00166078,12.7417,0.0
155,19,2.80000190735,0.12342249373,7.62939453125e-06,11.663,0.000630386,11.6624,0.0
195,24,2.54000205994,0.114408683991,7.62939453125e-06,11.5135,0.000337962,11.5132,0.0
234,29,2.86000274658,0.128632329348,7.62939453125e-06,11.3816,0.000166465,11.3814,0.0
273,34,2.71000152588,0.123480263832,7.62939453125e-06,11.0066,7.20496e-05,11.0065,0.0
312,39,2.71000198364,0.12907778726,7.62939453125e-06,11.0728,3.70719e-05,11.0728,0.0
351,44,2.53000221252,0.118723435046,7.62939453125e-06,10.8993,1.92983e-05,10.8993,0.0
391,49,2.52000190735,0.128214598546,0.0,10.7653,2.43718e-05,10.7653,0.0
430,54,2.45000213623,0.121485118041,7.62939453125e-06,10.3961,2.59411e-05,10.3961,0.0
469,59,2.74000144958,0.136519063015,7.62939453125e-06,10.523,7.39439e-06,10.523,0.0
508,64,2.40000236511,0.125355777419,0.0,10.1338,3.94102e-06,10.1338,0.0
548,69,2.62000175476,0.136798376185,7.62939453125e-06,10.1483,5.61578e-06,10.1483,0.0
587,74,2.28000228882,0.117757962075,0.0,10.3791,2.03132e-06,10.3791,0.0
626,79,2.44000228882,0.126725201011,7.62939453125e-06,10.0885,5.66942e-06,10.0885,0.0
666,84,2.25000297546,0.11763089595,7.62939453125e-06,10.2226,6.97362e-05,10.2225,0.0
705,89,2.47000213623,0.142797572492,7.62939453125e-06,10.1832,1.86084e-06,10.1832,0.0
744,94,2.42000267029,0.126329193805,7.62939453125e-06,9.95374,1.25885e-06,9.95374,0.0
783,99,2.39000259399,0.122724585975,7.62939453125e-06,10.092,1.58548e-06,10.092,0.0
822,104,2.07000335693,0.118921136252,7.62939453125e-06,10.4391,9.90627e-07,10.4391,0.0
862,109,2.15000274658,0.118438273222,7.62939453125e-06,10.3248,1.14082e-06,10.3248,0.0
901,114,2.31000259399,0.129584327316,7.62939453125e-06,10.7829,5.20944e-07,10.7829,0.0
940,119,2.17000305176,0.112891887898,7.62939453125e-06,9.94545,0.000387628,9.94507,0.0
979,124,2.57000190735,0.148287025499,7.62939453125e-06,9.54936,9.07172e-07,9.54936,0.0
1018,129,2.43000228882,0.131479771056,0.0,9.99549,5.26904e-07,9.99549,0.0
1057,134,2.54000213623,0.146961459916,7.62939453125e-06,9.93901,7.10485e-07,9.93901,0.0
1097,139,2.31000282288,0.135200983716,0.0,9.41726,9.17902e-07,9.41726,0.0
1136,144,2.44000244141,0.150018318591,0.0,9.66815,3.09944e-07,9.66815,0.0
1175,149,2.26000259399,0.129551728026,0.0,9.75996,6.23461e-07,9.75996,0.0
1214,154,2.22000297546,0.122544340236,7.62939453125e-06,9.67523,5.11406e-07,9.67523,0.0
1253,159,2.32000228882,0.142713201005,7.62939453125e-06,9.70995,1.66893e-07,9.70995,0.0
1292,164,2.31000244141,0.130169996085,0.0,10.3987,2.21729e-07,10.3987,0.0
1331,169,2.26000274658,0.128785248328,0.0,9.7154,7.54585e-07,9.7154,0.0
1370,174,2.20000312805,0.131182173354,7.62939453125e-06,9.48577,1.20401e-07,9.48577,0.0
1410,179,2.23000228882,0.118649464925,7.62939453125e-06,9.56737,1.56164e-07,9.56737,0.0
1449,184,2.43000267029,0.138954897073,7.62939453125e-06,9.62374,2.06232e-07,9.62374,0.0
1488,189,2.35000221252,0.139947843169,7.62939453125e-06,9.42101,1.38283e-07,9.42101,0.0
1527,194,2.25000289917,0.129881076986,0.0,9.34273,1.99079e-07,9.34273,0.0
1566,199,2.12000236511,0.121579755476,7.62939453125e-06,9.254,7.27176e-08,9.254,0.0
1605,204,2.2500025177,0.128191988545,0.0,9.65418,2.39943e-06,9.65417,0.0
1644,209,2.20000305176,0.126328189805,0.0,9.43745,6.55651e-08,9.43745,0.0
1683,214,2.2600025177,0.133447858883,0.0,9.52397,5.84125e-08,9.52397,0.0
1722,219,2.43000267029,0.130946552266,0.0,10.0003,8.34464e-08,10.0003,0.0
1760,224,1.89000312805,0.123382875129,7.62939453125e-06,9.51772,3.69549e-08,9.51772,0.0
1799,229,2.20000267029,0.128163922732,7.62939453125e-06,9.40936,8.22544e-08,9.40936,0.0
1837,234,2.09000274658,0.13623632052,7.62939453125e-06,9.58803,8.70227e-08,9.58803,0.0
1876,239,2.23000267029,0.129070123102,0.0,9.36353,6.31809e-08,9.36353,0.0
1884,240,2.21000236511,0.129934793847,7.62939453125e-06,9.37835,3.69549e-08,9.37835,0.0
1893,241,2.38000267029,0.136218880737,7.62939453125e-06,9.31266,1.33745e-06,9.31266,0.0
1901,242,2.21000274658,0.129006048906,7.62939453125e-06,9.59761,5.48362e-08,9.59761,0.0
1910,243,2.20000297546,0.120262303524,7.62939453125e-06,9.14365,4.88758e-08,9.14365,0.0
1918,244,2.3400025177,0.146651846901,7.62939453125e-06,9.88823,1.63316e-07,9.88823,0.0
1927,245,2.42000205994,0.143684134696,0.0,9.45631,2.53914e-07,9.45631,0.0
1935,246,2.37000228882,0.150110068803,7.62939453125e-06,9.15368,1.3113e-07,9.15368,0.0
1944,247,2.45000259399,0.153384987268,7.62939453125e-06,9.47609,5.72204e-08,9.47609,0.0
1952,248,2.3300025177,0.139301343316,7.62939453125e-06,9.31526,9.89437e-08,9.31526,0.0
1961,249,2.32000228882,0.137393079991,0.0,9.42075,1.76429e-07,9.42075,0.0
