230,4,9.27000076294,0.4300095433,0.0,9.41788,0.0177702,9.40011,0.0
470,9,5.16000045776,0.223684601672,0.0,7.38772,0.00533063,7.38239,0.0
680,14,3.95000049591,0.169981702734,0.0,6.77458,0.00204098,6.77254,0.0
840,19,3.00000099182,0.129507879503,0.0,6.66949,0.00113892,6.66835,0.0
1001,24,3.05000053406,0.13551610844,0.0,6.47174,0.000366267,6.47138,0.0
1162,29,2.71000102997,0.123276315515,0.0,5.98392,0.00019548,5.98372,0.0
1323,34,2.89000076294,0.130603311603,0.0,6.03767,0.000148532,6.03752,0.0
1482,39,2.65000102997,0.127896493421,0.0,5.95608,5.75155e-05,5.95602,0.0
1639,44,2.64000118256,0.135764616653,0.0,5.657,3.70197e-05,5.65696,0.0
1797,49,2.24000102997,0.113161472201,0.0,5.82041,2.17238e-05,5.82039,0.0
1954,54,2.08000110626,0.117867119189,0.0,5.58591,9.4675e-06,5.5859,0.0
2112,59,2.67000076294,0.145357106942,0.0,5.50057,1.32341e-05,5.50056,0.0
2269,64,2.16000072479,0.128245183492,0.0,5.40585,8.00822e-06,5.40584,0.0
2426,69,2.180001297,0.118719054391,0.0,5.44713,1.32759e-05,5.44711,0.0
2583,74,2.18000061035,0.126988263338,0.0,5.30205,8.87617e-06,5.30204,0.0
2741,79,2.040001297,0.110167296132,0.0,5.4176,6.12965e-06,5.41759,0.0
2898,84,2.14000110626,0.125141952754,0.0,5.15072,3.27346e-06,5.15072,0.0
3055,89,2.48000102997,0.139237315256,0.0,5.31712,4.1103e-06,5.31711,0.0
3213,94,2.22000137329,0.134708280694,0.0,5.21931,2.5749e-06,5.2193,0.0
3370,99,2.18000095367,0.126020826516,0.0,5.20545,4.68718e-06,5.20545,0.0
3527,104,2.4700012207,0.137205252705,0.0,4.91027,2.04085e-06,4.91026,0.0
3684,109,2.32000061035,0.139447513452,0.0,5.02373,1.83819e-06,5.02373,0.0
3841,114,2.21000091553,0.122548268728,0.0,5.26957,9.01221e-07,5.26957,0.0
3999,119,2.22000102997,0.130424325523,0.0,4.9111,1.81673e-06,4.9111,0.0
4156,124,2.02000076294,0.130548010369,0.0,4.93167,1.7023e-06,4.93167,0.0
4314,129,2.45000099182,0.135705448448,0.0,5.11688,1.5974e-06,5.11688,0.0
4472,134,2.56000072479,0.146232403855,0.0,4.91423,1.00438e-05,4.91422,0.0
4630,139,2.20000091553,0.136389119878,0.0,5.02425,1.16348e-06,5.02424,0.0
4787,144,2.20000099182,0.126989543634,0.0,5.19608,1.3709e-06,5.19608,0.0
4945,149,2.03000099182,0.132271230548,0.0,4.95004,2.12191e-06,4.95004,0.0
5100,154,2.15000095367,0.138846902302,0.0,4.7702,1.20878e-06,4.77019,0.0
5249,159,2.03000087738,0.136360378257,0.0,5.17629,6.2704e-07,5.17629,0.0
5397,164,2.20000099182,0.135335655774,0.0,4.84486,4.76837e-07,4.84486,0.0
5548,169,2.13000110626,0.139384839331,0.0,4.74668,8.42021e-06,4.74667,0.0
5697,174,2.15000087738,0.141709901549,0.0,4.95788,5.38825e-07,4.95788,0.0
5846,179,2.21000114441,0.141970999721,0.0,4.86733,1.13248e-06,4.86733,0.0
5996,184,2.33000102997,0.147516519675,0.0,4.90304,2.94205e-06,4.90303,0.0
6145,189,2.13000083923,0.146679651019,0.0,4.86746,9.03603e-07,4.86746,0.0
6294,194,2.46000068665,0.148234567199,0.0,4.88992,1.14916e-06,4.88992,0.0
6444,199,2.27000114441,0.147348652891,0.0,4.70356,1.03949e-06,4.70356,0.0
6592,204,2.15000091553,0.142126320799,0.0,4.67746,5.98429e-07,4.67746,0.0
6740,209,2.20000110626,0.134591207731,0.0,5.04963,5.69818e-07,5.04963,0.0
6890,214,2.09000106812,0.137002715299,0.0,4.6067,2.19345e-07,4.6067,0.0
7039,219,2.04000072479,0.126571495529,0.0,4.69834,4.43458e-07,4.69834,0.0
7225,224,2.08000087738,0.132741668502,0.0,4.69581,3.55243e-07,4.69581,0.0
7431,229,1.93000118256,0.125069480287,0.0,4.49897,4.02926e-07,4.49897,0.0
7637,234,2.16000125885,0.138306493916,0.0,4.80013,4.6253e-07,4.80013,0.0
7841,239,2.17000125885,0.136236580876,0.0,4.66865,1.97887e-07,4.66865,0.0
7888,240,2.12000083923,0.127815943692,0.0,4.66527,6.72333e-07,4.66527,0.0
7935,241,2.05000125885,0.137815872162,0.0,4.66139,1.93119e-07,4.66139,0.0
7982,242,2.07000099182,0.137049640078,0.0,4.49452,5.19752e-07,4.49451,0.0
8029,243,2.08000076294,0.140289225902,0.0,4.80384,9.89422e-07,4.80384,0.0
8075,244,2.04000125885,0.134857314127,0.0,4.48901,4.72068e-07,4.48901,0.0
8123,245,2.01000106812,0.136556095545,0.0,4.62906,2.45571e-07,4.62906,0.0
8170,246,2.02000091553,0.132723293511,0.0,4.59741,1.04904e-07,4.59741,0.0
8217,247,2.03000118256,0.129413727596,0.0,4.82088,1.62124e-07,4.82088,0.0
8264,248,2.00000110626,0.129957791848,0.0,4.73101,2.0504e-07,4.73101,0.0
8312,249,2.01000083923,0.135494243956,0.0,4.75529,9.29832e-08,4.75529,0.0
