92,4,8.48000080109,0.330737564787,0.0,13.1929,0.0055429,13.1873,0.0
187,9,5.10000022888,0.200803234,0.0,10.9315,0.001555,10.93,0.0
281,14,4.4000006485,0.195823588665,0.0,10.0011,0.000732006,10.0004,0.0
373,19,3.7300005722,0.159899970876,0.0,9.66902,0.000233727,9.66878,0.0
466,24,3.8700006485,0.162144389843,0.0,9.44943,0.000115383,9.44932,0.0
559,29,3.71000053406,0.166298037308,0.0,9.13583,6.84948e-05,9.13576,0.0
650,34,3.42000034332,0.152856715498,0.0,8.3445,2.7156e-05,8.34447,0.0
742,39,3.45000061035,0.175452820861,0.0,8.63428,2.98243e-05,8.63425,0.0
835,44,3.07000102997,0.15769816645,0.0,8.54988,1.28982e-05,8.54987,0.0
926,49,2.98000091553,0.165524846465,0.0,8.20809,1.09931e-05,8.20808,0.0
1017,54,2.81000110626,0.139199459357,0.0,8.00758,0.000224775,8.00735,0.0
1106,59,2.83000137329,0.148455165869,0.0,8.29421,6.71377e-06,8.2942,0.0
1190,64,2.96000099182,0.179971615057,0.0,8.06657,4.62051e-06,8.06656,0.0
1280,69,2.69000080109,0.150786546768,0.0,7.62672,1.87634e-06,7.62672,0.0
1368,74,2.89000087738,0.162395361858,0.0,8.3335,2.88245e-06,8.3335,0.0
1453,79,2.700001297,0.153796935354,0.0,8.01337,7.56958e-06,8.01337,0.0
1544,84,2.77000068665,0.144158512681,0.0,7.76341,1.87542e-05,7.76339,0.0
1633,89,2.86000053406,0.16659738684,0.0,7.62769,7.1067e-06,7.62769,0.0
1717,94,2.91000072479,0.174079374147,0.0,7.39635,1.35898e-06,7.39635,0.0
1807,99,2.82000110626,0.163253412557,0.0,7.67018,2.39847e-06,7.67018,0.0
1898,104,2.78000106812,0.163850572552,0.0,7.75037,2.7656e-06,7.75037,0.0
1987,109,2.39000080109,0.161296175504,0.0,7.68748,1.8978e-06,7.68748,0.0
2073,114,2.58000114441,0.172247784277,0.0,8.22524,8.98833e-07,8.22523,0.0
2163,119,2.58000102997,0.157802298624,0.0,7.28949,4.00543e-07,7.28949,0.0
2252,124,2.58000102997,0.174493220923,0.0,7.85833,4.64915e-07,7.85833,0.0
