61,4,8.44000068665,0.330239733458,0.0,12.7999,0.00640857,12.7935,0.0
124,9,5.21000041962,0.210370958159,0.0,10.2846,0.0017671,10.2829,0.0
187,14,4.29000095367,0.183755680765,0.0,10.1618,0.000553946,10.1613,0.0
250,19,4.02000083923,0.196067999689,0.0,9.90855,0.000219081,9.90833,0.0
312,24,3.4900006485,0.156329775238,0.0,9.15928,5.2744e-05,9.15923,0.0
375,29,3.3000005722,0.166198449652,0.0,9.50006,4.94668e-05,9.50001,0.0
437,34,3.20000106812,0.191160279686,0.0,9.09343,1.07478e-05,9.09342,0.0
501,39,3.26000110626,0.197229775893,0.0,9.20166,1.11672e-05,9.20165,0.0
563,44,2.90000106812,0.174915310624,0.0,8.76311,2.71796e-06,8.76311,0.0
624,49,2.96000068665,0.191276802823,0.0,8.3737,1.2552e-05,8.37369,0.0
686,54,3.02000133514,0.198141400868,0.0,8.59551,6.10808e-06,8.5955,0.0
748,59,2.97000102997,0.223205375101,0.0,8.33859,4.89227e-06,8.33859,0.0
809,64,2.98000102997,0.18962435996,0.0,8.7577,3.13757e-06,8.7577,0.0
870,69,2.91000068665,0.199034114188,0.0,8.51861,2.71315e-06,8.51861,0.0
930,74,2.96000091553,0.200238959397,0.0,8.14727,8.82147e-07,8.14727,0.0
991,79,2.83000099182,0.197274669022,0.0,8.09619,1.53779e-06,8.09619,0.0
1052,84,2.80000102997,0.228352201887,0.0,8.04231,7.46249e-07,8.04231,0.0
1113,89,2.79000106812,0.235255459254,0.0,7.96401,8.13005e-07,7.96401,0.0
1174,94,2.92000095367,0.251108472823,0.0,8.54658,4.02927e-07,8.54658,0.0
1234,99,2.87000114441,0.278922156465,0.0,8.13033,1.44481e-06,8.13033,0.0
1295,104,2.76000106812,0.277691791936,0.0,7.85323,1.67128e-06,7.85323,0.0
1356,109,2.67000137329,0.284480270257,0.0,7.95291,5.05446e-07,7.95291,0.0
1417,114,2.85000114441,0.273560256923,0.0,8.04648,1.19922e-06,8.04648,0.0
1478,119,2.6700006485,0.259828171619,0.0,8.3682,4.12463e-07,8.3682,0.0
1539,124,2.64000087738,0.238935056095,0.0,7.73506,5.19751e-07,7.73506,0.0
1600,129,2.73000095367,0.220398470757,0.0,8.1702,2.40803e-07,8.1702,0.0
1661,134,2.67000118256,0.222982279732,0.0,7.84603,2.50339e-07,7.84603,0.0
1722,139,2.63000061035,0.22754281525,0.0,7.97923,3.02791e-07,7.97923,0.0
1783,144,2.72000091553,0.258054452604,0.0,8.22351,1.93119e-07,8.22351,0.0
1844,149,2.70000091553,0.277606460312,0.0,8.2256,4.14847e-07,8.2256,0.0
1905,154,2.64000095367,0.31813124478,0.0,8.26638,2.78949e-07,8.26638,0.0
1966,159,2.65000148773,0.299542057992,0.0,7.64593,1.19103e-05,7.64591,0.0
2027,164,2.61000137329,0.303724639543,0.0,7.81916,9.0599e-08,7.81916,0.0
2088,169,2.61000114441,0.274996832859,0.0,7.61098,1.09672e-07,7.61098,0.0
2149,174,2.64000114441,0.290743304767,0.0,7.63981,1.52588e-07,7.63981,0.0
2210,179,2.66000076294,0.295030060967,0.0,7.87408,4.05311e-08,7.87408,0.0
2271,184,2.74000095367,0.322032324456,0.0,7.72128,8.58306e-08,7.72128,0.0
2332,189,2.53000083923,0.250441265398,0.0,7.94942,3.09944e-08,7.94942,0.0
2393,194,2.56000080109,0.3064503725,0.0,7.75714,1.40667e-07,7.75714,0.0
2454,199,2.55000141144,0.316959802445,0.0,7.65552,1.04904e-07,7.65552,0.0
2515,204,2.53000076294,0.299255163701,0.0,7.90691,4.29153e-08,7.90691,0.0
2576,209,2.57000114441,0.331465070345,0.0,7.38153,3.57628e-08,7.38153,0.0
2637,214,2.50000076294,0.285204067201,0.0,8.26019,4.05312e-08,8.26019,0.0
2698,219,2.61000110626,0.322253755488,0.0,7.49324,5.48363e-08,7.49324,0.0
2759,224,2.59000099182,0.287659161383,0.0,7.60924,2.86102e-08,7.60924,0.0
2820,229,2.50000106812,0.308920908449,0.0,7.81783,4.76837e-09,7.81783,0.0
2882,234,2.56000118256,0.314878736872,0.0,8.09723,1.16825e-07,8.09723,0.0
2943,239,2.52000091553,0.313628519522,0.0,7.62417,2.86102e-08,7.62417,0.0
2956,240,2.42000080109,0.303913236545,0.0,7.88663,2.86102e-08,7.88663,0.0
2970,241,2.50000114441,0.304225382299,0.0,7.94739,4.52995e-08,7.94739,0.0
2983,242,2.49000095367,0.311466578273,0.0,7.76682,7.39097e-08,7.76682,0.0
2997,243,2.57000091553,0.346316357022,0.0,7.6407,4.76837e-08,7.6407,0.0
3010,244,2.57000080109,0.328423449939,0.0,7.59235,8.58306e-08,7.59235,0.0
3023,245,2.63000099182,0.298346895062,0.0,7.66066,8.82148e-08,7.66066,0.0
3037,246,2.47000091553,0.297276477345,0.0,7.26519,1.66893e-08,7.26519,0.0
3050,247,2.59000133514,0.317662573666,0.0,7.54332,2.86102e-08,7.54332,0.0
3064,248,2.47000076294,0.311870908357,0.0,7.77141,8.82148e-08,7.77141,0.0
3077,249,2.50000102997,0.324549760279,0.0,7.65175,3.8147e-08,7.65175,0.0
