1 1 2.70000152588
1 11 2.9
1 111 2.80000305176
1 1111 2.70000305176
1 11111 2.99999923706
2 1 2.70000228882
2 11 3.3
2 111 3.2
2 1111 2.9000038147
2 11111 3.70000305176
3 1 2.90000228882
3 11 2.30000305176
3 111 3.20000305176
3 1111 2.80000076294
3 11111 3.00000076294
4 1 2.70000228882
4 11 2.90000076294
4 111 3.10000457764
4 1111 2.90000305176
4 11111 2.4000038147
5 1 2.90000305176
5 11 3.0
5 111 3.00000152588
5 1111 2.70000228882
5 11111 3.30000152588
1 2.82000137329 0.13038261449554844
2 3.16000183105 0.3847074234256822
3 2.84000198364 0.3361544879724999
4 2.80000289917 0.26457513111052916
5 2.98000167847 0.21679441158805685
