1 1 3.50000228882
1 11 3.5
1 111 3.4
1 1111 3.00000152588
1 11111 3.59999923706
2 1 3.30000152588
2 11 3.30000076294
2 111 3.00000076294
2 1111 3.00000152588
2 11111 3.10000152588
3 1 3.00000228882
3 11 3.80000076294
3 111 2.90000076294
3 1111 3.39999771118
3 11111 3.00000152588
4 1 3.30000076294
4 11 3.20000228882
4 111 2.90000076294
4 1111 3.00000152588
4 11111 2.7000038147
5 1 2.80000228882
5 11 3.30000076294
5 111 3.10000152588
5 1111 3.0
5 11111 3.70000076294
1 3.40000061035 0.23452021868649828
2 3.1400012207 0.15165748372823576
3 3.22000061035 0.3768281751339782
4 3.02000183105 0.23874597676209505
5 3.18000106812 0.3420522595024584
