1 1 4.29999923706
1 11 8.49999847412
1 111 5.2
1 1111 6.79999847412
1 11111 4.09999923706
2 1 5.89999923706
2 11 8.69999923706
2 111 4.1
2 1111 4.2
2 11111 4.89999847412
3 1 4.1
3 11 7.69999847412
3 111 5.2
3 1111 4.2
3 11111 5.09999847412
4 1 4.80000152588
4 11 7.59999923706
4 111 3.90000076294
4 1111 4.59999847412
4 11111 5.39999694824
5 1 7.19999923706
5 11 8.1
5 111 5.40000152588
5 1111 4.89999923706
5 11111 4.90000152588
1 5.77999908447 1.8566093698059345
2 5.55999938965 1.8968392594064998
3 5.25999938965 1.45361558209134
4 5.25999938965 1.4135057578694799
5 6.10000030518 1.4645813697310746
