195,4,2.97000144958,0.136788207442,5.34057617187e-06,18.3179,0.0250415,18.1416,0.151263
392,9,2.44000144958,0.115013469197,6.86645507813e-06,14.4035,0.0176785,14.302,0.0838256
588,14,2.22000221252,0.102789262366,6.86645507813e-06,13.298,0.0133214,13.2213,0.0633869
786,19,2.22000198364,0.101923306957,6.103515625e-06,12.5574,0.0111461,12.4469,0.099403
981,24,1.99000228882,0.0924074326456,7.62939453125e-07,12.5002,0.0105031,12.3751,0.11466
1176,29,1.86000267029,0.091702372916,4.57763671875e-06,12.32,0.0140109,12.1406,0.165345
1372,34,1.85000221252,0.0895010789856,7.62939453125e-07,11.5836,0.0147067,11.4187,0.150132
1567,39,1.84000244141,0.0863261407241,6.103515625e-06,11.1323,0.0113751,11.031,0.0898901
1763,44,1.68000274658,0.0836934822239,3.0517578125e-06,11.8948,0.0108979,11.8231,0.0608212
1958,49,1.67000267029,0.0789715399034,1.52587890625e-06,11.4387,0.0118558,11.2984,0.128452
2158,54,1.62000297546,0.080205401741,1.52587890625e-06,11.631,0.00950565,11.4369,0.184629
2353,59,1.71000259399,0.0802400667965,5.34057617187e-06,11.2053,0.0097559,11.0511,0.144408
2549,64,1.64000244141,0.0826163515262,6.103515625e-06,11.3119,0.010686,11.1448,0.156507
2745,69,1.58000274658,0.0782599721663,2.28881835937e-06,10.7115,0.0105615,10.5821,0.118772
2955,74,1.66000183105,0.0792338842712,6.86645507813e-06,11.1244,0.0104051,10.9098,0.20414
3152,79,1.59000236511,0.0770773282647,3.81469726562e-06,10.51,0.0112409,10.354,0.144751
3361,84,1.55000274658,0.0761742058583,6.86645507813e-06,10.388,0.00980007,10.1509,0.227249
3576,89,1.50000305176,0.0735687379539,1.52587890625e-06,11.1515,0.0103993,10.8769,0.264174
3790,94,1.45000343323,0.0748100037687,6.103515625e-06,10.14,0.0103401,9.91287,0.216824
4003,99,1.41000259399,0.0764216296375,1.52587890625e-06,10.6801,0.00991296,10.3859,0.284269
4199,104,1.58000244141,0.0771596566401,7.62939453125e-07,10.2849,0.008676,10.0113,0.264886
4412,109,1.51000267029,0.0761500397883,6.86645507813e-06,10.7464,0.0100944,10.5049,0.23143
4609,114,1.49000312805,0.0717145795003,4.57763671875e-06,10.3037,0.0102483,9.8306,0.462853
4820,119,1.49000236511,0.0733198813908,7.62939453125e-07,10.216,0.00987587,9.86973,0.336388
5016,124,1.49000320435,0.0744373634271,2.28881835937e-06,11.1081,0.00963666,10.4997,0.598772
5231,129,1.41000297546,0.0736340359598,0.0,10.7382,0.00970669,10.2685,0.459973
5445,134,1.51000259399,0.0750110982731,5.34057617187e-06,11.3028,0.00857534,10.6516,0.642642
5659,139,1.44000328064,0.0747126626875,0.0,10.6861,0.0077614,9.82856,0.8498
5877,144,1.44000289917,0.0721023228113,6.86645507813e-06,10.1056,0.0103102,9.53547,0.55985
6097,149,1.44000297546,0.0722717282455,1.52587890625e-06,11.1801,0.00862409,10.1524,1.01908
6317,154,1.47000335693,0.0736632829159,3.81469726562e-06,10.7641,0.00885109,9.8259,0.929376
6538,159,1.46000274658,0.0708549635857,2.28881835937e-06,11.1953,0.0105052,10.1911,0.993707
6759,164,1.39000259399,0.0714420220442,4.57763671875e-06,11.226,0.00785716,10.171,1.04708
6983,169,1.45000328064,0.0717976855859,4.57763671875e-06,11.3209,0.00915045,10.2088,1.10298
7206,174,1.43000221252,0.0746459719446,0.0,11.9109,0.0101096,10.8906,1.01017
7415,179,1.46000274658,0.0727563552558,0.0,11.1065,0.0086353,9.90295,1.19496
7605,184,1.37000289917,0.0691073802672,6.86645507813e-06,11.7182,0.00911193,10.385,1.32405
7795,189,1.45000335693,0.0709825624712,4.57763671875e-06,11.2766,0.0182625,10.0396,1.21879
7986,194,1.37000282288,0.0692489093076,7.62939453125e-07,11.8143,0.00965544,10.7175,1.0871
8177,199,1.36000305176,0.0705377767049,6.86645507813e-06,10.4579,0.00904324,9.37108,1.0778
8368,204,1.34000267029,0.07119191112,6.86645507813e-06,10.8259,0.00952068,9.6263,1.19007
8560,209,1.34000282288,0.068495328445,4.57763671875e-06,11.4236,0.00804785,10.2281,1.18746
8750,214,1.29000259399,0.0686648996174,6.86645507813e-06,10.9476,0.00823419,9.38036,1.55897
8940,219,1.37000312805,0.0682610241324,5.34057617187e-06,12.2739,0.0278299,10.3562,1.88988
9130,224,1.26000312805,0.0665050463099,4.57763671875e-06,12.4202,0.00833074,11.1793,1.23259
9321,229,1.31000282288,0.0684417183511,0.0,11.1071,0.0109546,9.36732,1.72883
9511,234,1.27000366211,0.0647049976606,3.81469726562e-06,11.116,0.00839305,9.56205,1.54555
9701,239,1.27000305176,0.0642300642934,5.34057617187e-06,11.3056,0.00946472,9.74435,1.5518
9741,240,1.31000328064,0.0627548923716,7.62939453125e-07,11.2336,0.00854355,9.68214,1.5429
9780,241,1.31000320435,0.0652465306595,2.28881835937e-06,10.9617,0.00814485,9.34564,1.60788
9819,242,1.30000297546,0.0643271030206,7.62939453125e-07,11.2869,0.00828634,9.42581,1.85278
9859,243,1.29000305176,0.0632560115028,0.0,11.6025,0.00868046,9.37616,2.21769
9899,244,1.36000350952,0.0627869326528,7.62939453125e-07,10.8002,0.00820437,8.94722,1.84479
9939,245,1.27000274658,0.0649095845968,6.86645507813e-06,11.3243,0.00811652,9.69849,1.61767
9979,246,1.26000312805,0.0639903294574,7.62939453125e-06,10.8988,0.00764015,9.21613,1.675
10018,247,1.30000282288,0.0659652680065,7.62939453125e-07,11.574,0.00763965,9.63447,1.93188
10058,248,1.29000350952,0.0646761616133,6.86645507813e-06,11.4632,0.00758501,10.1903,1.26531
10098,249,1.30000267029,0.0660111459717,7.62939453125e-07,11.3896,0.00783936,9.67113,1.71062
