39,4,3.320001297,0.161106920391,4.57763671875e-06,32.6614,0.0249006,32.6365,0.0
80,9,2.48000167847,0.10639175823,3.0517578125e-06,26.454,0.00553903,26.4485,0.0
121,14,2.09000267029,0.100477833464,2.28881835937e-06,23.2016,0.0018139,23.1998,0.0
162,19,1.88000289917,0.088958734246,5.34057617187e-06,22.4751,0.00083804,22.4743,0.0
202,24,1.90000259399,0.0865173188969,4.57763671875e-06,20.9354,0.0007557,20.9346,0.0
243,29,1.85000343323,0.0852301695349,3.0517578125e-06,19.6985,0.000687116,19.6978,0.0
283,34,1.7500025177,0.0821713044494,4.57763671875e-06,19.8882,0.000268186,19.888,0.0
324,39,1.64000335693,0.0832253272366,7.62939453125e-07,20.07,0.000223568,20.0697,0.0
365,44,1.62000404358,0.0778669128963,6.86645507813e-06,20.5851,0.000122623,20.585,0.0
406,49,1.67000366211,0.0783134306548,4.57763671875e-06,19.1153,5.93203e-05,19.1152,0.0
446,54,1.38000320435,0.0719631670479,4.57763671875e-06,19.282,4.45031e-05,19.282,0.0
487,59,1.4500037384,0.0746368808381,3.81469726562e-06,18.5053,9.84329e-05,18.5052,0.0
528,64,1.43000389099,0.0681906640215,3.81469726562e-06,19.9341,0.000380079,19.9337,0.0
569,69,1.47000389099,0.075973126156,4.57763671875e-06,19.1808,3.73866e-05,19.1808,0.0
610,74,1.54000320435,0.0768779117855,2.28881835937e-06,19.0811,2.1037e-05,19.0811,0.0
651,79,1.48000350952,0.0805315375881,4.57763671875e-06,18.883,0.000315795,18.8827,0.0
692,84,1.4900037384,0.0743825517071,2.28881835937e-06,19.3314,4.43224e-05,19.3314,0.0
733,89,1.4100038147,0.0745215521206,3.0517578125e-06,18.8546,2.22049e-05,18.8546,0.0
773,94,1.31000366211,0.0677209047938,4.57763671875e-06,18.4452,1.38086e-05,18.4452,0.0
814,99,1.41000343323,0.0702448370936,7.62939453125e-07,18.3574,1.9344e-05,18.3574,0.0
855,104,1.40000335693,0.0762012353589,4.57763671875e-06,17.9557,6.0106e-05,17.9556,0.0
896,109,1.45000328064,0.0753153954691,6.103515625e-06,17.4388,1.34879e-05,17.4388,0.0
936,114,1.39000411987,0.0705261766328,2.28881835937e-06,17.6533,2.20107e-05,17.6533,0.0
977,119,1.4500037384,0.0739545790007,3.81469726562e-06,18.4921,1.49111e-05,18.4921,0.0
1018,124,1.39000274658,0.0729153018564,3.81469726562e-06,18.7897,1.00988e-05,18.7897,0.0
1059,129,1.50000335693,0.0777973028016,2.28881835937e-06,18.7271,1.65984e-05,18.7271,0.0
1099,134,1.24000404358,0.0693933531397,2.28881835937e-06,19.2049,7.44084e-06,19.2048,0.0
1140,139,1.25000312805,0.0682150438579,5.34057617187e-06,17.7541,5.55739e-06,17.7541,0.0
1180,144,1.32000419617,0.0638013115191,4.57763671875e-06,17.4694,1.45035e-05,17.4694,0.0
1250,149,1.43000297546,0.0840728120832,7.62939453125e-07,18.2125,8.17831e-06,18.2125,0.0
1330,154,1.40000312805,0.0769808885429,2.28881835937e-06,17.4593,2.20297e-06,17.4593,0.0
1408,159,1.40000366211,0.0739534497345,3.81469726562e-06,17.1181,1.62235e-05,17.1181,0.0
1486,164,1.28000358582,0.0688543671298,5.34057617187e-06,17.5962,5.97444e-06,17.5962,0.0
1565,169,1.34000289917,0.0680059643838,2.28881835937e-06,17.2123,3.29727e-06,17.2123,0.0
1644,174,1.30000312805,0.063634312005,5.34057617187e-06,17.6503,5.21645e-06,17.6503,0.0
1722,179,1.38000312805,0.0730005244969,3.81469726562e-06,17.813,5.31046e-06,17.813,0.0
1801,184,1.30000343323,0.0714697038459,4.57763671875e-06,17.0688,5.03168e-06,17.0688,0.0
1880,189,1.26000350952,0.0678015473449,3.81469726562e-06,17.0119,1.03916e-05,17.0119,0.0
1959,194,1.2700038147,0.070881891985,6.103515625e-06,17.3589,3.59743e-05,17.3588,0.0
2038,199,1.2800037384,0.0728957490328,2.28881835937e-06,18.0964,4.50007e-06,18.0964,0.0
2117,204,1.22000343323,0.0655042231985,3.81469726562e-06,17.8227,0.000152286,17.8225,0.0
2196,209,1.30000335693,0.0739972787158,4.57763671875e-06,17.6145,2.26853e-06,17.6145,0.0
2274,214,1.29000274658,0.0709721171291,4.57763671875e-06,17.2743,4.57142e-06,17.2743,0.0
2352,219,1.19000404358,0.0646060928228,3.81469726562e-06,17.2179,3.53687e-06,17.2179,0.0
2431,224,1.23000305176,0.0687882740299,3.81469726562e-06,17.2367,1.05628e-05,17.2367,0.0
2509,229,1.2200037384,0.0647216973663,6.103515625e-06,17.7479,2.35556e-06,17.7479,0.0
2587,234,1.32000358582,0.0770345431659,1.52587890625e-06,16.8604,4.19488e-06,16.8604,0.0
2666,239,1.25000404358,0.0739778373286,4.57763671875e-06,17.0754,2.12494e-05,17.0753,0.0
2684,240,1.27000350952,0.0799813583157,3.81469726562e-06,17.0182,2.6166e-06,17.0182,0.0
2700,241,1.23000427246,0.0712014171749,2.28881835937e-06,17.0947,2.65113e-06,17.0947,0.0
2718,242,1.18000358582,0.0673692355203,5.34057617187e-06,17.6488,4.05657e-06,17.6488,0.0
2736,243,1.19000282288,0.0696021819195,5.34057617187e-06,16.9825,1.93713e-06,16.9825,0.0
2753,244,1.20000320435,0.0710876955802,4.57763671875e-06,17.7193,3.28536e-06,17.7193,0.0
2771,245,1.29000411987,0.0704977074443,6.103515625e-06,17.3799,4.61672e-06,17.3799,0.0
2789,246,1.23000312805,0.0674560231034,3.0517578125e-06,17.1829,1.50163e-05,17.1829,0.0
2807,247,1.32000335693,0.0698517059919,3.0517578125e-06,17.9119,2.43898e-06,17.9118,0.0
2824,248,1.29000404358,0.0692018424263,3.0517578125e-06,16.908,2.95514e-06,16.908,0.0
2842,249,1.21000305176,0.0639004266539,3.0517578125e-06,16.8081,1.87991e-06,16.8081,0.0
