60,4,3.51000076294,0.171484635845,3.0517578125e-06,11.1146,0.0210723,11.0935,0.0
122,9,2.58000152588,0.115952090733,2.28881835937e-06,8.67009,0.00396248,8.66613,0.0
185,14,2.34000175476,0.113041540347,2.28881835937e-06,8.04481,0.00183701,8.04298,0.0
247,19,2.23000198364,0.108097163404,1.52587890625e-06,7.55302,0.0105234,7.5425,0.0
311,24,2.18000205994,0.109294402488,5.34057617187e-06,7.45415,0.000309494,7.45384,0.0
374,29,2.18000259399,0.107757666996,2.28881835937e-06,7.20772,0.000237927,7.20748,0.0
438,34,2.17000228882,0.102196105338,4.57763671875e-06,7.11552,0.000161092,7.11535,0.0
502,39,1.8400025177,0.0985631847219,6.86645507813e-06,6.99957,8.83739e-05,6.99948,0.0
566,44,1.94000274658,0.105642855324,3.0517578125e-06,6.64782,5.19147e-05,6.64777,0.0
630,49,2.03000244141,0.110473197056,6.86645507813e-06,6.94871,5.46081e-05,6.94865,0.0
695,54,1.95000267029,0.11519221294,3.0517578125e-06,6.94129,2.69932e-05,6.94126,0.0
760,59,1.86000282288,0.0947483664751,6.86645507813e-06,6.50645,3.16058e-05,6.50642,0.0
824,64,1.96000282288,0.098429051342,5.34057617187e-06,6.64328,2.61326e-05,6.64325,0.0
888,69,2.02000282288,0.112478014434,2.28881835937e-06,6.54297,1.668e-05,6.54295,0.0
953,74,1.82000320435,0.0960746597906,4.57763671875e-06,6.20917,1.00229e-05,6.20916,0.0
1016,79,1.70000274658,0.0902330206172,6.86645507813e-06,6.47788,1.69957e-05,6.47786,0.0
1081,84,1.75000320435,0.0945138331034,3.81469726562e-06,6.31602,1.37921e-05,6.31601,0.0
1146,89,1.86000282288,0.101221458028,6.103515625e-06,6.23212,2.15129e-05,6.2321,0.0
1210,94,1.73000289917,0.0842796033785,3.81469726562e-06,6.13756,5.86502e-06,6.13755,0.0
1274,99,1.71000297546,0.101052805975,5.34057617187e-06,6.19606,1.11443e-05,6.19605,0.0
1339,104,1.83000259399,0.091253867721,3.0517578125e-06,6.51504,1.60026e-05,6.51502,0.0
1403,109,1.86000305176,0.105916642721,3.0517578125e-06,6.16845,7.27282e-06,6.16845,0.0
1468,114,1.72000282288,0.0953749083076,6.86645507813e-06,6.11919,4.98884e-06,6.11919,0.0
1533,119,1.81000244141,0.0985644934663,3.0517578125e-06,6.51403,8.12492e-06,6.51403,0.0
1598,124,1.64000343323,0.0953903404568,5.34057617187e-06,6.13309,2.07887e-05,6.13307,0.0
1663,129,1.5800037384,0.0890935390192,5.34057617187e-06,6.06879,3.85877e-06,6.06879,0.0
1727,134,1.70000335693,0.102416015835,1.52587890625e-06,6.01147,7.66589e-06,6.01147,0.0
1792,139,1.64000358582,0.0881679519446,2.28881835937e-06,6.06344,2.74656e-06,6.06343,0.0
1856,144,1.61000312805,0.0903708144443,7.62939453125e-07,5.99318,3.30558e-06,5.99318,0.0
1920,149,1.53000312805,0.0949583041726,6.103515625e-06,5.95344,4.01721e-06,5.95344,0.0
1984,154,1.52000350952,0.0888894431604,7.62939453125e-07,5.79515,2.1994e-06,5.79515,0.0
2048,159,1.65000358582,0.0923400596809,2.28881835937e-06,5.9358,2.91222e-06,5.9358,0.0
2112,164,1.68000289917,0.101462958883,3.0517578125e-06,5.8451,2.60352e-06,5.84509,0.0
2177,169,1.65000350952,0.0899539044155,3.81469726562e-06,5.92824,3.50113e-06,5.92824,0.0
2242,174,1.71000335693,0.0920010819318,2.28881835937e-06,5.73105,2.00628e-06,5.73105,0.0
2306,179,1.6600037384,0.0934064494958,3.81469726562e-06,6.30438,7.99038e-06,6.30437,0.0
2371,184,1.54000343323,0.094754646563,4.57763671875e-06,5.90189,2.69168e-06,5.90189,0.0
2435,189,1.59000358582,0.0968620300625,5.34057617187e-06,5.74037,9.8705e-07,5.74036,0.0
2500,194,1.56000343323,0.09906964447,7.62939453125e-06,5.78792,3.42831e-06,5.78792,0.0
2564,199,1.46000396729,0.0930502611748,1.52587890625e-06,5.91775,2.68931e-06,5.91774,0.0
2628,204,1.75000343323,0.0889370124831,1.52587890625e-06,5.79887,2.13383e-06,5.79887,0.0
2692,209,1.61000305176,0.0839970272209,2.28881835937e-06,5.97275,2.8383e-06,5.97275,0.0
2757,214,1.52000366211,0.0819815888352,2.28881835937e-06,5.77215,1.00816e-05,5.77214,0.0
2821,219,1.61000343323,0.0859960727286,5.34057617187e-06,5.7507,1.68561e-06,5.7507,0.0
2883,224,1.60000312805,0.0924299570289,3.0517578125e-06,5.75644,1.08957e-06,5.75644,0.0
2946,229,1.53000328064,0.0873844092555,3.0517578125e-06,6.03174,2.30426e-06,6.03174,0.0
3002,234,1.51000320435,0.0910262222488,4.57763671875e-06,5.64299,4.09673e-06,5.64299,0.0
3067,239,1.52000358582,0.0842605390842,3.0517578125e-06,5.88177,7.03333e-07,5.88177,0.0
3081,240,1.43000320435,0.085714293255,6.86645507813e-06,5.73103,8.02276e-07,5.73103,0.0
3095,241,1.61000320435,0.0932660900399,6.86645507813e-06,5.91222,9.35788e-07,5.91222,0.0
3110,242,1.62000335693,0.10037530894,5.34057617187e-06,5.50771,1.3554e-06,5.5077,0.0
3124,243,1.56000335693,0.0903873723932,6.86645507813e-06,5.49741,3.23036e-06,5.49741,0.0
3138,244,1.62000411987,0.0902458635734,6.86645507813e-06,5.99362,2.23509e-06,5.99361,0.0
3153,245,1.57000366211,0.0943242922658,6.103515625e-06,5.53796,1.18372e-06,5.53795,0.0
3167,246,1.50000328064,0.0884285152274,4.57763671875e-06,5.69344,8.05853e-07,5.69344,0.0
3182,247,1.59000289917,0.0880378745361,3.81469726562e-06,5.67533,1.34229e-06,5.67533,0.0
3195,248,1.57000358582,0.0838718488038,3.0517578125e-06,5.94381,1.00135e-06,5.94381,0.0
3210,249,1.70000312805,0.100138050982,3.0517578125e-06,5.78385,4.74559e-06,5.78384,0.0
