173,4,6.58999824524,0.291559688821,0.0,6.75359,0.00210953,6.75148,0.0
351,9,5.24999893188,0.268149166182,7.62939453125e-06,5.66499,0.00024015,5.66475,0.0
527,14,5.16999862671,0.30078206867,7.62939453125e-06,5.33351,5.33263e-05,5.33346,0.0
704,19,5.00999916077,0.336986019947,7.62939453125e-06,4.94286,1.63536e-05,4.94284,0.0
881,24,4.969998703,0.363123208582,7.62939453125e-06,5.42782,0.0188729,5.40895,0.0
1057,29,5.19999900818,0.430904454272,0.0,4.61048,8.09951e-06,4.61048,0.0
1234,34,4.26999900818,0.332677022887,0.0,4.82637,1.88588e-06,4.82637,0.0
1408,39,4.29999954224,0.320014509242,7.62939453125e-06,4.47934,8.23731e-07,4.47934,0.0
1583,44,5.14999893188,0.452139036916,7.62939453125e-06,4.34461,2.8799e-06,4.3446,0.0
1757,49,5.20999855042,0.418732020706,7.62939453125e-06,4.95182,2.58684e-07,4.95182,0.0
1929,54,5.52999847412,0.521528109908,0.0,4.68897,6.67565e-07,4.68897,0.0
2100,59,4.37999916077,0.353734301832,7.62939453125e-06,4.64122,2.5128e-06,4.64122,0.0
2271,64,4.94999893188,0.451004668362,0.0,4.6598,3.95e-06,4.6598,0.0
2442,69,4.78999923706,0.462577661016,0.0,4.72906,1.89893e-06,4.72906,0.0
2612,74,5.10999809265,0.51245398201,7.62939453125e-06,5.13554,2.2769e-07,5.13554,0.0
2783,79,4.8799987793,0.469237383418,0.0,5.02406,1.41259e-06,5.02405,0.0
2954,84,4.98999832153,0.480083675608,0.0,4.40697,7.85579e-07,4.40697,0.0
3123,89,4.73999832153,0.418277199157,7.62939453125e-06,4.48653,1.09072e-06,4.48653,0.0
3294,94,4.92999885559,0.474149950279,0.0,4.46752,2.09808e-07,4.46752,0.0
3464,99,5.27999809265,0.531802331358,7.62939453125e-06,4.59351,5.96046e-08,4.59351,0.0
3635,104,5.319998703,0.563966337023,0.0,4.05951,1.66893e-07,4.05951,0.0
3805,109,5.03999832153,0.520996529106,0.0,4.35262,1.14441e-07,4.35262,0.0
3976,114,5.35999832153,0.604641464017,0.0,4.19341,4.05311e-08,4.19341,0.0
4147,119,5.43999816895,0.587840782329,0.0,3.98267,2.86102e-08,3.98267,0.0
4318,124,5.41999824524,0.593510350063,7.62939453125e-06,4.39074,3.46895e-07,4.39074,0.0
4488,129,5.51999893188,0.600946217924,7.62939453125e-06,4.12217,4.363e-07,4.12217,0.0
4659,134,5.20999923706,0.592751882672,0.0,4.51148,1.03349e-06,4.51148,0.0
4830,139,5.28999832153,0.571770607308,7.62939453125e-06,4.56324,4.76837e-09,4.56324,0.0
5001,144,4.96999847412,0.543788328357,7.62939453125e-06,4.88182,4.88758e-08,4.88182,0.0
5172,149,5.47999855042,0.599571598098,0.0,4.52263,5.11401e-07,4.52263,0.0
5344,154,5.17999862671,0.608118874729,0.0,4.6884,2.14577e-08,4.6884,0.0
5515,159,5.12999755859,0.606801816858,0.0,4.35997,9.17909e-08,4.35997,0.0
5685,164,5.12999885559,0.537964651659,7.62939453125e-06,4.29363,3.9339e-08,4.29363,0.0
5856,169,5.11999862671,0.610070901699,0.0,4.3118,4.05311e-08,4.3118,0.0
6027,174,5.259998703,0.624006338334,7.62939453125e-06,4.43208,7.06888e-07,4.43208,0.0
6198,179,5.46999855042,0.649860692248,0.0,5.04003,4.82789e-07,5.04002,0.0
6369,184,4.79999900818,0.573041729182,0.0,4.21866,8.34465e-09,4.21866,0.0
6540,189,5.2099987793,0.600558553562,7.62939453125e-06,4.01866,9.53674e-09,4.01866,0.0
6711,194,4.87999908447,0.531115758941,7.62939453125e-06,4.39203,2.38419e-08,4.39203,0.0
6882,199,5.07999931335,0.569724458425,7.62939453125e-06,4.37661,4.76837e-09,4.37661,0.0
7052,204,5.13999908447,0.592287087808,0.0,4.66813,2.74181e-08,4.66813,0.0
7223,209,4.9299987793,0.546081896424,0.0,4.34456,3.33786e-08,4.34456,0.0
7393,214,5.02999900818,0.615598182157,7.62939453125e-06,13.6694,9.53673e-08,13.6694,0.0
7564,219,5.09999816895,0.656313988119,0.0,4.52981,8.34465e-09,4.52981,0.0
7734,224,5.09999847412,0.642313404232,7.62939453125e-06,4.23249,5.96046e-09,4.23249,0.0
7905,229,4.93999809265,0.604851762392,0.0,4.45325,3.81469e-08,4.45325,0.0
8075,234,5.17999908447,0.663667468913,7.62939453125e-06,4.07826,3.57628e-09,4.07826,0.0
8246,239,5.00999855042,0.619940442489,0.0,3.64447,1.66893e-08,3.64447,0.0
8283,240,5.20999824524,0.661514302279,0.0,3.8575,2.38419e-09,3.8575,0.0
8319,241,4.99999977112,0.635297388621,0.0,3.91089,2.38419e-09,3.91089,0.0
8356,242,5.00999832153,0.639293540046,0.0,3.96857,8.34465e-09,3.96857,0.0
8393,243,5.20999847412,0.67429043062,0.0,4.01213,1.3113e-08,4.01213,0.0
8429,244,5.14999839783,0.661194167882,0.0,3.72817,2.98023e-08,3.72817,0.0
8466,245,5.21999847412,0.676401548373,7.62939453125e-06,3.83146,7.15255e-09,3.83146,0.0
8503,246,5.24999839783,0.675213527795,0.0,4.09803,1.90735e-08,4.09803,0.0
8539,247,5.17999862671,0.68821020022,7.62939453125e-06,3.83926,1.19209e-08,3.83926,0.0
8576,248,5.06999946594,0.649035493135,0.0,3.90417,1.19209e-09,3.90417,0.0
8613,249,5.0499987793,0.663330985121,7.62939453125e-06,3.97171,8.34465e-09,3.97171,0.0
