182,4,6.03000091553,0.247763859555,0.0,13.839,0.0319138,13.7393,0.0677179
367,9,4.30000061035,0.179511765651,0.0,10.7346,0.0198797,10.662,0.0527219
551,14,3.53000091553,0.151619881075,0.0,10.5855,0.020218,10.4927,0.0725632
735,19,3.06000068665,0.141314617041,0.0,10.3255,0.017606,10.2378,0.0701026
908,24,2.9500005722,0.133509127926,0.0,10.4689,0.0156241,10.3201,0.133209
1094,29,3.08000102997,0.134597205054,0.0,9.67316,0.0152865,9.58019,0.0776853
1279,34,2.9500005722,0.129779462703,0.0,9.05324,0.0137073,8.9476,0.0919294
1464,39,2.85000068665,0.129160969472,0.0,8.94697,0.0143053,8.85805,0.0746095
1646,44,2.89000125885,0.125244849883,0.0,8.92784,0.0129851,8.82873,0.086118
1827,49,2.85000110626,0.125887754038,0.0,8.50337,0.0133706,8.36437,0.125626
2009,54,2.76000118256,0.129463911466,0.0,8.65289,0.0148819,8.49121,0.146801
2191,59,2.71000118256,0.117619216852,0.0,8.6041,0.0122332,8.51668,0.0751878
2373,64,2.740001297,0.11865688147,0.0,8.60967,0.0121088,8.45053,0.147033
2553,69,2.670001297,0.126767922025,0.0,8.34593,0.0118123,8.22907,0.105045
2736,74,2.71000114441,0.122906423016,0.0,8.42701,0.0122177,8.325,0.0897919
2918,79,2.71000099182,0.123441884844,0.0,8.0014,0.0116707,7.90518,0.084553
3101,84,2.75000068665,0.119010075908,0.0,8.26241,0.0120775,8.17828,0.0720523
3283,89,2.7000006485,0.118374732137,0.0,7.92884,0.0120231,7.84728,0.069535
3468,94,2.79000114441,0.120773375612,0.0,8.4159,0.0121836,8.31385,0.089866
3651,99,2.63000083923,0.114702554168,0.0,8.1659,0.0105782,8.04574,0.109578
3835,104,2.48000114441,0.11512445908,0.0,8.28104,0.0111468,8.12829,0.141604
4019,109,2.61000034332,0.110232948717,0.0,8.46643,0.0110471,8.36723,0.0881515
4201,114,2.58000095367,0.115304384585,0.0,8.04307,0.0104564,7.88836,0.14425
4384,119,2.5800006485,0.114858611682,0.0,7.86329,0.0107032,7.74013,0.112459
4567,124,2.67000137329,0.114794542193,0.0,7.72085,0.0102725,7.62449,0.0860867
4750,129,2.59000095367,0.119587559635,0.0,7.89862,0.0106886,7.76743,0.120496
4933,134,2.53000102997,0.115130776372,0.0,8.04576,0.011384,7.93152,0.102852
5117,139,2.48000061035,0.113217935357,0.0,7.96919,0.0101738,7.81518,0.143841
5299,144,2.53000099182,0.112931496762,0.0,7.57833,0.0112286,7.47375,0.0933473
5483,149,2.62000125885,0.113834756929,0.0,8.70179,0.0111816,8.59883,0.0917753
5666,154,2.54000099182,0.108931304337,0.0,7.467,0.0109065,7.35982,0.096277
5846,159,2.52000102997,0.114696253696,0.0,7.64019,0.00999817,7.54569,0.0845016
6025,164,2.49000091553,0.10938552957,0.0,7.90527,0.0114185,7.79168,0.102172
6205,169,2.50000102997,0.111217596978,0.0,8.022,0.0107195,7.90725,0.104032
6385,174,2.41000110626,0.109483564785,0.0,7.71693,0.0103645,7.55435,0.152213
6564,179,2.42000091553,0.107838377366,0.0,7.50283,0.0100113,7.3908,0.102016
6744,184,2.51000095367,0.106968670897,0.0,7.71844,0.0100671,7.63317,0.0752025
6924,189,2.40000099182,0.107925203405,0.0,7.75901,0.009969,7.64647,0.102567
7104,194,2.54000110626,0.112951708408,0.0,7.86314,0.0101212,7.72038,0.132638
7283,199,2.45000083923,0.103194514858,0.0,7.51067,0.0113942,7.39729,0.101989
7464,204,2.45000114441,0.110061756931,0.0,7.92164,0.0113571,7.76757,0.142713
7643,209,2.58000091553,0.114474099679,0.0,7.76579,0.0106196,7.59608,0.159088
7824,214,2.36000095367,0.105220413571,0.0,7.59652,0.00963183,7.5131,0.0737878
8004,219,2.36000099182,0.105270839958,0.0,7.44773,0.00922022,7.34127,0.0972356
8183,224,2.48000106812,0.108684094269,0.0,7.77356,0.0105452,7.6044,0.158614
8362,229,2.40000083923,0.108781849621,0.0,7.55345,0.0102467,7.457,0.0862073
8542,234,2.42000091553,0.106465704162,0.0,7.64087,0.0099647,7.52111,0.109795
8721,239,2.34000087738,0.10614310327,0.0,7.63405,0.00897737,7.5046,0.120466
8759,240,2.36000072479,0.108892943403,0.0,7.41263,0.0103135,7.2906,0.111713
8797,241,2.34000148773,0.102537848437,0.0,7.98862,0.0097708,7.85327,0.125585
8836,242,2.38000091553,0.103627049439,0.0,7.2575,0.009498,7.18511,0.0628859
8874,243,2.37000099182,0.107638209919,0.0,7.64697,0.0101998,7.54268,0.0940912
8912,244,2.54000091553,0.110480103167,0.0,7.43539,0.0101917,7.3326,0.0925986
8951,245,2.34000076294,0.107380474256,0.0,7.37376,0.00967077,7.2298,0.13428
8988,246,2.39000072479,0.105323249782,0.0,7.259,0.00954487,7.15568,0.0937805
9026,247,2.37000114441,0.106609248985,0.0,7.33043,0.0100524,7.19732,0.123051
9065,248,2.46000114441,0.109891663129,0.0,8.09059,0.00997595,7.9876,0.0930148
9103,249,2.40000091553,0.105077665821,0.0,7.44159,0.0096982,7.30066,0.131226
