92,4,5.62999847412,0.263738010824,7.62939453125e-06,17.9356,0.0210381,17.9145,0.0
187,9,3.66,0.155764847696,7.62939453125e-06,13.8657,0.00458693,13.8611,0.0
277,14,3.13000137329,0.136241605114,7.62939453125e-06,12.9048,0.00141277,12.9033,0.0
370,19,2.55000175476,0.114909755196,0.0,11.8827,0.000762665,11.882,0.0
464,24,2.48000144958,0.109242353588,7.62939453125e-06,11.4813,0.00038544,11.4809,0.0
556,29,2.16000190735,0.0957339001819,0.0,11.6187,0.000156475,11.6185,0.0
649,34,2.1300025177,0.104484903936,0.0,11.4429,8.22532e-05,11.4428,0.0
744,39,2.21000244141,0.112078370992,7.62939453125e-06,11.0595,3.45172e-05,11.0594,0.0
839,44,1.95000236511,0.100509384868,7.62939453125e-06,10.8825,1.9984e-05,10.8824,0.0
932,49,1.94000267029,0.10337405181,0.0,10.9079,1.45504e-05,10.9079,0.0
1025,54,1.92000228882,0.109303965594,7.62939453125e-06,10.6644,1.10264e-05,10.6644,0.0
1121,59,1.76000274658,0.0914308363677,7.62939453125e-06,10.625,1.27727e-05,10.625,0.0
1214,64,1.88000297546,0.111113220531,7.62939453125e-06,10.7105,7.41694e-06,10.7105,0.0
1308,69,2.00000221252,0.101578461766,7.62939453125e-06,10.6496,4.5311e-06,10.6496,0.0
1398,74,1.9700025177,0.10222700312,0.0,10.2675,4.97688e-06,10.2675,0.0
1492,79,1.7000025177,0.0988502246741,7.62939453125e-06,10.0629,4.35584e-06,10.0629,0.0
1588,84,1.6800025177,0.0958492972923,7.62939453125e-06,9.92376,2.50219e-06,9.92376,0.0
1682,89,1.76000282288,0.0964351639265,7.62939453125e-06,10.0366,2.01719e-05,10.0366,0.0
1777,94,1.70000328064,0.0981081029039,7.62939453125e-06,9.90415,3.69777e-06,9.90414,0.0
1872,99,1.65000328064,0.0921761627551,0.0,10.512,3.46057e-06,10.512,0.0
1966,104,1.67000213623,0.0955056166335,0.0,9.71427,3.01712e-06,9.71427,0.0
2061,109,1.80000244141,0.0893399925594,0.0,9.89269,3.67278e-06,9.89268,0.0
2157,114,1.82000228882,0.106730708734,0.0,9.71626,8.17858e-06,9.71625,0.0
2250,119,1.50000312805,0.08982902035,7.62939453125e-06,9.4996,2.53433e-06,9.49959,0.0
2345,124,1.81000259399,0.106642221868,7.62939453125e-06,9.63536,1.06811e-06,9.63536,0.0
2439,129,1.73000328064,0.0912040292803,0.0,9.53584,2.28516e-06,9.53584,0.0
2531,134,1.58000297546,0.0904827430786,7.62939453125e-06,9.95109,2.19573e-05,9.95107,0.0
2626,139,1.54000297546,0.0977680619468,0.0,9.84302,1.85843e-06,9.84301,0.0
2720,144,1.34000305176,0.0905764522863,7.62939453125e-06,9.42128,1.05381e-06,9.42128,0.0
2814,149,1.51000289917,0.0929390264195,0.0,9.35817,1.30653e-06,9.35817,0.0
2908,154,1.53000267029,0.0953516306699,7.62939453125e-06,9.28712,1.40069e-06,9.28711,0.0
3002,159,1.51000320435,0.0924893861028,0.0,9.25629,5.77142e-06,9.25629,0.0
3096,164,1.54000282288,0.0923831670688,0.0,9.41916,1.74875e-06,9.41916,0.0
3190,169,1.68000312805,0.100856951209,0.0,9.53547,7.15254e-07,9.53547,0.0
3284,174,1.72000343323,0.0938065625567,7.62939453125e-06,9.45217,5.48361e-07,9.45217,0.0
3378,179,1.68000335693,0.105340760539,7.62939453125e-06,9.28319,1.29341e-06,9.28319,0.0
3474,184,1.58000236511,0.0946061856719,7.62939453125e-06,9.34391,1.25764e-06,9.34391,0.0
3564,189,1.52000297546,0.0922720367821,0.0,9.21941,3.44359e-06,9.2194,0.0
3659,194,1.60000343323,0.0929383202769,0.0,9.28148,8.52343e-07,9.28148,0.0
3753,199,1.68000328064,0.107119599001,0.0,9.12177,3.02308e-06,9.12177,0.0
3847,204,1.54000328064,0.103488209749,0.0,9.30922,8.52335e-07,9.30922,0.0
3941,209,1.49000320435,0.105813206962,0.0,9.29385,5.47169e-07,9.29384,0.0
4035,214,1.52000320435,0.10508855897,7.62939453125e-06,9.18269,6.02004e-07,9.18269,0.0
4130,219,1.47000274658,0.100604082141,0.0,9.27319,2.18153e-07,9.27319,0.0
4225,224,1.60000274658,0.0954817655816,7.62939453125e-06,9.19738,7.72473e-07,9.19737,0.0
4319,229,1.47000343323,0.0932850354444,0.0,9.28604,3.37362e-07,9.28604,0.0
4413,234,1.58000343323,0.105428765083,7.62939453125e-06,9.07119,9.05983e-07,9.07119,0.0
4508,239,1.50000282288,0.0962515469846,7.62939453125e-06,9.20491,2.57718e-06,9.20491,0.0
4529,240,1.50000320435,0.0983630845672,7.62939453125e-06,9.1507,1.27194e-06,9.1507,0.0
4550,241,1.44000312805,0.105429666421,7.62939453125e-06,9.35248,4.26768e-07,9.35248,0.0
4571,242,1.48000328064,0.0989121363999,7.62939453125e-06,9.14788,5.05446e-07,9.14788,0.0
4592,243,1.46000328064,0.0992065134791,7.62939453125e-06,9.28805,3.39746e-07,9.28805,0.0
4613,244,1.45000320435,0.104417148628,7.62939453125e-06,9.18655,1.08599e-06,9.18655,0.0
4634,245,1.42000320435,0.0981157983612,7.62939453125e-06,9.37015,1.73919e-06,9.37015,0.0
4655,246,1.46000297546,0.0951245201154,7.62939453125e-06,8.97324,8.83334e-07,8.97324,0.0
4674,247,1.43000328064,0.104552618291,7.62939453125e-06,8.83878,5.29287e-07,8.83878,0.0
4694,248,1.52000366211,0.107250081118,7.62939453125e-06,9.00344,3.99248e-05,9.0034,0.0
4715,249,1.42000312805,0.0973672076648,0.0,9.1737,3.79084e-07,9.1737,0.0
