150,4,12.0200009537,0.473052256927,0.0,9.52159,0.0216126,9.49998,0.0
311,9,6.63000034332,0.284497447275,0.0,7.68694,0.00454636,7.6824,0.0
466,14,4.89000083923,0.196867050827,0.0,6.5978,0.00215008,6.59565,0.0
621,19,3.690001297,0.161752199177,0.0,6.17115,0.000969629,6.17018,0.0
776,24,3.10000091553,0.130500853187,0.0,6.0813,0.000409553,6.08089,0.0
931,29,2.49000076294,0.112625686644,0.0,6.08091,0.000145439,6.08077,0.0
1085,34,2.68000068665,0.122814751593,0.0,5.81096,0.000109312,5.81085,0.0
1238,39,2.57000114441,0.110200824196,0.0,5.99216,0.000100895,5.99206,0.0
1393,44,2.24000095367,0.109212215772,0.0,5.78442,7.75723e-05,5.78434,0.0
1547,49,2.48000110626,0.141606388755,0.0,5.65316,6.29337e-05,5.65309,0.0
1701,54,2.11000080109,0.101591952748,0.0,5.40299,1.98333e-05,5.40297,0.0
1855,59,2.04000080109,0.108386359065,0.0,5.39605,1.37041e-05,5.39604,0.0
2009,64,2.06000091553,0.122107604,0.0,5.60005,2.91603e-05,5.60002,0.0
2163,69,1.99000095367,0.108239312063,0.0,5.20646,6.38002e-06,5.20645,0.0
2317,74,2.28000106812,0.135488074751,0.0,5.21011,9.6052e-05,5.21001,0.0
2470,79,2.43000099182,0.14513680519,0.0,5.29636,5.71722e-06,5.29635,0.0
2624,84,2.27000072479,0.1261775648,0.0,5.69165,9.38877e-06,5.69164,0.0
2778,89,2.21000114441,0.122376683867,0.0,5.28662,1.17274e-05,5.2866,0.0
2933,94,1.77000095367,0.105182395062,0.0,5.31865,9.35739e-06,5.31864,0.0
3086,99,1.72000091553,0.110603270866,0.0,5.25865,5.5026e-06,5.25864,0.0
3240,104,2.11000118256,0.128151032434,0.0,5.13407,8.07691e-06,5.13406,0.0
3395,109,1.87000087738,0.117134914877,0.0,5.05425,1.04551e-05,5.05424,0.0
3548,114,1.91000114441,0.121165934197,0.0,5.11397,1.90496e-06,5.11397,0.0
3700,119,2.140001297,0.138389174873,0.0,5.11963,9.99297e-06,5.11962,0.0
3854,124,1.9300012207,0.119480648378,0.0,5.15559,2.41276e-06,5.15559,0.0
4008,129,1.71000102997,0.107964629668,0.0,4.90515,1.69992e-06,4.90515,0.0
4162,134,1.78000099182,0.117826599332,0.0,4.91174,5.09471e-06,4.91174,0.0
4317,139,1.72000102997,0.116355958583,0.0,5.18225,1.8382e-06,5.18225,0.0
4470,144,1.70000106812,0.122837677161,0.0,5.14552,6.3856e-05,5.14545,0.0
4625,149,1.74000114441,0.115054661971,0.0,4.91772,1.82865e-06,4.91772,0.0
4778,154,1.62000114441,0.112221833702,0.0,4.85849,1.51634e-06,4.85849,0.0
4932,159,1.80000072479,0.123515990482,0.0,4.75046,4.16985e-06,4.75046,0.0
5086,164,1.66000106812,0.118686404861,0.0,4.93926,2.6321e-06,4.93926,0.0
5240,169,1.87000099182,0.124734061969,0.0,4.69755,1.58548e-06,4.69755,0.0
5394,174,1.48000133514,0.104570879515,0.0,4.74189,5.07842e-05,4.74184,0.0
5548,179,1.62000099182,0.110943646956,0.0,5.10403,4.11491e-06,5.10403,0.0
5702,184,1.72000095367,0.111145880401,0.0,4.90923,9.46519e-07,4.90923,0.0
5856,189,1.750001297,0.124819051538,0.0,4.77105,1.4591e-06,4.77105,0.0
6009,194,1.49000106812,0.105436581596,0.0,4.75992,2.40803e-07,4.75992,0.0
6163,199,1.80000091553,0.128877585604,0.0,4.75457,6.74724e-07,4.75457,0.0
6316,204,1.61000087738,0.122095283474,0.0,4.7105,4.86373e-07,4.7105,0.0
6470,209,1.54000106812,0.11048871122,0.0,4.97879,1.65699e-06,4.97879,0.0
6624,214,1.68000102997,0.122591233103,0.0,4.96985,6.15119e-07,4.96985,0.0
6777,219,1.77000061035,0.125036979523,0.0,4.77399,1.1229e-05,4.77398,0.0
6930,224,1.70000133514,0.131173918663,0.0,4.8679,4.91352e-06,4.8679,0.0
7084,229,1.6100006485,0.117908232211,0.0,4.75152,4.83989e-07,4.75152,0.0
7236,234,1.45000118256,0.116830770785,0.0,4.511,6.86091e-06,4.51099,0.0
7390,239,1.81000110626,0.139249803455,0.0,4.83612,1.56639e-06,4.83612,0.0
7428,240,1.6800012207,0.117468486772,0.0,4.58974,7.51016e-07,4.58974,0.0
7466,241,1.72000144958,0.129364127098,0.0,4.88502,8.10325e-06,4.88501,0.0
7504,242,1.71000118256,0.131916645223,0.0,4.89925,7.24789e-07,4.89925,0.0
7543,243,1.62000095367,0.114706958975,0.0,4.63664,3.65009e-06,4.63664,0.0
7580,244,1.49000110626,0.109026450966,0.0,4.68989,2.55108e-07,4.68989,0.0
7619,245,1.67000133514,0.127525511199,0.0,4.73221,7.55783e-07,4.73221,0.0
7657,246,1.58000049591,0.108723655269,0.0,4.89691,9.36979e-07,4.89691,0.0
7695,247,1.54000099182,0.118616581613,0.0,4.54834,1.84772e-06,4.54833,0.0
7732,248,1.65000099182,0.123991088452,0.0,4.64681,5.29288e-07,4.64681,0.0
7768,249,1.64000125885,0.12274179569,0.0,4.96987,5.62666e-07,4.96987,0.0
