233,4,14.2600016785,0.505987251326,0.0,13.5168,0.0066274,13.5102,0.0
474,9,8.85000114441,0.309153863862,0.0,10.6658,0.00157995,10.6642,0.0
713,14,7.64000061035,0.278379117958,0.0,10.2261,0.00072751,10.2253,0.0
953,19,5.1300005722,0.189164025709,0.0,9.71958,0.00016512,9.71941,0.0
1192,24,5.48000083923,0.200018811263,0.0,9.21369,6.5575e-05,9.21362,0.0
1432,29,5.00000080109,0.191336272734,0.0,9.2522,2.90874e-05,9.25217,0.0
1671,34,3.81000080109,0.163463477668,0.0,8.6775,1.7895e-05,8.67748,0.0
1910,39,3.04000102997,0.145399666429,0.0,8.6551,8.87856e-06,8.65509,0.0
2147,44,3.60000072479,0.172512231407,0.0,8.69866,7.27646e-06,8.69866,0.0
2384,49,4.39000038147,0.171987979899,0.0,7.99149,1.06868e-05,7.99148,0.0
2619,54,3.04000049591,0.135776102699,0.0,8.4245,7.49097e-06,8.42449,0.0
2854,59,2.40000141144,0.130678381085,0.0,8.33542,2.74895e-06,8.33542,0.0
3088,64,2.30000099182,0.128769246872,0.0,8.79612,1.95502e-06,8.79612,0.0
3322,69,2.61000087738,0.139742264959,0.0,7.93224,0.000106597,7.93214,0.0
3558,74,2.39000076294,0.131940511864,0.0,8.39891,4.89942e-06,8.39891,0.0
3792,79,2.30000141144,0.118081408183,0.0,7.68899,2.65596e-06,7.68899,0.0
4027,84,2.01000091553,0.107800705501,0.0,7.96267,2.87769e-06,7.96267,0.0
4261,89,2.12000083923,0.120986401425,0.0,7.56463,2.93966e-06,7.56462,0.0
4496,94,2.68000106812,0.141160084098,0.0,7.64917,6.21779e-06,7.64917,0.0
4730,99,2.02000099182,0.109290269978,0.0,7.60034,1.36375e-06,7.60034,0.0
4965,104,1.89000072479,0.111712312453,0.0,7.47798,4.62522e-06,7.47798,0.0
5200,109,2.05000095367,0.120481457796,0.0,7.71152,6.67569e-07,7.71152,0.0
5434,114,2.08000091553,0.119572190059,0.0,7.82899,5.0783e-07,7.82899,0.0
5669,119,2.13000080109,0.123903590432,0.0,7.65981,1.58309e-06,7.65981,0.0
5904,124,1.82000099182,0.111437386569,0.0,7.77089,9.96584e-07,7.77089,0.0
6140,129,1.78000072479,0.116918652803,0.0,7.57924,1.83103e-06,7.57924,0.0
6393,134,1.73000080109,0.105227048514,0.0,7.40027,9.03603e-07,7.40027,0.0
6645,139,1.80000106812,0.106515804269,0.0,7.86626,1.32557e-06,7.86626,0.0
6896,144,1.62000083923,0.109843133682,0.0,7.64802,9.03604e-07,7.64802,0.0
7147,149,1.60000106812,0.103381797831,0.0,7.41893,1.61644e-06,7.41893,0.0
7399,154,1.73000110626,0.115896922763,0.0,7.12771,8.63072e-07,7.12771,0.0
7651,159,1.86000114441,0.104772643109,0.0,7.63334,2.09806e-06,7.63334,0.0
7902,164,1.78000091553,0.115285579379,0.0,7.29513,6.65185e-07,7.29513,0.0
8152,169,1.54000099182,0.104147708889,0.0,7.81534,1.58783e-06,7.81534,0.0
8405,174,1.62000083923,0.108161957832,0.0,7.79148,1.23974e-06,7.79148,0.0
8658,179,1.88000102997,0.125408333345,0.0,7.19016,9.65584e-07,7.19016,0.0
8911,184,1.70000083923,0.116803738406,0.0,7.66539,2.00271e-07,7.66539,0.0
9163,189,1.7700012207,0.112229671339,0.0,7.04121,4.31537e-07,7.04121,0.0
9417,194,1.52000087738,0.104870063328,0.0,7.41319,4.26768e-07,7.41319,0.0
9670,199,1.75000080109,0.107391663274,0.0,7.28568,2.74646e-06,7.28567,0.0
9923,204,1.65000076294,0.108207861583,0.0,7.38915,4.72066e-07,7.38915,0.0
247,4,1.59000083923,0.114906276139,0.0,7.66822,1.66893e-07,7.66822,0.0
509,9,1.69000114441,0.104713589941,0.0,7.32542,5.72204e-08,7.32542,0.0
769,14,1.65000099182,0.11267709394,0.0,7.64072,1.71661e-07,7.64072,0.0
1029,19,1.590001297,0.103716683166,0.0,7.53642,4.29153e-08,7.53642,0.0
1288,24,1.53000083923,0.106061233474,0.0,7.64125,1.12057e-07,7.64125,0.0
1549,29,1.77000061035,0.114850262063,0.0,7.65096,6.4373e-08,7.65096,0.0
1809,34,1.51000091553,0.106603465996,0.0,7.25209,4.00542e-07,7.25209,0.0
2068,39,1.57000099182,0.110727073146,0.0,7.33608,1.66893e-07,7.33608,0.0
2327,44,1.84000095367,0.113976858448,0.0,7.60895,1.26362e-07,7.60895,0.0
2588,49,1.91000114441,0.11115003396,0.0,7.06134,1.111e-06,7.06134,0.0
2847,54,1.58000110626,0.114547599606,0.0,7.47801,1.23978e-07,7.47801,0.0
3106,59,1.670001297,0.112588986689,0.0,7.52715,3.09944e-08,7.52715,0.0
3364,64,1.5300012207,0.111923924125,0.0,8.0768,1.43051e-08,8.0768,0.0
3620,69,1.64000106812,0.10508408047,0.0,7.26409,1.43051e-07,7.26409,0.0
3874,74,1.58000095367,0.10891955601,0.0,7.7129,3.38553e-07,7.7129,0.0
4135,79,1.67000114441,0.109180256573,0.0,7.26838,1.13485e-06,7.26838,0.0
4389,84,1.47000106812,0.107943060072,0.0,7.53514,2.36034e-07,7.53514,0.0
4642,89,1.55000102997,0.112448466505,0.0,7.06299,1.93119e-07,7.06299,0.0
4896,94,1.63000110626,0.116035773366,0.0,7.27632,1.00136e-07,7.27632,0.0
5153,99,1.6700012207,0.106099141108,0.0,7.16939,4.05311e-08,7.16939,0.0
5406,104,1.72000076294,0.118198961917,0.0,7.02688,3.02791e-07,7.02688,0.0
5660,109,1.59000072479,0.115628473509,0.0,7.55515,7.15254e-08,7.55515,0.0
5914,114,1.70000091553,0.118959622518,0.0,7.29218,4.02924e-07,7.29218,0.0
6169,119,1.59000095367,0.124337443079,0.0,7.47508,4.29153e-08,7.47508,0.0
6422,124,1.67000099182,0.121184595025,0.0,7.40849,2.6226e-08,7.40849,0.0
6675,129,1.55000099182,0.123299950688,0.0,7.3827,7.39097e-08,7.3827,0.0
6928,134,1.60000091553,0.118387399601,0.0,7.10441,1.19209e-07,7.10441,0.0
7183,139,1.67000076294,0.111816346625,0.0,7.59844,6.67571e-08,7.59844,0.0
7437,144,1.50000049591,0.110083654449,0.0,7.54973,1.43287e-06,7.54973,0.0
7691,149,1.56000106812,0.1120847886,0.0,7.17215,1.62124e-07,7.17215,0.0
7946,154,1.62000102997,0.122108450379,0.0,6.85078,4.05311e-08,6.85078,0.0
8200,159,1.54000106812,0.109656480687,0.0,7.58561,1.5974e-07,7.58561,0.0
8453,164,1.64000087738,0.131557783689,0.0,7.0598,1.09672e-07,7.0598,0.0
8689,169,1.53000110626,0.119217756801,0.0,7.57888,5.96046e-08,7.57888,0.0
8925,174,1.42000095367,0.120336374476,0.0,7.62441,1.26361e-07,7.62441,0.0
9161,179,1.61000099182,0.12385168983,0.0,7.0139,1.81198e-07,7.0139,0.0
9397,184,1.69000083923,0.131068588095,0.0,7.54026,1.90735e-08,7.54026,0.0
9632,189,1.56000091553,0.115945584647,0.0,6.96185,2.86102e-08,6.96185,0.0
9869,194,1.62000080109,0.113762629431,0.0,7.20969,2.38419e-08,7.20969,0.0
10104,199,1.48000083923,0.11932681322,0.0,7.06329,1.15123e-05,7.06328,0.0
10341,204,1.53000076294,0.124928760449,0.0,7.25504,5.2452e-08,7.25504,0.0
10577,209,1.58000102997,0.119691163022,0.0,7.0121,6.67571e-08,7.0121,0.0
10813,214,1.45000125885,0.109030906749,0.0,7.38205,1.43051e-08,7.38205,0.0
11049,219,1.59000114441,0.131523875527,0.0,7.29664,9.53674e-09,7.29664,0.0
11286,224,1.51000102997,0.122418267874,0.0,7.5737,1.33514e-07,7.5737,0.0
11523,229,1.46000141144,0.1183904378,0.0,7.56668,2.38419e-09,7.56668,0.0
11790,234,1.51000102997,0.111370464174,0.0,6.94366,4.76837e-08,6.94366,0.0
12070,239,1.47000087738,0.11523626606,0.0,7.38468,5.24521e-08,7.38468,0.0
12134,240,1.4700012207,0.117557401887,0.0,7.15932,1.45435e-07,7.15932,0.0
12198,241,1.61000091553,0.11920615088,0.0,7.45567,9.53674e-09,7.45567,0.0
12263,242,1.53000076294,0.111334885308,0.0,7.4956,2.14577e-08,7.4956,0.0
12328,243,1.55000091553,0.114299043472,0.0,7.36272,1.90735e-08,7.36272,0.0
12392,244,1.61000095367,0.115381654013,0.0,6.97452,5.72204e-08,6.97452,0.0
12456,245,1.410001297,0.109800896472,0.0,7.48128,8.34464e-08,7.48128,0.0
12520,246,1.66000095367,0.121840696885,0.0,7.0125,7.15256e-09,7.0125,0.0
12588,247,1.53000110626,0.116025506746,0.0,7.2694,1.90735e-08,7.2694,0.0
12652,248,1.46000099182,0.11531221679,0.0,6.72966,4.52995e-08,6.72966,0.0
12717,249,1.48000133514,0.124573214969,0.0,6.91011,1.19209e-08,6.91011,0.0
