60,4,5.499998703,0.262853909284,0.0,38.0725,0.0190158,38.0535,0.0
122,9,3.34000045776,0.157294109538,0.0,31.7028,0.0055893,31.6972,0.0
183,14,2.96000099182,0.129402032085,0.0,28.0612,0.00203592,28.0591,0.0
244,19,2.27000213623,0.106646561837,0.0,25.5795,0.00263914,25.5769,0.0
306,24,2.37000236511,0.112433064189,7.62939453125e-06,25.4776,0.000424161,25.4772,0.0
367,29,2.08000198364,0.105209591482,0.0,25.128,0.000221959,25.1278,0.0
428,34,2.04000305176,0.10249019393,0.0,24.6014,0.000286066,24.6011,0.0
489,39,1.88000267029,0.102933295052,0.0,25.5616,7.06546e-05,25.5615,0.0
541,44,1.84000259399,0.100110085153,7.62939453125e-06,24.5348,2.71818e-05,24.5348,0.0
600,49,1.95000221252,0.0958776770998,7.62939453125e-06,24.4407,3.8432e-05,24.4407,0.0
660,54,1.82000312805,0.104251187675,7.62939453125e-06,24.7151,6.94077e-05,24.7151,0.0
722,59,1.77000350952,0.0989642652823,0.0,23.7391,1.50497e-05,23.7391,0.0
784,64,1.77000312805,0.0986877228809,7.62939453125e-06,23.8828,2.4923e-05,23.8828,0.0
848,69,1.66000350952,0.0938179162005,7.62939453125e-06,24.4702,1.63115e-05,24.4702,0.0
911,74,1.7100025177,0.104230386219,0.0,22.8459,5.09898e-05,22.8459,0.0
972,79,1.59000282288,0.100180949898,7.62939453125e-06,23.9492,1.55018e-05,23.9492,0.0
1033,84,1.70000366211,0.0938612789451,7.62939453125e-06,23.0705,1.39707e-05,23.0705,0.0
1095,89,1.58000236511,0.101275713709,0.0,24.7386,9.15007e-06,24.7386,0.0
1157,94,1.47000335693,0.0881457407906,7.62939453125e-06,23.3545,1.1097e-05,23.3545,0.0
1220,99,1.51000343323,0.0919689653639,7.62939453125e-06,23.2996,5.81573e-06,23.2996,0.0
1282,104,1.62000259399,0.101043100643,7.62939453125e-06,22.1628,1.9103e-05,22.1628,0.0
1342,109,1.59000328064,0.109174777556,7.62939453125e-06,23.5814,7.02327e-06,23.5814,0.0
1400,114,1.64000297546,0.10120253935,7.62939453125e-06,23.4829,4.19718e-06,23.4829,0.0
1457,119,1.45000343323,0.0938957553654,0.0,22.3207,1.09482e-05,22.3207,0.0
1513,124,1.54000312805,0.0910068364028,7.62939453125e-06,23.4077,3.37239e-06,23.4077,0.0
1569,129,1.54000312805,0.0930299418865,0.0,22.0699,3.10297e-06,22.0699,0.0
1624,134,1.47000267029,0.0958561061431,0.0,23.3215,3.16617e-06,23.3215,0.0
1679,139,1.50000366211,0.0934341288765,7.62939453125e-06,22.6291,2.76444e-06,22.6291,0.0
1734,144,1.4100037384,0.0928531523596,0.0,22.4537,1.87634e-06,22.4537,0.0
1789,149,1.4400038147,0.0915004662575,0.0,22.5519,1.62481e-06,22.5519,0.0
1843,154,1.57000320435,0.0952919777643,7.62939453125e-06,22.9861,2.65113e-06,22.9861,0.0
1898,159,1.29000350952,0.0850989482098,7.62939453125e-06,22.2934,3.61556e-06,22.2934,0.0
1952,164,1.47000297546,0.0991397148522,0.0,22.1933,4.48651e-06,22.1933,0.0
2007,169,1.49000366211,0.0975035253476,0.0,20.8129,1.33991e-06,20.8129,0.0
2061,174,1.35000328064,0.0891694037555,7.62939453125e-06,23.1119,1.33752e-06,23.1119,0.0
2115,179,1.50000312805,0.0973636282619,7.62939453125e-06,21.9856,4.67404e-06,21.9856,0.0
2170,184,1.52000305176,0.0996442300642,7.62939453125e-06,21.4292,3.47839e-06,21.4292,0.0
2224,189,1.42000366211,0.0923564417242,7.62939453125e-06,20.9584,6.98604e-06,20.9584,0.0
52,199,1.39000282288,0.0961596549433,0.0,21.425,1.41858e-06,21.425,0.0
111,204,1.48000244141,0.106247583752,7.62939453125e-06,22.3853,1.98699e-05,22.3853,0.0
170,209,1.48000205994,0.101729170617,7.62939453125e-06,21.2782,5.78163e-07,21.2782,0.0
229,214,1.37000221252,0.095887765494,7.62939453125e-06,20.6492,1.27791e-06,20.6492,0.0
283,219,1.4900025177,0.102937220595,7.62939453125e-06,21.316,1.64506e-06,21.316,0.0
341,224,1.31000267029,0.0933087369079,7.62939453125e-06,21.0732,4.35113e-07,21.0732,0.0
400,229,1.36000244141,0.0858662473579,7.62939453125e-06,20.8258,1.67245e-06,20.8258,0.0
458,234,1.29000274658,0.0929743890191,0.0,21.8191,2.6617e-05,21.8191,0.0
514,239,1.24000274658,0.0898738792253,7.62939453125e-06,20.8359,4.69683e-07,20.8359,0.0
527,240,1.33000205994,0.095230049205,0.0,21.6689,1.25048e-06,21.6689,0.0
540,241,1.33000297546,0.0869477028802,7.62939453125e-06,21.4649,4.51801e-07,21.4649,0.0
553,242,1.3300025177,0.0905139385332,0.0,20.8628,6.78298e-07,20.8628,0.0
566,243,1.31000297546,0.086688101194,0.0,20.3928,4.9114e-07,20.3928,0.0
578,244,1.30000259399,0.0813408213457,0.0,20.7773,4.24384e-07,20.7773,0.0
591,245,1.30000282288,0.0866309550548,7.62939453125e-06,19.9007,4.88756e-07,19.9007,0.0
604,246,1.31000236511,0.0833724425564,0.0,20.2092,6.24654e-07,20.2092,0.0
617,247,1.33000205994,0.0941333983105,7.62939453125e-06,21.1966,5.98424e-07,21.1966,0.0
630,248,1.34000205994,0.0903863773808,7.62939453125e-06,20.6919,5.31671e-07,20.6919,0.0
643,249,1.27000244141,0.0932304054086,0.0,21.4428,6.24654e-07,21.4428,0.0
