60,4,7.40999923706,0.306532268077,0.0,37.7402,0.0219613,37.7182,0.0
121,9,4.98999862671,0.207666731104,7.62939453125e-06,30.5135,0.00767944,30.5058,0.0
183,14,3.14000099182,0.136567911841,7.62939453125e-06,29.3629,0.00215664,29.3607,0.0
245,19,2.91000099182,0.129693171699,7.62939453125e-06,26.8178,0.000902925,26.8169,0.0
306,24,2.43000205994,0.11098022378,7.62939453125e-06,26.1408,0.000672947,26.1401,0.0
368,29,2.53000167847,0.10601225195,0.0,26.4067,0.000264533,26.4064,0.0
430,34,1.85000244141,0.0927609929023,0.0,24.6611,0.000153076,24.661,0.0
492,39,1.87000366211,0.0885506751202,7.62939453125e-06,25.899,6.53117e-05,25.8989,0.0
554,44,1.98000267029,0.10801537813,0.0,24.0771,7.11939e-05,24.077,0.0
615,49,1.58000335693,0.0847198242194,7.62939453125e-06,24.817,3.13122e-05,24.817,0.0
676,54,1.73000305176,0.0855042467464,7.62939453125e-06,24.2359,1.64187e-05,24.2359,0.0
738,59,1.76000358582,0.0912085185165,7.62939453125e-06,24.0954,2.09673e-05,24.0954,0.0
799,64,1.55000320435,0.0849498445599,7.62939453125e-06,22.9847,1.64157e-05,22.9847,0.0
861,69,1.49000274658,0.0785269583011,7.62939453125e-06,23.1104,1.36661e-05,23.1103,0.0
923,74,1.4200037384,0.080060981689,7.62939453125e-06,23.2985,8.66842e-06,23.2985,0.0
985,79,1.52000289917,0.0834891821898,7.62939453125e-06,23.8463,7.92589e-06,23.8463,0.0
1047,84,1.57000320435,0.0881944636931,7.62939453125e-06,23.5173,1.01023e-05,23.5173,0.0
1108,89,1.43000312805,0.0787500675512,7.62939453125e-06,23.2823,4.65982e-06,23.2823,0.0
1170,94,1.47000305176,0.0805239396732,0.0,22.6005,4.87558e-06,22.6005,0.0
1232,99,1.54000358582,0.0895993120132,0.0,22.781,4.49762e-06,22.781,0.0
1294,104,1.51000335693,0.081151616362,7.62939453125e-06,23.4716,8.98634e-06,23.4716,0.0
1356,109,1.51000289917,0.0824937914405,0.0,23.7826,5.48229e-06,23.7826,0.0
1418,114,1.47000343323,0.0910474102164,7.62939453125e-06,25.1709,7.18667e-06,25.1709,0.0
1480,119,1.40000274658,0.0846338343556,7.62939453125e-06,23.5656,3.54986e-06,23.5656,0.0
1542,124,1.30000343323,0.0783519843474,0.0,22.1276,6.82681e-06,22.1276,0.0
1604,129,1.45000274658,0.0817504854873,7.62939453125e-06,22.9782,1.49844e-06,22.9782,0.0
1665,134,1.45000335693,0.0871410584036,0.0,22.3774,2.31262e-06,22.3774,0.0
1728,139,1.43000320435,0.0891140629677,0.0,22.0767,2.65116e-06,22.0767,0.0
1789,144,1.47000335693,0.0875940657686,7.62939453125e-06,22.4202,2.13738e-06,22.4202,0.0
1851,149,1.31000389099,0.0913541292999,7.62939453125e-06,22.5641,1.97525e-06,22.5641,0.0
1912,154,1.38000320435,0.0834761157756,0.0,22.4543,4.25682e-06,22.4543,0.0
1974,159,1.33000328064,0.0818207615249,7.62939453125e-06,22.8398,9.46519e-07,22.8398,0.0
2036,164,1.29000274658,0.0774762421925,7.62939453125e-06,24.1853,1.68916e-06,24.1853,0.0
2098,169,1.35000343323,0.0887273863298,7.62939453125e-06,21.8891,4.93234e-05,21.8891,0.0
2159,174,1.23000335693,0.0876337953725,7.62939453125e-06,21.7848,2.39599e-06,21.7848,0.0
2221,179,1.26000343323,0.0904219954018,7.62939453125e-06,22.0988,8.54727e-07,22.0988,0.0
2283,184,1.35000335693,0.0845528027631,7.62939453125e-06,22.2107,7.02139e-07,22.2107,0.0
2345,189,1.30000389099,0.087161329966,7.62939453125e-06,22.1458,7.68897e-07,22.1458,0.0
2407,194,1.27000350952,0.0887909293509,7.62939453125e-06,22.2827,8.60684e-07,22.2827,0.0
2469,199,1.25000305176,0.081684658076,7.62939453125e-06,21.2091,1.52582e-06,21.2091,0.0
2531,204,1.34000350952,0.0925691515987,0.0,22.3085,5.90083e-07,22.3085,0.0
2584,209,1.30000389099,0.0819389499279,7.62939453125e-06,22.1089,1.20042e-06,22.1089,0.0
2644,214,1.32000350952,0.0849975430601,7.62939453125e-06,21.953,1.0371e-06,21.953,0.0
2707,219,1.38000259399,0.0915372317022,7.62939453125e-06,22.8838,7.77241e-07,22.8838,0.0
2770,224,1.2600038147,0.0865416787783,7.62939453125e-06,21.9284,3.32593e-07,21.9284,0.0
2833,229,1.3600038147,0.0941201580965,7.62939453125e-06,22.1288,6.03192e-07,22.1288,0.0
2896,234,1.33000389099,0.092698785125,0.0,21.9066,3.1352e-07,21.9066,0.0
2960,239,1.31000312805,0.0905277099033,7.62939453125e-06,22.1095,2.563e-07,22.1095,0.0
2974,240,1.30000350952,0.0984124855901,7.62939453125e-06,21.5313,3.96965e-07,21.5313,0.0
2988,241,1.32000267029,0.0995042127263,0.0,21.3169,3.96964e-07,21.3169,0.0
3002,242,1.31000419617,0.0959576311492,7.62939453125e-06,21.7204,1.58308e-06,21.7204,0.0
3017,243,1.24000389099,0.0856675932158,7.62939453125e-06,21.1635,1.74045e-07,21.1635,0.0
3031,244,1.29000289917,0.0888728804253,7.62939453125e-06,22.9763,3.83852e-07,22.9763,0.0
3045,245,1.23000312805,0.0893743451554,0.0,21.6907,4.52992e-07,21.6907,0.0
3060,246,1.25000259399,0.0890403348754,0.0,21.4552,1.23142e-06,21.4552,0.0
3074,247,1.1700037384,0.0886427342835,7.62939453125e-06,21.1791,2.24113e-07,21.1791,0.0
3087,248,1.26000396729,0.0902405535613,7.62939453125e-06,21.2391,1.97887e-07,21.2391,0.0
3102,249,1.2500038147,0.0830988675047,0.0,21.6305,7.08099e-07,21.6305,0.0
