473,4,2.98000167847,0.329507812858,3.81469726562e-06,30.9538,0.236579,29.8974,0.819782
947,9,2.46000167847,0.258328229189,2.28881835937e-06,26.2089,0.182363,25.1784,0.848104
1417,14,2.10000305176,0.217999441922,3.0517578125e-06,24.5135,0.135197,23.5934,0.784902
1887,19,2.09000236511,0.195598708391,4.57763671875e-06,23.49,0.12804,22.5302,0.831757
2357,24,1.81000343323,0.182333886325,6.86645507813e-06,23.9822,0.110815,23.1041,0.76727
2828,29,1.78000289917,0.166785846353,4.57763671875e-06,23.7811,0.0980762,22.7386,0.944448
3301,34,1.73000358582,0.158284016028,2.28881835937e-06,22.5034,0.0987443,21.5582,0.846385
3778,39,1.70000328064,0.147423774078,6.86645507813e-06,21.9444,0.0872924,20.882,0.975117
4255,44,1.53000343323,0.135941863284,3.0517578125e-06,23.7191,0.0766353,22.7985,0.84397
4729,49,1.5400038147,0.115240443721,7.62939453125e-07,22.6273,0.05509,21.404,1.1682
5210,54,1.53000297546,0.107187365443,2.28881835937e-06,23.1477,0.04971,21.6414,1.4566
5698,59,1.56000358582,0.0994443513453,1.52587890625e-06,22.1775,0.0428441,21.0807,1.05393
6187,64,1.63000358582,0.0967616916448,3.0517578125e-06,22.6903,0.0410084,21.4721,1.17719
6677,69,1.55000358582,0.0930517014489,4.57763671875e-06,21.5151,0.0369463,20.249,1.22913
7163,74,1.45000358582,0.089881985113,6.86645507813e-06,22.3715,0.0382048,21.258,1.07529
7650,79,1.48000320435,0.091849912107,7.62939453125e-07,20.9509,0.0360626,19.7486,1.16625
8135,84,1.54000358582,0.0928159811348,6.103515625e-06,20.7173,0.0362921,19.5664,1.11466
8624,89,1.41000366211,0.0909019123763,7.62939453125e-06,22.3816,0.0348378,21.041,1.30573
9117,94,1.42000427246,0.090428073816,7.62939453125e-07,20.3245,0.0330977,19.3419,0.949569
9607,99,1.50000343323,0.0863571634144,4.57763671875e-06,20.9501,0.0359078,19.9124,1.00181
10094,104,1.4000038147,0.0880775318295,1.52587890625e-06,20.4183,0.0341663,19.0404,1.34366
10580,109,1.4000037384,0.0890068820119,7.62939453125e-07,21.1356,0.0337736,20.007,1.09482
11070,114,1.31000457764,0.0850257751346,4.57763671875e-06,20.2659,0.0326336,19.0048,1.22853
11559,119,1.38000404358,0.086124432385,5.34057617187e-06,20.3032,0.0330188,19.1192,1.15104
12046,124,1.46000328064,0.0860045423731,3.81469726562e-06,22.0457,0.0327871,20.6158,1.39718
12533,129,1.39000366211,0.085044551529,2.28881835937e-06,20.5994,0.0301504,19.3543,1.21504
13022,134,1.43000328064,0.0820603571832,1.52587890625e-06,21.2181,0.0315484,20.338,0.848484
13510,139,1.35000366211,0.0855383083597,1.52587890625e-06,20.1692,0.0311368,18.9794,1.15871
13957,144,1.40000396729,0.0839912560955,3.81469726562e-06,19.4495,0.0314713,18.4664,0.951557
14403,149,1.3500038147,0.0819154570997,3.81469726562e-06,21.2809,0.0286852,19.9847,1.26753
14848,154,1.35000350952,0.0810780450702,4.57763671875e-06,19.8526,0.0285615,18.6955,1.12857
15295,159,1.39000427246,0.0819142328948,2.28881835937e-06,20.7692,0.0357251,19.8275,0.905949
15737,164,1.27000343323,0.0844946699962,3.81469726562e-06,21.0902,0.0314015,19.9438,1.11507
16180,169,1.38000328064,0.0822408629209,4.57763671875e-06,21.009,0.029961,19.8369,1.14218
16623,174,1.31000350952,0.0817330862954,5.34057617187e-06,22.226,0.0301396,20.7411,1.45475
17066,179,1.38000312805,0.0835378993303,6.86645507813e-06,20.3138,0.0326996,19.0512,1.22989
17509,184,1.2600037384,0.0803629861027,3.0517578125e-06,21.0833,0.0303048,19.7547,1.29836
17951,189,1.36000419617,0.0829719820246,3.0517578125e-06,21.0424,0.0285918,19.7666,1.24723
18393,194,1.29000411987,0.0840297080576,4.57763671875e-06,21.6894,0.0337729,20.418,1.23767
18836,199,1.2800037384,0.0792379947007,6.103515625e-06,19.4584,0.0291091,18.314,1.11534
19278,204,1.33000358582,0.0799301259965,1.52587890625e-06,19.9935,0.0290596,18.8275,1.1369
19720,209,1.27000404358,0.0796638851613,1.52587890625e-06,20.9128,0.0290636,19.7136,1.17013
20161,214,1.28000358582,0.0788232683018,3.81469726562e-06,19.0311,0.0281118,17.9043,1.0987
20603,219,1.27000396729,0.0771812727675,2.28881835937e-06,21.2465,0.0298679,20.3068,0.909789
21046,224,1.22000389099,0.077821945101,4.57763671875e-06,22.2412,0.0267512,21.0245,1.18994
21488,229,1.25000427246,0.0789619997144,2.28881835937e-06,19.2605,0.0281976,18.0074,1.22492
21931,234,1.25000434875,0.0748355691507,5.34057617187e-06,19.7022,0.026632,18.5793,1.0963
22374,239,1.23000404358,0.0768997880444,6.103515625e-06,20.403,0.0265421,19.083,1.29347
22466,240,1.28000335693,0.0733061088435,2.28881835937e-06,19.7397,0.0278315,18.5054,1.20641
22559,241,1.21000358582,0.0736740910076,7.62939453125e-07,18.9105,0.0297366,17.8051,1.07565
22651,242,1.20000404358,0.0744451506063,2.28881835937e-06,19.4641,0.0260605,18.4036,1.03445
22743,243,1.20000404358,0.0733383109048,4.57763671875e-06,18.967,0.027982,17.6577,1.28134
22835,244,1.1900037384,0.0720036402345,1.52587890625e-06,18.1172,0.0274783,17.1628,0.926901
22927,245,1.22000320435,0.075068210531,3.0517578125e-06,20.0831,0.0258194,18.964,1.09334
23019,246,1.23000404358,0.0735870569758,3.0517578125e-06,19.0513,0.0263386,17.8928,1.13211
23111,247,1.21000366211,0.0746981815808,3.0517578125e-06,20.1968,0.0234028,18.7538,1.41964
23203,248,1.18000404358,0.0756009975448,0.0,20.2843,0.0257156,19.1543,1.10432
23294,249,1.19000320435,0.0753081074916,2.28881835937e-06,20.2458,0.0261963,18.9619,1.25771
