84,4,6.59999771118,0.286840383708,7.62939453125e-06,17.576,0.0250223,17.551,0.0
175,9,3.79999923706,0.171417041123,0.0,14.1489,0.00539218,14.1435,0.0
264,14,3.6,0.167355734855,0.0,12.9628,0.00187543,12.9609,0.0
282,15,3.7,0.15690326225,0.0,12.3724,0.00165758,12.3707,0.0
300,16,3.09999923706,0.14461645633,0.0,12.2181,0.0014341,12.2167,0.0
318,17,3.2,0.16347222086,0.0,12.2882,0.00122033,12.287,0.0
336,18,2.99999923706,0.143605621532,7.62939453125e-06,12.0214,0.000827727,12.0206,0.0
355,19,2.79999923706,0.16006244868,0.0,11.988,0.000802245,11.9872,0.0
373,20,3.10000076294,0.160227008164,0.0,12.3518,0.000647048,12.3511,0.0
391,21,2.89999923706,0.186242063902,7.62939453125e-06,11.6501,0.00039982,11.6497,0.0
409,22,3.1,0.181152391434,7.62939453125e-06,11.7672,0.000410604,11.7668,0.0
427,23,3.1,0.151642474532,7.62939453125e-06,11.747,0.000341445,11.7467,0.0
445,24,2.90000076294,0.139869348775,7.62939453125e-06,11.4593,0.000345208,11.459,0.0
