129,4,10.08000103,0.385590943545,0.0,13.1308,0.00702454,13.1238,0.0
265,9,5.86000022888,0.21758236629,0.0,10.9809,0.00187378,10.979,0.0
399,14,4.0900012207,0.151242436778,0.0,10.0422,0.000757007,10.0414,0.0
533,19,3.63000068665,0.153398425817,0.0,9.11906,0.000158792,9.1189,0.0
668,24,2.69000087738,0.12940047888,0.0,8.9017,0.000484916,8.90122,0.0
803,29,2.91000118256,0.134739167683,0.0,9.07826,5.90729e-05,9.0782,0.0
938,34,3.01000083923,0.147649007878,0.0,8.91182,6.63298e-05,8.91175,0.0
1074,39,2.56000068665,0.1283405175,0.0,8.81744,1.14103e-05,8.81743,0.0
1210,44,2.20000076294,0.117398224712,0.0,8.5957,1.69936e-05,8.59569,0.0
1345,49,2.30000099182,0.125605387421,0.0,8.40723,4.90895e-06,8.40722,0.0
1482,54,2.35000091553,0.127562461467,0.0,8.53363,3.00307e-05,8.5336,0.0
1618,59,2.10000114441,0.1160335904,0.0,8.02416,7.00927e-06,8.02415,0.0
1751,64,2.06000118256,0.123473303952,0.0,7.54619,2.66073e-06,7.54618,0.0
1882,69,1.83000083923,0.106358061165,0.0,8.07645,2.68217e-06,8.07645,0.0
2013,74,1.91000125885,0.11014019254,0.0,7.74158,5.6623e-06,7.74157,0.0
2144,79,1.83000091553,0.1074364681,0.0,7.80299,2.87053e-06,7.80299,0.0
2276,84,1.88000099182,0.113458542225,0.0,7.53461,2.53914e-06,7.53461,0.0
2407,89,1.79000083923,0.107237029145,0.0,7.52315,6.72791e-06,7.52315,0.0
2538,94,1.93000114441,0.121145521728,0.0,7.70243,6.57302e-06,7.70242,0.0
2670,99,1.82000114441,0.106249144181,0.0,7.17715,2.23397e-06,7.17715,0.0
2801,104,1.74000095367,0.11420022376,0.0,8.0577,6.67286e-06,8.05769,0.0
2932,109,1.70000099182,0.0946617514056,0.0,7.24483,1.90256e-06,7.24482,0.0
3064,114,1.84000095367,0.124023324969,0.0,7.85167,2.2292e-06,7.85167,0.0
3193,119,1.67000125885,0.11186018603,0.0,7.91259,1.55687e-06,7.91259,0.0
3322,124,1.6100005722,0.110768397006,0.0,7.16259,5.93661e-07,7.16259,0.0
3450,129,1.57000095367,0.102440017821,0.0,7.6612,2.44612e-06,7.66119,0.0
3579,134,1.58000114441,0.107930714859,0.0,7.79081,1.92402e-06,7.79081,0.0
3707,139,1.54000102997,0.1036145736,0.0,7.47282,4.02927e-07,7.47282,0.0
3836,144,1.63000080109,0.113480691514,0.0,7.4617,1.72851e-06,7.4617,0.0
3963,149,1.53000095367,0.112287398747,0.0,7.68621,7.91546e-07,7.68621,0.0
4092,154,1.57000125885,0.114580920152,0.0,7.42384,5.22555e-06,7.42384,0.0
4220,159,1.70000156403,0.115051451857,0.0,7.38079,6.91411e-07,7.38079,0.0
4348,164,1.52000083923,0.110520667056,0.0,7.29269,1.21593e-07,7.29269,0.0
4476,169,1.34000106812,0.105469526705,0.0,7.65685,2.08849e-06,7.65685,0.0
4604,174,1.60000072479,0.11081730693,0.0,7.18257,2.50095e-06,7.18257,0.0
4732,179,1.62000152588,0.122979585697,0.0,7.09144,1.35898e-07,7.09144,0.0
4859,184,1.42000118256,0.102228373712,0.0,7.86688,2.7345e-06,7.86688,0.0
4987,189,1.46000076294,0.105359820779,0.0,7.30861,3.75733e-06,7.3086,0.0
5116,194,1.37000091553,0.101320666796,0.0,7.57323,9.1074e-07,7.57323,0.0
5244,199,1.60000099182,0.111749904294,0.0,7.57125,9.44123e-07,7.57124,0.0
5372,204,1.57000072479,0.111956540333,0.0,7.66923,2.76565e-07,7.66923,0.0
5501,209,1.64000125885,0.126154309586,0.0,6.98533,2.59876e-07,6.98533,0.0
5629,214,1.57000080109,0.120459196929,0.0,7.38535,1.00136e-07,7.38535,0.0
5757,219,1.45000072479,0.100955194034,0.0,7.15455,1.47819e-07,7.15455,0.0
5885,224,1.37000118256,0.1205731399,0.0,7.37937,1.70465e-06,7.37937,0.0
6014,229,1.53000091553,0.105874673781,0.0,7.29853,3.50475e-07,7.29853,0.0
6141,234,1.44000099182,0.0982515635881,0.0,7.09832,7.20015e-07,7.09832,0.0
6269,239,1.59000068665,0.116242461864,0.0,7.10517,4.29153e-08,7.10517,0.0
6300,240,1.49000083923,0.106269570453,0.0,7.2663,1.50203e-07,7.2663,0.0
6329,241,1.3200006485,0.102133168065,0.0,7.62573,4.52995e-08,7.62573,0.0
6359,242,1.3700012207,0.1078775188,0.0,7.41711,1.0252e-07,7.41711,0.0
6389,243,1.46000091553,0.109363376628,0.0,7.10886,2.07424e-07,7.10886,0.0
6419,244,1.40000125885,0.11009315459,0.0,7.65374,1.64509e-07,7.65374,0.0
6449,245,1.39000099182,0.110542489735,0.0,7.11778,8.10623e-08,7.11778,0.0
6479,246,1.56000080109,0.122513450551,0.0,7.14959,1.69277e-07,7.14959,0.0
6509,247,1.47000102997,0.117028236276,0.0,7.5353,2.31266e-07,7.5353,0.0
6538,248,1.65000072479,0.121109980826,0.0,7.98479,1.43051e-07,7.98479,0.0
6568,249,1.50000087738,0.121829759489,0.0,7.58011,1.43051e-07,7.58011,0.0
