196,4,3.29000076294,0.143945274018,4.57763671875e-06,17.1905,0.0251143,17.1059,0.0594956
394,9,2.43000198364,0.110661839396,4.57763671875e-06,13.8418,0.0145362,13.7005,0.126743
591,14,2.44000152588,0.112565077301,3.0517578125e-06,13.3951,0.0145174,13.3046,0.075916
789,19,2.19000221252,0.0973658872209,3.0517578125e-06,13.2544,0.0128905,13.1319,0.109582
986,24,2.16000167847,0.0964759162813,2.28881835937e-06,12.5075,0.0123172,12.3726,0.122528
1183,29,1.94000244141,0.0864891740121,3.81469726562e-06,11.3341,0.0126791,11.2177,0.103712
1381,34,1.89000160217,0.0856283662282,7.62939453125e-07,11.756,0.012847,11.5921,0.151069
1579,39,1.7800025177,0.0814924845379,6.103515625e-06,11.2664,0.0100856,11.1856,0.0706513
1777,44,1.90000221252,0.0849960372411,3.0517578125e-06,11.464,0.01015,11.3704,0.0834869
1975,49,1.79000221252,0.0840335066058,2.28881835937e-06,11.4382,0.00934127,11.3386,0.0902019
2174,54,1.80000183105,0.0815482881665,7.62939453125e-07,11.4973,0.0106657,11.3624,0.12423
2373,59,1.69000236511,0.0766341670603,3.0517578125e-06,11.2006,0.00889877,10.9956,0.19611
2571,64,1.77000259399,0.079068370387,1.52587890625e-06,11.4238,0.0095305,11.2922,0.122106
2769,69,1.65000221252,0.0791488434561,4.57763671875e-06,10.3042,0.00844795,10.1224,0.173422
2965,74,1.69000267029,0.0785956490226,3.81469726562e-06,10.407,0.0109533,10.2562,0.139865
3161,79,1.54000312805,0.0764446683787,3.0517578125e-06,11.4952,0.0102131,11.3349,0.150094
3357,84,1.59000274658,0.0738531919569,5.34057617187e-06,10.4214,0.011462,10.2643,0.145665
3553,89,1.56000228882,0.0726904347818,4.57763671875e-06,10.9155,0.00968585,10.7607,0.145201
3748,94,1.56000267029,0.0756660505757,5.34057617187e-06,10.2897,0.0104221,10.0955,0.183815
3943,99,1.61000305176,0.0736181697436,3.0517578125e-06,10.5658,0.00933,10.3846,0.171798
4143,104,1.47000274658,0.073924843464,3.81469726562e-06,10.415,0.00983703,10.2369,0.168226
4338,109,1.52000259399,0.0709598012362,2.28881835937e-06,10.3793,0.00956765,10.1123,0.25748
4552,114,1.43000228882,0.0724651670083,4.57763671875e-06,10.4985,0.0100336,10.2337,0.254809
4747,119,1.51000312805,0.0716252315789,2.28881835937e-06,9.49364,0.00921885,9.24991,0.234514
4942,124,1.43000267029,0.071010648571,3.81469726562e-06,10.5245,0.00927886,10.1629,0.352354
5137,129,1.49000259399,0.0705046049878,3.81469726562e-06,10.7594,0.0150809,10.331,0.413324
5332,134,1.56000297546,0.0739130048081,2.28881835937e-06,10.2635,0.0092606,10.0999,0.154378
5527,139,1.50000289917,0.0699688741099,1.52587890625e-06,11.9641,0.00843554,11.6053,0.350279
5722,144,1.51000320435,0.0722204921674,3.0517578125e-06,11.509,0.011053,11.0276,0.470265
5916,149,1.50000244141,0.0709121543542,7.62939453125e-07,10.2752,0.00886184,9.82126,0.445108
6112,154,1.40000259399,0.0699247022066,2.28881835937e-06,10.4894,0.00777752,10.0208,0.460865
6310,159,1.39000274658,0.0687348125316,2.28881835937e-06,11.1548,0.0110156,10.7916,0.35222
6519,164,1.42000274658,0.0666423671786,4.57763671875e-06,10.991,0.00988001,10.575,0.406178
6733,169,1.52000259399,0.0681351893023,2.28881835937e-06,10.4054,0.00858475,10.0033,0.393491
6933,174,1.39000312805,0.0701725591999,4.57763671875e-06,10.2026,0.00882913,9.71535,0.478434
7139,179,1.37000205994,0.0691460416373,1.52587890625e-06,10.2646,0.00883976,9.76926,0.486489
7332,184,1.42000228882,0.0670650736149,5.34057617187e-06,10.8245,0.00913549,10.4138,0.401556
7527,189,1.3900025177,0.0657647848502,1.52587890625e-06,10.1237,0.00912925,9.60954,0.505063
7721,194,1.44000228882,0.070359423859,3.81469726562e-06,10.7008,0.00901688,10.0,0.691753
7915,199,1.38000312805,0.0687170230225,3.81469726562e-06,10.8374,0.00933238,10.266,0.562081
8108,204,1.40000335693,0.0659485565685,3.0517578125e-06,9.83756,0.0089185,9.34804,0.480593
8302,209,1.39000282288,0.0671606598888,3.81469726562e-06,11.1437,0.00934785,10.3881,0.746309
8497,214,1.37000289917,0.0652274596784,3.0517578125e-06,11.1393,0.00805789,10.074,1.0572
8691,219,1.28000343323,0.0654332561512,4.57763671875e-06,10.9488,0.00865293,9.97279,0.96736
8886,224,1.3400025177,0.0629143134132,1.52587890625e-06,10.2092,0.00718248,9.71671,0.485301
9080,229,1.42000282288,0.0628378521372,5.34057617187e-06,9.76135,0.00911454,9.18295,0.569283
9275,234,1.38000282288,0.0619204677176,1.52587890625e-06,10.7342,0.00796929,9.98063,0.745632
9469,239,1.30000312805,0.0610510433931,4.57763671875e-06,10.6912,0.00798548,10.0011,0.682065
9509,240,1.39000236511,0.0640562134609,2.28881835937e-06,10.0061,0.00830827,9.55403,0.443787
9550,241,1.31000267029,0.0619810923468,2.28881835937e-06,10.1117,0.00921897,9.40626,0.696234
9590,242,1.31000328064,0.0626921785437,0.0,9.08654,0.00799174,8.69814,0.380405
9631,243,1.32000312805,0.0637574299052,4.57763671875e-06,10.8074,0.00852505,10.0679,0.731032
9671,244,1.32000274658,0.0593725280184,3.0517578125e-06,10.3816,0.00817661,9.71798,0.655464
9712,245,1.35000236511,0.0597805008665,1.52587890625e-06,10.2528,0.00849076,9.70139,0.542951
9752,246,1.31000289917,0.0612986233924,5.34057617187e-06,11.0456,0.00899463,10.2705,0.766164
9792,247,1.28000274658,0.0625364028104,3.0517578125e-06,10.0409,0.00755924,9.57619,0.457121
9833,248,1.29000282288,0.0599346820917,2.28881835937e-06,10.3899,0.00711185,9.68776,0.695003
9874,249,1.31000335693,0.062184050642,3.0517578125e-06,9.79599,0.00784519,9.10871,0.679437
