55,4,7.1,0.333940136433,7.62939453125e-06,17.5049,0.0203462,17.4846,0.0
110,9,4.89999923706,0.210069231689,0.0,14.2394,0.00565014,14.2338,0.0
166,14,4.3,0.179868354276,7.62939453125e-06,13.5036,0.0023147,13.5013,0.0
178,15,3.70000076294,0.182935861871,7.62939453125e-06,12.6287,0.00159899,12.6271,0.0
190,16,3.6,0.179094512761,0.0,12.5724,0.00148445,12.5709,0.0
202,17,3.50000076294,0.165401921421,0.0,12.07,0.00105861,12.0689,0.0
214,18,3.2,0.162176307105,7.62939453125e-06,11.8274,0.000945029,11.8265,0.0
226,19,3.30000076294,0.150590903312,0.0,12.2168,0.000861122,12.216,0.0
238,20,3.80000152588,0.220786240697,0.0,12.0169,0.000507258,12.0164,0.0
250,21,2.90000076294,0.160759939998,0.0,12.2217,0.000632734,12.221,0.0
262,22,2.70000076294,0.136878686957,0.0,11.9814,0.000452563,11.981,0.0
273,23,2.60000152588,0.166838139296,7.62939453125e-06,11.5946,0.000542513,11.5941,0.0
285,24,2.80000228882,0.195563693345,7.62939453125e-06,11.3133,0.00127077,11.312,0.0
37,4,8.1,0.356150248647,0.0,17.4664,0.0220163,17.4444,0.0
75,9,4.89999694824,0.224869310856,7.62939453125e-06,14.365,0.00577754,14.3592,0.0
