89,4,3.96000068665,0.165765338093,6.103515625e-06,13.1578,0.019735,13.1381,0.0
187,9,3.03000160217,0.126105914135,4.57763671875e-06,9.96835,0.00357383,9.96478,0.0
284,14,2.79000160217,0.116145595014,3.81469726562e-06,8.3096,0.00178393,8.30782,0.0
382,19,3.16000114441,0.127793191858,2.28881835937e-06,7.55609,0.000618567,7.55547,0.0
478,24,2.6900025177,0.108361437987,7.62939453125e-06,7.17525,0.000267443,7.17498,0.0
575,29,2.52000213623,0.111485016281,6.103515625e-06,6.7621,0.000265814,6.76184,0.0
672,34,2.45000213623,0.105842942598,6.86645507813e-06,6.54433,0.000128036,6.54421,0.0
768,39,3.05000160217,0.136441583196,7.62939453125e-06,6.95872,2.95593e-05,6.95869,0.0
865,44,2.51000221252,0.112759217387,7.62939453125e-06,6.7201,4.2491e-05,6.72006,0.0
961,49,2.40000259399,0.107851205387,0.0,6.56088,2.47405e-05,6.56086,0.0
1056,54,2.20000228882,0.0999202761892,6.86645507813e-06,6.45216,1.15917e-05,6.45214,0.0
1153,59,2.38000244141,0.107111924936,5.34057617187e-06,6.37607,6.23856e-05,6.37601,0.0
1248,64,2.2700025177,0.100787976631,2.28881835937e-06,6.12575,1.71436e-05,6.12573,0.0
1344,69,2.15000274658,0.101162615789,6.86645507813e-06,6.21618,1.45869e-05,6.21616,0.0
1440,74,2.26000228882,0.107146205325,6.86645507813e-06,5.7975,8.04158e-06,5.79749,0.0
1535,79,2.0700025177,0.0982942768245,6.86645507813e-06,5.93462,1.96294e-05,5.9346,0.0
1630,84,2.18000236511,0.103389402477,7.62939453125e-07,5.82447,4.09003e-06,5.82447,0.0
1726,89,2.49000152588,0.143481644567,7.62939453125e-06,5.77532,5.59029e-05,5.77526,0.0
1821,94,1.99000274658,0.092181745312,7.62939453125e-06,5.71333,4.17343e-06,5.71333,0.0
1917,99,2.08000282288,0.0978414962257,6.103515625e-06,5.77564,3.99821e-06,5.77564,0.0
2013,104,1.93000289917,0.0816438067937,7.62939453125e-06,5.65537,5.41794e-06,5.65536,0.0
2108,109,1.81000312805,0.0869520359603,7.62939453125e-06,5.887,8.49952e-06,5.887,0.0
