21,4,3.79999961853,0.207260313779,3.81469726562e-06,0.248952,0.0543289,0.0,0.194623
43,9,3.80999923706,0.171377298906,3.0517578125e-06,0.186666,0.024306,0.0,0.16236
65,14,4.07999931335,0.152982833833,0.0,0.0742239,0.00584483,0.0,0.0683791
87,19,2.91000053406,0.129932610504,6.103515625e-06,0.137785,0.00650903,0.0,0.131276
108,24,2.73999977112,0.119451113008,1.52587890625e-06,0.110764,0.00486792,0.0,0.105896
131,29,3.04000007629,0.12442762576,1.52587890625e-06,0.0714719,0.00181993,0.0,0.069652
153,34,2.57000068665,0.106152815614,7.62939453125e-07,0.0774814,0.00143434,0.0,0.076047
174,39,2.39000091553,0.111147050578,1.52587890625e-06,0.0899287,0.00102391,0.0,0.0889048
196,44,2.19000061035,0.105306382068,0.0,0.0618364,0.000824679,0.0,0.0610117
218,49,2.49000083923,0.107064270517,5.34057617187e-06,0.0441238,0.000753705,0.0,0.0433701
240,54,2.15000053406,0.0917101710569,3.81469726562e-06,0.0725449,0.00064516,0.0,0.0718997
262,59,2.07000106812,0.0949409205047,2.28881835937e-06,0.0633788,0.000583105,0.0,0.0627957
283,64,2.08000099182,0.0876721256692,7.62939453125e-07,0.11856,0.000592162,0.0,0.117968
305,69,2.13000106812,0.0948066904023,3.81469726562e-06,0.0518236,0.000922638,0.0,0.050901
327,74,1.920001297,0.0861414657068,3.81469726562e-06,0.0844261,0.000614718,0.0,0.0838114
349,79,1.81000137329,0.0779941097973,7.62939453125e-07,0.0679765,0.000447392,0.0,0.0675291
370,84,1.83000183105,0.0907777973078,0.0,0.0609461,0.000192369,0.0,0.0607538
392,89,1.90000099182,0.0761390907085,3.81469726562e-06,0.0560243,0.000238329,0.0,0.055786
414,94,1.72000160217,0.083108618781,3.0517578125e-06,0.0442048,0.000210616,0.0,0.0439942
436,99,1.62000099182,0.0797853023885,1.52587890625e-06,0.0481646,0.000232714,0.0,0.0479319
457,104,1.89000099182,0.0815866374038,7.62939453125e-07,0.0366835,0.000317589,0.0,0.0363659
479,109,1.77000076294,0.0736074329121,6.103515625e-06,0.0538122,0.000560094,0.0,0.0532521
501,114,1.69000160217,0.0696847157646,7.62939453125e-07,0.0273511,0.000137516,0.0,0.0272136
522,119,1.83000175476,0.081170508638,6.103515625e-06,0.0628131,0.000228968,0.0,0.0625842
544,124,1.68000137329,0.0746407952253,5.34057617187e-06,0.0313821,0.000107024,0.0,0.031275
566,129,1.75000137329,0.0741206206102,4.57763671875e-06,0.0476221,0.00020366,0.0,0.0474184
587,134,1.59000167847,0.0756031333422,1.52587890625e-06,0.0346968,0.000110577,0.0,0.0345863
609,139,1.68000167847,0.0770545039559,0.0,0.0502942,0.000122997,0.0,0.0501712
631,144,1.85000114441,0.0784943006095,5.34057617187e-06,0.0504468,0.000273312,0.0,0.0501735
653,149,1.74000099182,0.0767749588634,7.62939453125e-07,0.0333708,0.000111688,0.0,0.0332591
674,154,1.90000205994,0.0782654556679,0.0,0.038302,6.14985e-05,0.0,0.0382405
696,159,1.67000198364,0.0766417265823,6.103515625e-06,0.0505726,0.000289343,0.0,0.0502833
718,164,1.64000137329,0.0768687654356,4.57763671875e-06,0.0238585,0.000118396,0.0,0.0237401
740,169,1.78000175476,0.072743557964,2.28881835937e-06,0.0485759,5.66453e-05,0.0,0.0485192
761,174,2.10000106812,0.0883341129893,0.0,0.0467251,0.000103925,0.0,0.0466212
783,179,1.84000167847,0.0738268667366,4.57763671875e-06,0.0485311,0.000299324,0.0,0.0482318
805,184,1.87000137329,0.0864191380888,4.57763671875e-06,0.0382838,0.000116964,0.0,0.0381668
826,189,1.88000083923,0.0815496120043,0.0,0.0166474,3.8634e-05,0.0,0.0166088
848,194,1.87000114441,0.0698342272569,6.103515625e-06,0.0425847,0.000144357,0.0,0.0424404
870,199,1.94000114441,0.0788232718455,3.81469726562e-06,0.0175006,0.000130503,0.0,0.0173701
892,204,1.8700012207,0.0774011573242,4.57763671875e-06,0.0216495,4.10071e-05,0.0,0.0216085
913,209,1.71000152588,0.0709150544158,7.62939453125e-07,0.0264987,0.000225375,0.0,0.0262733
935,214,1.6500012207,0.0755990072165,5.34057617187e-06,0.015667,6.02488e-05,0.0,0.0156068
957,219,1.65000152588,0.0752373762312,4.57763671875e-06,0.030681,1.10756e-05,0.0,0.0306699
979,224,1.80000144958,0.0799584103888,5.34057617187e-06,0.00463913,1.36586e-05,0.0,0.00462548
1000,229,1.71000167847,0.0827048582979,3.0517578125e-06,0.0185896,0.000112397,0.0,0.0184772
1022,234,1.67000167847,0.0797986791434,3.0517578125e-06,0.00753033,2.15485e-05,0.0,0.00750878
1044,239,1.63000236511,0.0695661763026,7.62939453125e-07,0.0162927,9.92092e-05,0.0,0.0161935
1049,240,1.76000160217,0.082337762618,0.0,0.0114564,1.8999e-05,0.0,0.0114374
1054,241,1.72000114441,0.0742023531441,0.0,0.0208831,6.11756e-05,0.0,0.0208219
1059,242,1.66000137329,0.0813754674609,2.28881835937e-06,0.0255462,3.76419e-05,0.0,0.0255085
1063,243,1.75000114441,0.0871319356415,5.34057617187e-06,0.0181352,8.9215e-06,0.0,0.0181263
1068,244,1.68000144958,0.0801820692571,7.62939453125e-07,0.00809119,9.41145e-06,0.0,0.00808178
1073,245,1.75000190735,0.0794349801668,7.62939453125e-07,0.00583432,4.29773e-05,0.0,0.00579135
1078,246,1.78000114441,0.0772909215908,3.0517578125e-06,0.0136705,4.02917e-05,0.0,0.0136302
1083,247,1.66000190735,0.0815376730845,3.81469726562e-06,0.00528814,2.72246e-05,0.0,0.00526091
1088,248,1.82000114441,0.0790916255047,4.57763671875e-06,0.0152912,3.61907e-05,0.0,0.015255
1093,249,1.67000167847,0.0703215708258,3.0517578125e-06,0.00986211,1.85727e-05,0.0,0.00984354
