469,4,2.96000160217,0.339580453634,4.57763671875e-06,28.4482,0.256894,27.4507,0.740624
944,9,2.36000205994,0.250946150124,3.81469726562e-06,24.3722,0.176989,23.3793,0.81588
1416,14,2.07000160217,0.217019954622,5.34057617187e-06,24.8295,0.134084,23.8952,0.800182
1887,19,1.90000236511,0.19113406539,5.34057617187e-06,25.0137,0.118814,24.0702,0.824762
2354,24,1.87000244141,0.175598443151,1.52587890625e-06,23.5221,0.106942,22.6331,0.782004
2822,29,1.80000205994,0.166945785806,1.52587890625e-06,22.038,0.0999727,21.1191,0.818979
3291,34,1.85000244141,0.149530318379,2.28881835937e-06,22.9124,0.0892911,21.7527,1.07042
3758,39,1.64000297546,0.134685304537,6.103515625e-06,21.8937,0.0698286,20.8169,1.00698
4226,44,1.61000358582,0.115384962782,7.62939453125e-07,22.917,0.0550316,21.685,1.17692
4693,49,1.62000274658,0.105589504018,2.28881835937e-06,22.6964,0.0442361,21.4389,1.21321
5161,54,1.50000267029,0.0961168081313,7.62939453125e-07,22.7542,0.03938,21.3318,1.383
5628,59,1.46000320435,0.0945749077946,4.57763671875e-06,22.2417,0.0403349,20.7359,1.46545
6097,64,1.47000305176,0.0930928808078,0.0,22.3141,0.0371651,21.2047,1.0723
6566,69,1.48000244141,0.0926243103296,1.52587890625e-06,20.4991,0.0360472,19.2706,1.19244
7035,74,1.54000274658,0.0951682995632,7.62939453125e-07,20.6287,0.0404366,19.4793,1.10901
7503,79,1.44000305176,0.0893555535749,4.57763671875e-06,23.0191,0.0355817,21.6008,1.3827
7971,84,1.48000312805,0.0899537695199,4.57763671875e-06,20.6963,0.0335227,19.6749,0.987795
8440,89,1.45000297546,0.0895601726323,3.0517578125e-06,21.6575,0.0358734,20.4314,1.19016
8908,94,1.46000228882,0.0915802901983,1.52587890625e-06,20.7796,0.0331672,19.365,1.38143
9375,99,1.44000312805,0.0873827154189,4.57763671875e-06,21.0901,0.0331387,19.8983,1.15864
9843,104,1.4200025177,0.0869520098343,0.0,20.9311,0.0292045,19.6511,1.25086
10309,109,1.47000343323,0.0872015833482,2.28881835937e-06,20.6022,0.0332647,19.4928,1.07607
10777,114,1.36000312805,0.0845221792161,3.0517578125e-06,21.3256,0.0308292,20.028,1.26677
11244,119,1.38000328064,0.0850657645613,5.34057617187e-06,19.4937,0.0318003,18.2533,1.20868
11710,124,1.39000297546,0.0864135206863,2.28881835937e-06,20.8841,0.0309058,19.4875,1.36571
12176,129,1.39000289917,0.0857457425073,7.62939453125e-07,21.1538,0.042986,19.9014,1.20944
12643,134,1.40000259399,0.0881519132853,3.0517578125e-06,20.5225,0.032408,19.2455,1.24462
13109,139,1.41000282288,0.0837568546459,5.34057617187e-06,22.9264,0.0304481,21.6783,1.21767
13576,144,1.41000236511,0.0843597247079,2.28881835937e-06,21.8504,0.0365773,20.8245,0.989288
14052,149,1.41000289917,0.0827893469855,2.28881835937e-06,20.281,0.0320802,18.9739,1.27497
14527,154,1.39000366211,0.0852418649197,3.81469726562e-06,20.5264,0.0325439,19.3837,1.11012
14997,159,1.36000335693,0.080744953081,7.62939453125e-07,21.7622,0.0272522,20.5994,1.13556
15466,164,1.34000320435,0.083240384683,1.52587890625e-06,21.7532,0.0319531,20.3153,1.40594
15934,169,1.42000335693,0.0819060501456,4.57763671875e-06,19.8914,0.0268926,18.8099,1.05454
16403,174,1.39000328064,0.0841353406385,3.0517578125e-06,19.8801,0.0301136,18.7785,1.0715
16871,179,1.24000297546,0.0843375912309,1.52587890625e-06,20.1768,0.0289158,18.8194,1.32845
17340,184,1.32000350952,0.0840463000536,5.34057617187e-06,21.3033,0.0315359,20.315,0.956788
17810,189,1.29000259399,0.0815478912368,2.28881835937e-06,19.8049,0.0293567,18.7321,1.04346
18280,194,1.33000320435,0.082281091474,3.0517578125e-06,20.5758,0.0293086,19.2827,1.26379
18750,199,1.34000312805,0.0838454694301,3.81469726562e-06,20.6159,0.0316062,19.6817,0.902646
19219,204,1.28000320435,0.0785320957005,6.86645507813e-06,19.0396,0.0303196,17.8123,1.19699
19690,209,1.37000343323,0.0813448388316,7.62939453125e-07,21.1663,0.0281496,19.9401,1.19797
20159,214,1.31000282288,0.0794603024796,3.81469726562e-06,20.3245,0.0261364,19.236,1.06231
20634,219,1.33000289917,0.0795203948393,3.0517578125e-06,20.2208,0.0277428,18.8608,1.33227
21113,224,1.34000297546,0.0776985371299,3.81469726562e-06,19.7064,0.0258487,18.4822,1.19839
21600,229,1.28000320435,0.0757765797153,1.52587890625e-06,18.7319,0.0278708,17.6878,1.01621
22074,234,1.27000343323,0.0763914797828,3.0517578125e-06,19.8757,0.0253939,18.6791,1.17121
22546,239,1.25000335693,0.0768883208558,3.0517578125e-06,20.7418,0.0262035,19.2427,1.47292
22644,240,1.28000312805,0.0761709223315,2.28881835937e-06,19.7384,0.0271998,18.416,1.29515
22743,241,1.25000312805,0.0746754112095,3.81469726562e-06,19.6829,0.0270136,18.2077,1.44818
22840,242,1.23000312805,0.0763278194703,3.81469726562e-06,18.3226,0.0243485,17.2469,1.05141
22939,243,1.24000289917,0.0772038365901,2.28881835937e-06,20.5944,0.0275582,19.2588,1.30804
23037,244,1.23000259399,0.0732439238578,3.81469726562e-06,19.9295,0.0262652,18.6934,1.2099
23133,245,1.26000228882,0.0738892752491,7.62939453125e-07,19.5362,0.0251536,18.3486,1.16253
23233,246,1.27000320435,0.0735205310769,5.34057617187e-06,19.4934,0.0249371,18.1306,1.33789
23335,247,1.24000343323,0.0773982805014,1.52587890625e-06,19.6979,0.0243913,18.4562,1.21731
23434,248,1.23000297546,0.07325382879,7.62939453125e-07,19.805,0.0241161,18.3912,1.38967
23533,249,1.2700025177,0.0757520174608,3.0517578125e-06,18.5259,0.0265371,17.4388,1.0606
