71,4,9.17000118256,0.399334582537,0.0,12.8547,0.00890872,12.8458,0.0
144,9,5.96000061035,0.229973728172,0.0,10.661,0.00158188,10.6594,0.0
217,14,3.99000053406,0.17095896631,0.0,9.86194,0.000987226,9.86095,0.0
289,19,4.13000061035,0.184842360602,0.0,9.66908,0.000191952,9.66889,0.0
361,24,3.11000110626,0.138053196417,0.0,9.31008,0.000114593,9.30997,0.0
432,29,3.07000133514,0.145384114993,0.0,9.10203,3.6166e-05,9.102,0.0
502,34,3.04000076294,0.14296843476,0.0,9.23602,2.45392e-05,9.23599,0.0
573,39,2.71000076294,0.132824270984,0.0,8.44606,4.36136e-05,8.44602,0.0
642,44,2.29000102997,0.121156270801,0.0,8.62342,3.41398e-05,8.62339,0.0
706,49,2.46000080109,0.134169003713,0.0,8.45669,6.9641e-06,8.45668,0.0
770,54,2.15000099182,0.118939373957,0.0,8.56406,1.47621e-05,8.56405,0.0
834,59,2.18000091553,0.129669300675,0.0,8.30706,4.8923e-06,8.30706,0.0
898,64,2.32000095367,0.122051376681,0.0,7.99122,8.12519e-06,7.99122,0.0
962,69,1.9300012207,0.108954298082,0.0,8.14644,4.25572e-06,8.14643,0.0
1026,74,2.04000106812,0.114862881168,0.0,8.1806,3.79554e-06,8.1806,0.0
1090,79,2.06000125885,0.124625058896,0.0,8.25357,4.14366e-06,8.25356,0.0
1153,84,1.92000099182,0.12074407951,0.0,7.81817,2.58206e-06,7.81817,0.0
1217,89,2.05000106812,0.114739050553,0.0,7.8105,3.941e-06,7.8105,0.0
1281,94,1.77000080109,0.10700861975,0.0,8.02814,2.40801e-06,8.02814,0.0
1345,99,1.81000099182,0.116237635378,0.0,7.93006,6.35568e-06,7.93005,0.0
1410,104,1.99000072479,0.117933891471,0.0,7.96036,5.50968e-06,7.96036,0.0
1474,109,2.13000099182,0.126466764244,0.0,7.68278,4.21517e-06,7.68278,0.0
1539,114,1.73000099182,0.112546944722,0.0,7.69224,2.3174e-06,7.69224,0.0
1603,119,1.80000118256,0.106554999196,0.0,7.42883,8.10621e-07,7.42883,0.0
1667,124,2.00000091553,0.134528528013,0.0,7.76299,3.78357e-05,7.76295,0.0
1732,129,1.64000083923,0.103933329753,0.0,7.6436,1.32322e-06,7.6436,0.0
1799,134,1.90000125885,0.126245924618,0.0,7.66611,6.50881e-07,7.66611,0.0
1865,139,1.62000083923,0.111800563238,0.0,8.36241,3.70967e-06,8.36241,0.0
1931,144,1.66000114441,0.1175185489,0.0,7.33021,7.12079e-06,7.3302,0.0
1996,149,1.85000080109,0.122940023683,0.0,7.40976,7.67706e-07,7.40975,0.0
2062,154,1.80000083923,0.116794103193,0.0,7.5305,5.74588e-07,7.5305,0.0
2126,159,2.11000091553,0.13008013466,0.0,7.56042,2.21723e-06,7.56042,0.0
2193,164,1.97000118256,0.125553101864,0.0,7.6504,5.17368e-07,7.65039,0.0
2258,169,1.69000102997,0.120786635188,0.0,7.4053,7.00949e-07,7.4053,0.0
2324,174,1.91000072479,0.127055981211,0.0,7.94771,2.29118e-06,7.94771,0.0
2389,179,1.78000076294,0.12223560762,0.0,7.72769,2.78949e-07,7.72769,0.0
2455,184,1.8200012207,0.121130664227,0.0,7.49056,3.42834e-06,7.49056,0.0
2520,189,1.810001297,0.131828771306,0.0,7.37574,1.90735e-07,7.37574,0.0
2585,194,1.71000114441,0.119942370896,0.0,7.77124,2.07424e-07,7.77124,0.0
2651,199,1.54000106812,0.106092019248,0.0,7.69437,6.10344e-07,7.69437,0.0
2738,204,1.66000087738,0.109140685866,0.0,7.65496,2.78949e-07,7.65496,0.0
2824,209,1.67000125885,0.116947740459,0.0,7.3733,1.59259e-06,7.3733,0.0
2911,214,1.80000095367,0.129404523082,0.0,7.24342,4.93525e-07,7.24342,0.0
2996,219,1.530001297,0.1068784291,0.0,7.97926,8.79759e-07,7.97926,0.0
3082,224,1.69000091553,0.112258722969,0.0,7.67479,1.5759e-06,7.67479,0.0
3169,229,1.83000102997,0.135169690303,0.0,7.02681,7.36711e-07,7.02681,0.0
3255,234,1.69000087738,0.120932864116,0.0,7.33533,3.12328e-07,7.33533,0.0
3343,239,1.49000072479,0.111617280292,0.0,6.99962,2.28882e-07,6.99962,0.0
3362,240,1.57000102997,0.107323660854,0.0,7.59637,1.5974e-07,7.59637,0.0
3380,241,1.59000160217,0.11316636652,0.0,7.17722,1.45435e-07,7.17722,0.0
3398,242,1.61000114441,0.121241459938,0.0,7.1955,3.85495e-06,7.19549,0.0
3417,243,1.74000099182,0.120742262961,0.0,7.06481,7.39097e-08,7.06481,0.0
3435,244,1.61000114441,0.121037486788,0.0,7.28301,6.19888e-08,7.28301,0.0
3455,245,1.60000072479,0.10252168969,0.0,8.02682,1.00612e-06,8.02682,0.0
3474,246,1.69000099182,0.124617240999,0.0,7.31852,3.24248e-07,7.31852,0.0
3493,247,1.54000102997,0.105309029745,0.0,7.20713,4.76835e-07,7.20713,0.0
3513,248,1.66000125885,0.11646695299,0.0,7.24562,4.07695e-07,7.24562,0.0
3529,249,1.70000083923,0.114361716152,0.0,7.4914,3.21864e-07,7.4914,0.0
