144,4,6.86999794006,0.305921299607,0.0,17.4644,0.0221722,17.4422,0.0
294,9,4.429998703,0.194031051546,7.62939453125e-06,13.8896,0.00529264,13.8843,0.0
443,14,4.11999900818,0.163651759662,0.0,13.1555,0.00168162,13.1538,0.0
592,19,3.30000053406,0.140658777617,7.62939453125e-06,11.9536,0.000712352,11.9529,0.0
740,24,2.70000106812,0.118526997408,7.62939453125e-06,11.4894,0.000381325,11.489,0.0
889,29,2.35000106812,0.105120766752,0.0,11.674,0.000194663,11.6739,0.0
1038,34,2.310001297,0.105439146711,7.62939453125e-06,11.1362,0.000108397,11.1361,0.0
1187,39,2.1000012207,0.105355270123,7.62939453125e-06,11.4406,9.82649e-05,11.4405,0.0
1327,44,1.99000137329,0.108929554773,0.0,10.7188,5.44845e-05,10.7188,0.0
1473,49,2.18000137329,0.119808833564,7.62939453125e-06,10.94,2.65375e-05,10.94,0.0
1617,54,2.06000137329,0.106108713946,0.0,10.6462,1.63633e-05,10.6462,0.0
1765,59,2.26000099182,0.110750097784,7.62939453125e-06,10.6476,1.31114e-05,10.6476,0.0
1913,64,1.73000183105,0.101536706851,0.0,10.2472,1.69321e-05,10.2472,0.0
2062,69,1.90000205994,0.095899308119,0.0,10.2238,2.01545e-05,10.2238,0.0
2209,74,1.80000236511,0.092558347857,0.0,10.0587,4.67993e-05,10.0587,0.0
2357,79,1.80000167847,0.108474671482,0.0,10.2784,1.07832e-05,10.2784,0.0
2504,84,1.71000259399,0.0999104785721,7.62939453125e-06,10.1276,2.56776e-06,10.1276,0.0
2651,89,1.74000137329,0.105892557898,7.62939453125e-06,10.077,7.95598e-06,10.077,0.0
2798,94,1.76000167847,0.114540026828,7.62939453125e-06,9.624,2.87411e-06,9.624,0.0
2945,99,1.78000175476,0.106992892752,0.0,9.83157,3.01477e-06,9.83157,0.0
3085,104,1.65000183105,0.0924687562021,0.0,10.1935,3.81939e-06,10.1935,0.0
3233,109,1.6400012207,0.0992486718707,7.62939453125e-06,10.2184,3.17448e-06,10.2184,0.0
3380,114,1.73000114441,0.100932949816,7.62939453125e-06,10.8162,7.21403e-06,10.8162,0.0
3527,119,1.75000175476,0.103652606467,7.62939453125e-06,9.98674,5.72288e-06,9.98674,0.0
3674,124,1.61000205994,0.0927621764597,0.0,9.41148,1.80719e-06,9.41147,0.0
3821,129,1.73000183105,0.0925789531221,7.62939453125e-06,9.72484,2.73579e-06,9.72484,0.0
3968,134,1.60000190735,0.0988976513711,7.62939453125e-06,9.60725,1.39117e-06,9.60725,0.0
4115,139,1.58000160217,0.100545294607,0.0,9.39751,1.21831e-06,9.39751,0.0
4263,144,1.7300012207,0.0968718879693,0.0,9.42335,1.45673e-06,9.42335,0.0
4410,149,1.76000167847,0.103608774871,0.0,9.59476,7.62938e-07,9.59476,0.0
4558,154,1.5900012207,0.0953763711639,0.0,9.52526,2.75368e-06,9.52525,0.0
4706,159,1.50000160217,0.0869586715007,7.62939453125e-06,9.71643,2.51648e-06,9.71642,0.0
4846,164,1.54000190735,0.0879378789925,7.62939453125e-06,10.1287,1.68083e-06,10.1287,0.0
4991,169,1.51000183105,0.089582912178,7.62939453125e-06,9.3374,1.01089e-06,9.33739,0.0
5122,174,1.47000106812,0.101871132856,0.0,9.38718,1.27315e-06,9.38718,0.0
5228,179,1.58000167847,0.103442285212,7.62939453125e-06,9.32121,7.37903e-07,9.32121,0.0
5332,184,1.57000160217,0.0982592535764,0.0,9.41565,5.53129e-07,9.41565,0.0
5437,189,1.67000221252,0.0954727574461,7.62939453125e-06,9.30274,7.06908e-07,9.30274,0.0
5542,194,1.71000175476,0.100068404266,0.0,9.41151,3.65462e-06,9.41151,0.0
5646,199,1.84000175476,0.113468277476,0.0,8.94563,1.80001e-06,8.94563,0.0
5752,204,1.58000167847,0.104650756335,0.0,9.45183,7.43864e-07,9.45183,0.0
5856,209,1.57000175476,0.0971681787417,7.62939453125e-06,9.33142,8.20731e-06,9.33141,0.0
5961,214,1.64000183105,0.105917974486,7.62939453125e-06,9.10465,4.02927e-07,9.10465,0.0
6066,219,1.50000221252,0.0915563329688,7.62939453125e-06,9.7553,1.0097e-06,9.75529,0.0
6146,224,1.53000205994,0.0992755632837,0.0,9.34215,8.18957e-07,9.34215,0.0
6225,229,1.69000205994,0.121971587422,0.0,9.28553,5.4717e-07,9.28553,0.0
6304,234,1.48000167847,0.0973012346966,7.62939453125e-06,9.15893,9.28055e-06,9.15892,0.0
6383,239,1.57000167847,0.0970458451235,7.62939453125e-06,9.32302,4.00543e-07,9.32302,0.0
6402,240,1.59000183105,0.102371726698,0.0,9.09839,5.06639e-07,9.09838,0.0
6421,241,1.56000160217,0.0999082821375,0.0,9.16715,7.74858e-07,9.16715,0.0
6440,242,1.50000221252,0.106362823267,7.62939453125e-06,9.16973,1.24095e-06,9.16973,0.0
6458,243,1.61000244141,0.108753067089,0.0,8.8969,8.95252e-07,8.8969,0.0
6477,244,1.52000190735,0.108849729573,0.0,9.69954,1.94423e-06,9.69954,0.0
6496,245,1.44000244141,0.102825419906,0.0,9.23553,6.67569e-07,9.23553,0.0
6515,246,1.45000213623,0.109482059302,7.62939453125e-06,9.0768,5.83461e-06,9.07679,0.0
6534,247,1.38000183105,0.0955211281963,0.0,8.9638,3.69548e-07,8.9638,0.0
6552,248,1.5500025177,0.0965193491298,7.62939453125e-06,8.94671,8.41605e-07,8.94671,0.0
6571,249,1.35000190735,0.0878182656258,0.0,9.19481,1.03592e-06,9.19481,0.0
