74,4,3.16000083923,0.174578163996,5.34057617187e-06,31.3545,0.044027,31.3105,0.0
150,9,2.56000091553,0.115489306655,3.81469726562e-06,26.2038,0.0060422,26.1977,0.0
226,14,2.01000228882,0.0893515103962,2.28881835937e-06,23.4991,0.00157023,23.4975,0.0
302,19,1.97000221252,0.093205160778,2.28881835937e-06,22.8018,0.000695817,22.8011,0.0
377,24,1.73000236511,0.0813217646698,4.57763671875e-06,21.2544,0.000504395,21.2539,0.0
453,29,1.77000297546,0.0789660846652,7.62939453125e-06,20.1782,0.000325469,20.1779,0.0
525,34,1.82000198364,0.085953829186,0.0,21.0344,0.000140548,21.0342,0.0
600,39,1.85000152588,0.0876445760136,2.28881835937e-06,20.4938,0.000242928,20.4935,0.0
676,44,1.69000221252,0.0816504016554,1.52587890625e-06,19.9289,0.000233415,19.9287,0.0
752,49,1.57000244141,0.0837169822701,1.52587890625e-06,19.4818,0.00118875,19.4807,0.0
828,54,1.60000320435,0.0802656435897,6.103515625e-06,19.0655,0.000102046,19.0654,0.0
887,59,1.54000221252,0.0756954692758,7.62939453125e-07,19.5333,0.000148698,19.5332,0.0
942,64,1.57000320435,0.0759165809465,6.103515625e-06,19.3454,4.59143e-05,19.3453,0.0
997,69,1.63000190735,0.0777923108567,2.28881835937e-06,19.1282,2.04695e-05,19.1282,0.0
1052,74,1.67000213623,0.0820155590714,3.81469726562e-06,19.6757,2.70289e-05,19.6757,0.0
1107,79,1.47000236511,0.0776530170953,5.34057617187e-06,18.5375,4.29763e-05,18.5375,0.0
1162,84,1.41000244141,0.071887158695,3.81469726562e-06,18.5817,4.35014e-05,18.5817,0.0
1217,89,1.39000259399,0.071155191682,6.103515625e-06,18.6015,3.88306e-05,18.6015,0.0
1271,94,1.43000259399,0.0800625898072,7.62939453125e-06,18.0424,2.33023e-05,18.0424,0.0
1326,99,1.27000259399,0.0638856594358,3.81469726562e-06,18.2085,1.95206e-05,18.2085,0.0
1381,104,1.44000259399,0.0721780666395,4.57763671875e-06,17.7295,1.30944e-05,17.7295,0.0
1436,109,1.48000228882,0.0780394935334,5.34057617187e-06,18.5897,1.37468e-05,18.5897,0.0
1490,114,1.51000289917,0.0777149552532,6.86645507813e-06,17.3699,1.39896e-05,17.3699,0.0
1545,119,1.50000205994,0.0764039862854,3.0517578125e-06,18.7363,1.18718e-05,18.7363,0.0
1600,124,1.42000282288,0.0736917063498,3.0517578125e-06,17.9455,9.46605e-06,17.9454,0.0
1655,129,1.33000236511,0.061379216552,3.81469726562e-06,18.1903,7.10569e-06,18.1903,0.0
1709,134,1.27000297546,0.0682088939316,2.28881835937e-06,18.1933,4.50855e-05,18.1932,0.0
1764,139,1.35000289917,0.0669457161883,3.0517578125e-06,18.1415,9.73623e-06,18.1415,0.0
1818,144,1.3300025177,0.0587534108823,2.28881835937e-06,18.3644,8.16797e-06,18.3644,0.0
1870,149,1.39000267029,0.0714576597499,1.52587890625e-06,18.4635,5.54667e-06,18.4635,0.0
1924,154,1.42000236511,0.0743373938528,3.81469726562e-06,17.3539,4.13889e-06,17.3539,0.0
1978,159,1.49000312805,0.0664215186803,3.81469726562e-06,17.8214,3.62505e-06,17.8214,0.0
2031,164,1.28000274658,0.0692145519692,3.81469726562e-06,17.9921,2.96713e-05,17.992,0.0
2085,169,1.34000343323,0.065472645018,6.103515625e-06,17.0505,3.24365e-06,17.0505,0.0
2138,174,1.31000259399,0.0643436116977,6.103515625e-06,17.6744,2.88731e-05,17.6744,0.0
2192,179,1.3000025177,0.0680008728328,2.28881835937e-06,18.0502,4.556e-06,18.0502,0.0
2245,184,1.44000267029,0.0751023344067,6.103515625e-06,17.7837,4.95407e-06,17.7837,0.0
2299,189,1.26000282288,0.0653750721781,4.57763671875e-06,17.4974,4.39513e-06,17.4974,0.0
2352,194,1.29000358582,0.0704561600136,6.86645507813e-06,17.3013,3.18521e-06,17.3013,0.0
2406,199,1.23000259399,0.0736350555602,7.62939453125e-07,17.807,8.43077e-06,17.807,0.0
2459,204,1.22000328064,0.0665963299495,3.81469726562e-06,17.2767,8.10534e-06,17.2767,0.0
2513,209,1.2500025177,0.0672466022254,3.0517578125e-06,18.2038,1.83224e-06,18.2038,0.0
2566,214,1.26000221252,0.0677284503428,3.0517578125e-06,16.9388,2.86452e-06,16.9388,0.0
2620,219,1.25000228882,0.0674977647499,2.28881835937e-06,17.3,2.46164e-06,17.3,0.0
2674,224,1.31000305176,0.0635640997282,0.0,17.3741,2.41277e-06,17.3741,0.0
2727,229,1.23000267029,0.0709093803131,6.103515625e-06,16.8187,3.20547e-06,16.8187,0.0
2781,234,1.11000297546,0.0607894118616,5.34057617187e-06,17.1647,7.1497e-06,17.1647,0.0
2834,239,1.09000320435,0.0560245115235,1.52587890625e-06,17.6277,2.35555e-06,17.6277,0.0
2846,240,1.22000183105,0.0659996381021,1.52587890625e-06,17.4515,1.36375e-06,17.4515,0.0
2858,241,1.12000244141,0.0625409539595,5.34057617187e-06,17.6352,6.81446e-06,17.6352,0.0
2870,242,1.07000312805,0.0638007495513,2.28881835937e-06,16.4877,2.66668e-06,16.4877,0.0
2882,243,1.15000312805,0.0655806741849,3.0517578125e-06,17.343,3.07552e-06,17.343,0.0
2894,244,1.20000289917,0.0692654970419,3.0517578125e-06,17.5173,5.30424e-06,17.5173,0.0
2906,245,1.24000267029,0.0664773464094,7.62939453125e-07,17.2048,2.47e-06,17.2048,0.0
2917,246,1.21000282288,0.0626986355558,2.28881835937e-06,18.129,2.69048e-06,18.129,0.0
2929,247,1.15000350952,0.0615180756482,3.81469726562e-06,17.2856,2.98732e-06,17.2856,0.0
2941,248,1.12000312805,0.0653436399769,3.0517578125e-06,17.5799,0.000147635,17.5798,0.0
2953,249,1.13000259399,0.065662119911,5.34057617187e-06,16.9056,2.40323e-06,16.9056,0.0
