351,4,2.90000061035,0.133156668954,4.57763671875e-06,31.0979,0.00368578,31.0942,0.0
707,9,2.26000205994,0.112949624581,4.57763671875e-06,26.3161,0.000527611,26.3156,0.0
1057,14,2.10000289917,0.115306964616,6.103515625e-06,26.4725,0.000288496,26.4722,0.0
1404,19,1.91000183105,0.104218584646,2.28881835937e-06,26.9496,0.00011131,26.9495,0.0
1751,24,1.62000236511,0.101974662874,3.81469726562e-06,23.5379,8.4606e-05,23.5378,0.0
2099,29,1.65000343323,0.0987631137471,4.57763671875e-06,24.1708,5.44303e-05,24.1708,0.0
2446,34,1.44000213623,0.0943400183594,6.103515625e-06,24.1234,2.803e-05,24.1234,0.0
2794,39,1.49000312805,0.0848113833554,6.103515625e-06,22.6889,3.07237e-05,22.6888,0.0
3141,44,1.42000335693,0.087659993358,7.62939453125e-07,23.2965,1.7611e-05,23.2965,0.0
3490,49,1.51000282288,0.0819516496523,5.34057617187e-06,23.2036,1.29255e-05,23.2036,0.0
3838,54,1.48000289917,0.0933645476688,3.81469726562e-06,21.4886,1.76743e-05,21.4886,0.0
4187,59,1.39000335693,0.0860905126942,6.86645507813e-06,22.0895,8.90702e-06,22.0894,0.0
4534,64,1.40000274658,0.0930742614693,0.0,23.3502,2.63219e-05,23.3502,0.0
4883,69,1.35000259399,0.0877073147421,4.57763671875e-06,22.0437,7.42763e-06,22.0437,0.0
5231,74,1.33000312805,0.0855664068427,3.81469726562e-06,22.8835,5.7827e-06,22.8835,0.0
5580,79,1.33000259399,0.0911539587607,6.103515625e-06,21.9158,3.17385e-05,21.9158,0.0
5928,84,1.36000320435,0.0876135914668,3.0517578125e-06,22.4037,2.83e-06,22.4037,0.0
6277,89,1.45000274658,0.0906518623536,6.103515625e-06,21.8345,7.25328e-06,21.8345,0.0
6624,94,1.20000282288,0.0820136312913,3.0517578125e-06,21.2059,2.47239e-06,21.2059,0.0
6971,99,1.28000267029,0.0875596016066,5.34057617187e-06,22.2681,9.65538e-06,22.2681,0.0
7318,104,1.28000328064,0.0748689045409,4.57763671875e-06,23.3114,5.66829e-06,23.3114,0.0
7665,109,1.27000274658,0.0815008259151,5.34057617187e-06,21.9678,2.1076e-06,21.9678,0.0
8013,114,1.32000305176,0.0833001010188,4.57763671875e-06,22.311,6.94932e-06,22.311,0.0
8360,119,1.2600025177,0.0834439025297,5.34057617187e-06,22.0698,5.70505e-06,22.0698,0.0
8708,124,1.23000289917,0.0780788644956,3.0517578125e-06,22.5694,5.05175e-06,22.5694,0.0
9055,129,1.29000289917,0.0770110492109,3.81469726562e-06,20.8354,2.22443e-06,20.8354,0.0
9407,134,1.18000328064,0.0748573395004,6.103515625e-06,22.6706,7.79692e-06,22.6706,0.0
9760,139,1.28000282288,0.0817755006002,3.0517578125e-06,21.2385,7.04623e-06,21.2385,0.0
10109,144,1.26000282288,0.07308938674,4.57763671875e-06,22.7394,7.22306e-05,22.7393,0.0
10457,149,1.18000312805,0.0689608592845,3.0517578125e-06,20.5361,4.11739e-06,20.5361,0.0
10806,154,1.18000259399,0.0730845704256,5.34057617187e-06,21.1893,5.31995e-06,21.1893,0.0
11154,159,1.27000350952,0.0788088479469,2.28881835937e-06,22.5548,2.9885e-06,22.5548,0.0
11502,164,1.18000328064,0.0712693364355,3.81469726562e-06,22.0894,0.000114798,22.0893,0.0
11850,169,1.23000328064,0.0796445350081,5.34057617187e-06,21.2198,2.41515e-06,21.2198,0.0
12198,174,1.12000343323,0.0650952517476,3.0517578125e-06,23.1905,6.66379e-07,23.1905,0.0
12546,179,1.16000267029,0.0696984880153,2.28881835937e-06,21.2378,2.11356e-06,21.2378,0.0
12893,184,1.22000274658,0.0784744743508,2.28881835937e-06,21.3047,1.49368e-06,21.3047,0.0
13241,189,1.19000343323,0.0728317506044,5.34057617187e-06,21.1142,2.92055e-06,21.1142,0.0
13589,194,1.17000267029,0.0792382127333,3.0517578125e-06,20.8136,8.46384e-07,20.8136,0.0
13937,199,1.15000312805,0.0778906936728,3.81469726562e-06,20.1073,1.16705e-06,20.1073,0.0
14286,204,1.15000213623,0.0731923691624,1.52587890625e-06,24.1491,8.18962e-07,24.1491,0.0
14635,209,1.15000282288,0.0742135856563,4.57763671875e-06,22.3556,2.12307e-06,22.3556,0.0
14984,214,1.14000274658,0.0696950381157,4.57763671875e-06,20.6377,2.95739e-06,20.6377,0.0
15334,219,1.15000267029,0.0673394270026,3.81469726562e-06,20.044,1.41858e-06,20.044,0.0
15684,224,1.09000335693,0.0636733076547,5.34057617187e-06,21.3587,6.59226e-07,21.3587,0.0
16034,229,1.11000320435,0.0717827108003,5.34057617187e-06,20.4633,6.93796e-07,20.4633,0.0
16384,234,1.09000358582,0.0653573181107,3.81469726562e-06,19.9756,1.11816e-06,19.9756,0.0
16735,239,1.04000411987,0.068276792305,3.0517578125e-06,19.4888,7.17637e-07,19.4888,0.0
16810,240,1.0900025177,0.0634988220682,2.28881835937e-06,21.5016,5.93661e-07,21.5016,0.0
16885,241,1.07000335693,0.0676697711811,4.57763671875e-06,20.3483,6.92604e-07,20.3483,0.0
16960,242,1.0600025177,0.0668208006765,6.103515625e-06,20.2593,5.86508e-07,20.2593,0.0
17035,243,1.06000236511,0.0674523889198,4.57763671875e-06,21.4257,9.75125e-07,21.4257,0.0
17110,244,1.09000289917,0.0645253515662,6.103515625e-06,20.7128,1.14439e-06,20.7128,0.0
17185,245,1.0900037384,0.056018256781,4.57763671875e-06,20.9009,1.02758e-06,20.9009,0.0
17260,246,1.11000289917,0.0673544696511,1.52587890625e-06,20.5822,4.42659e-06,20.5822,0.0
17335,247,1.07000358582,0.0628636543072,6.103515625e-06,19.635,9.69164e-07,19.635,0.0
17411,248,1.10000320435,0.06593662096,4.57763671875e-06,20.6218,5.00678e-07,20.6218,0.0
17485,249,1.07000343323,0.0685845272693,6.103515625e-06,21.3302,7.37902e-07,21.3302,0.0
