472,4,3.000001297,0.33713885963,5.34057617187e-06,29.4742,0.245467,28.4703,0.758403
949,9,2.35000289917,0.24884371236,1.52587890625e-06,25.1382,0.168121,24.0991,0.870971
1426,14,2.17000236511,0.210560491234,7.62939453125e-07,24.9507,0.136146,24.0155,0.799079
1912,19,2.02000312805,0.188250253201,7.62939453125e-07,25.6168,0.113856,24.6577,0.845297
2395,24,1.8700037384,0.177365571335,3.0517578125e-06,22.5126,0.119486,21.5177,0.875373
2877,29,1.80000312805,0.166509746164,7.62939453125e-06,22.8661,0.097106,21.813,0.955941
3355,34,1.76000350952,0.159753246978,1.52587890625e-06,22.8785,0.0940466,21.7766,1.00783
3829,39,1.79000343323,0.149985323846,7.62939453125e-06,21.4992,0.0878177,20.6514,0.760037
4301,44,1.5800037384,0.143924836144,6.103515625e-06,21.9285,0.0800779,20.8253,1.02313
4773,49,1.64000335693,0.144371639863,3.0517578125e-06,21.8756,0.0821433,20.8865,0.906974
5247,54,1.66000396729,0.139908276051,4.57763671875e-06,20.3722,0.0808992,19.3499,0.941341
5720,59,1.63000267029,0.138059071228,5.34057617187e-06,21.141,0.0780152,20.0663,0.996614
6193,64,1.61000320435,0.136708178222,7.62939453125e-07,21.9026,0.0701338,20.7595,1.07302
6666,69,1.53000411987,0.131293347105,3.0517578125e-06,21.1288,0.0681279,20.0542,1.0064
7140,74,1.55000305176,0.132869339213,7.62939453125e-06,21.6466,0.0703531,20.6909,0.885437
7614,79,1.55000305176,0.128514004052,1.52587890625e-06,20.7359,0.0709,19.7977,0.86726
8087,84,1.59000320435,0.127761306539,5.34057617187e-06,21.1714,0.0617856,20.1486,0.960999
8561,89,1.4300037384,0.119829939678,1.52587890625e-06,20.6816,0.0608642,19.4993,1.12147
9035,94,1.39000396729,0.111443377472,6.86645507813e-06,19.9168,0.0547507,18.8905,0.971549
9509,99,1.50000366211,0.104546800032,5.34057617187e-06,21.0429,0.0471703,19.8248,1.17092
9981,104,1.47000434875,0.0997670990229,2.28881835937e-06,21.8097,0.0405826,20.6814,1.0877
10452,109,1.4600038147,0.0945850390941,3.0517578125e-06,21.1367,0.0394948,19.7773,1.31989
10925,114,1.38000389099,0.0948035990447,1.52587890625e-06,21.0105,0.0359537,19.7694,1.20521
11397,119,1.43000358582,0.0923485684767,7.62939453125e-07,21.0134,0.0362429,19.4461,1.53108
11869,124,1.41000366211,0.0892946556211,3.0517578125e-06,21.3787,0.0338835,20.1291,1.21571
12340,129,1.36000320435,0.0850191361457,6.103515625e-06,19.9723,0.032204,18.7731,1.16697
12812,134,1.43000358582,0.0900004549325,5.34057617187e-06,21.423,0.0351011,20.2188,1.16912
13284,139,1.40000389099,0.0895718760788,7.62939453125e-07,20.0476,0.0298605,18.9203,1.09741
13762,144,1.46000358582,0.0870963520929,2.28881835937e-06,21.4871,0.0315234,20.3055,1.15007
14247,149,1.42000366211,0.0861402251571,6.103515625e-06,19.7815,0.0297467,18.4054,1.34637
14724,154,1.45000350952,0.086348134391,2.28881835937e-06,19.8877,0.0301975,18.7608,1.0967
15198,159,1.44000427246,0.0840027455986,4.57763671875e-06,21.3599,0.0304446,20.1425,1.18692
15672,164,1.41000404358,0.0854617476091,2.28881835937e-06,21.0025,0.0326262,19.8922,1.07775
16144,169,1.37000358582,0.0857746304199,7.62939453125e-07,20.5321,0.0325102,19.1583,1.34136
16618,174,1.41000419617,0.0840630705655,3.81469726562e-06,22.0397,0.0334408,20.8671,1.13921
17092,179,1.42000434875,0.0826441626996,5.34057617187e-06,20.4827,0.0301776,19.3308,1.12176
17566,184,1.41000350952,0.0829834835976,4.57763671875e-06,20.5086,0.0317855,19.2006,1.27628
18040,189,1.38000297546,0.0860550465807,7.62939453125e-06,20.1082,0.0309251,18.9061,1.17123
18513,194,1.34000389099,0.0854911156371,4.57763671875e-06,19.9959,0.0275883,18.655,1.31323
18987,199,1.36000305176,0.0854386651888,6.86645507813e-06,19.0686,0.0288279,17.8251,1.21473
19461,204,1.3400038147,0.0808347868174,7.62939453125e-06,22.8023,0.0317358,21.7409,1.02975
19935,209,1.39000358582,0.0829476266168,6.103515625e-06,21.311,0.0279169,20.0606,1.22246
20410,214,1.30000366211,0.0810209049657,6.103515625e-06,19.9085,0.0289109,18.5256,1.35394
20892,219,1.36000404358,0.0821403472871,6.103515625e-06,19.2998,0.0265881,18.1446,1.12865
21384,224,1.29000404358,0.0783482389525,4.57763671875e-06,20.2594,0.0303874,19.0525,1.17658
21864,229,1.30000396729,0.0775016006082,4.57763671875e-06,19.4069,0.0279345,18.3828,0.996195
22341,234,1.34000396729,0.0803308678418,1.52587890625e-06,19.8359,0.0265848,18.4182,1.39107
22816,239,1.37000366211,0.0812438525259,7.62939453125e-06,18.3468,0.0255975,17.3675,0.953698
22914,240,1.30000389099,0.0770251542889,1.52587890625e-06,20.5418,0.0278853,19.3108,1.20305
23013,241,1.33000404358,0.0797958447412,7.62939453125e-07,19.2151,0.0247787,17.9668,1.22352
23111,242,1.30000434875,0.0760587253422,6.103515625e-06,19.0671,0.0269656,17.9507,1.08943
23210,243,1.34000358582,0.0779692462645,7.62939453125e-07,20.6798,0.0260981,19.4663,1.18738
23310,244,1.33000358582,0.0775971919857,6.103515625e-06,19.7121,0.0263781,18.6129,1.07283
23409,245,1.36000419617,0.0743987899646,7.62939453125e-06,20.3768,0.0269165,19.106,1.24389
23510,246,1.30000312805,0.0758701196685,7.62939453125e-06,19.6536,0.0251211,18.3647,1.26375
23609,247,1.34000343323,0.0755083561689,3.81469726562e-06,18.9902,0.0262176,17.6392,1.32484
23707,248,1.33000411987,0.0789497277141,5.34057617187e-06,19.7843,0.0253543,18.6221,1.13682
23805,249,1.33000350952,0.0791950595938,3.81469726562e-06,20.3097,0.0253666,19.1587,1.12563
