20,4,12.3599984741,0.454592854083,7.62939453125e-06,0.450727,0.0204882,0.0,0.430239
43,9,9.76999885559,0.364487687945,7.62939453125e-06,0.226594,0.00660427,0.0,0.21999
65,14,8.63999855042,0.335674143881,0.0,0.245488,0.00341717,0.0,0.242071
87,19,6.74999809265,0.272398857027,0.0,0.215684,0.00257011,0.0,0.213114
109,24,6.96999778748,0.290953183025,7.62939453125e-06,0.198646,0.00155428,0.0,0.197091
131,29,5.53999885559,0.252952844426,0.0,0.238236,0.00145374,0.0,0.236782
153,34,5.26999862671,0.237696456611,0.0,0.140552,0.00110912,0.0,0.139443
176,39,4.40999816895,0.199016415626,0.0,0.127774,0.000968701,0.0,0.126805
198,44,4.85999809265,0.218118107617,7.62939453125e-06,0.125107,0.000856062,0.0,0.124251
220,49,5.55999832153,0.249700426608,0.0,0.146332,0.000861979,0.0,0.14547
242,54,4.07999946594,0.223818139285,0.0,0.15433,0.000672167,0.0,0.153658
264,59,4.79999900818,0.205475478768,7.62939453125e-06,0.12207,0.000480961,0.0,0.121589
286,64,4.65999839783,0.225614862517,7.62939453125e-06,0.168577,0.000519678,0.0,0.168057
308,69,2.99000015259,0.199068023339,0.0,0.132054,0.000436811,0.0,0.131617
330,74,3.84,0.17977025032,0.0,0.162867,0.000359833,0.0,0.162507
352,79,4.88999900818,0.214814153388,7.62939453125e-06,0.118114,0.000374616,0.0,0.117739
374,84,4.01999954224,0.187466185652,7.62939453125e-06,0.136909,0.000379323,0.0,0.136529
397,89,4.40999855042,0.187577097118,7.62939453125e-06,0.133461,0.000343893,0.0,0.133117
419,94,4.37999893188,0.203599018008,7.62939453125e-06,0.0858305,0.00024266,0.0,0.0855878
441,99,4.31999908447,0.16960646946,0.0,0.11859,0.000243783,0.0,0.118346
463,104,4.509998703,0.210871430859,0.0,0.10593,0.000253392,0.0,0.105676
485,109,4.74999885559,0.181886835992,0.0,0.106556,0.000209783,0.0,0.106346
507,114,4.18999938965,0.206458218098,7.62939453125e-06,0.0972059,0.00022724,0.0,0.0969787
529,119,4.90999839783,0.205008752793,7.62939453125e-06,0.128629,0.000226563,0.0,0.128403
551,124,3.33000068665,0.192371224463,0.0,0.111402,0.000192091,0.0,0.11121
573,129,3.10000038147,0.189751574397,7.62939453125e-06,0.128268,0.000180924,0.0,0.128088
595,134,3.15000061035,0.17780417189,7.62939453125e-06,0.09405,0.000177001,0.0,0.093873
617,139,2.94000076294,0.161185213029,7.62939453125e-06,0.0947846,0.000142881,0.0,0.0946417
640,144,3.31,0.188535251841,7.62939453125e-06,0.0837365,0.00014589,0.0,0.0835906
662,149,2.79000045776,0.191197803691,0.0,0.0876024,0.000171465,0.0,0.087431
684,154,2.46000053406,0.147395609058,0.0,0.09909,0.000136098,0.0,0.0989539
705,159,3.42999977112,0.166013663337,7.62939453125e-06,0.0665388,0.000161196,0.0,0.0663776
727,164,4.23999946594,0.18257529676,7.62939453125e-06,0.110282,0.000136831,0.0,0.110146
749,169,3.21,0.176439616755,7.62939453125e-06,0.0774801,0.00013857,0.0,0.0773416
771,174,3.10000083923,0.150693793967,0.0,0.0685825,0.000110468,0.0,0.068472
793,179,3.10000007629,0.171672492325,7.62939453125e-06,0.064814,0.000114015,0.0,0.0647
815,184,3.12999992371,0.168457118124,7.62939453125e-06,0.0659078,0.000105241,0.0,0.0658026
837,189,3.09000022888,0.170797052756,0.0,0.0971362,0.000101947,0.0,0.0970343
859,194,2.79000030518,0.1618729949,7.62939453125e-06,0.0710721,0.00010027,0.0,0.0709718
880,199,2.90000061035,0.17689425271,7.62939453125e-06,0.0713319,0.000116687,0.0,0.0712152
902,204,3.13000076294,0.168900829107,7.62939453125e-06,0.0842917,9.35143e-05,0.0,0.0841982
924,209,2.86000076294,0.161112421975,0.0,0.0812058,0.000101269,0.0,0.0811046
946,214,2.61000083923,0.149559710398,7.62939453125e-06,0.0599233,8.78122e-05,0.0,0.0598355
968,219,2.4000012207,0.143278506286,0.0,0.054404,8.71668e-05,0.0,0.0543168
990,224,3.01000022888,0.150385005921,0.0,0.0382853,7.35604e-05,0.0,0.0382118
1012,229,3.05000061035,0.157017426491,7.62939453125e-06,0.0578879,6.44379e-05,0.0,0.0578234
1033,234,2.43000106812,0.131407388374,0.0,0.0757544,6.56447e-05,0.0,0.0756888
1055,239,2.20000099182,0.129115556851,0.0,0.0619704,6.82687e-05,0.0,0.0619021
1060,240,2.36000061035,0.129722765833,7.62939453125e-06,0.0492525,6.65415e-05,0.0,0.049186
1065,241,2.21000106812,0.124486627951,0.0,0.0512234,5.64241e-05,0.0,0.051167
1070,242,2.15000114441,0.12449320443,0.0,0.0624156,5.34561e-05,0.0,0.0623621
1075,243,2.30000099182,0.124996785559,7.62939453125e-06,0.0431676,6.33728e-05,0.0,0.0431042
1079,244,2.25000068665,0.122911049649,7.62939453125e-06,0.0614875,5.92938e-05,0.0,0.0614282
1084,245,2.01000099182,0.116637018695,7.62939453125e-06,0.0625729,6.02617e-05,0.0,0.0625127
1089,246,2.06000099182,0.121200167909,7.62939453125e-06,0.0502043,5.8348e-05,0.0,0.050146
1094,247,2.19000167847,0.123031194061,0.0,0.0873156,5.99201e-05,0.0,0.0872557
1099,248,2.1000012207,0.118871340305,0.0,0.0603469,5.64834e-05,0.0,0.0602904
1104,249,2.0400012207,0.119789169282,0.0,0.0430608,5.50413e-05,0.0,0.0430058
