275,4,11.1000006485,0.436902389675,0.0,13.6514,0.00686282,13.6446,0.0
559,9,6.8200006485,0.260385182723,0.0,10.6997,0.00185069,10.6978,0.0
843,14,5.21000053406,0.209101529112,0.0,10.4499,0.000729423,10.4492,0.0
1126,19,4.10000137329,0.174418833191,0.0,10.0596,0.000205168,10.0593,0.0
1409,24,3.64000091553,0.162560774961,0.0,10.2028,8.25519e-05,10.2028,0.0
1693,29,3.52000114441,0.172145479346,0.0,9.37727,3.4468e-05,9.37724,0.0
1977,34,3.91000076294,0.206496619593,0.0,8.97834,3.20384e-05,8.9783,0.0
2251,39,2.81000080109,0.151959070859,0.0,8.74265,1.20398e-05,8.74264,0.0
2521,44,2.860001297,0.151526718619,0.0,8.80372,1.32342e-05,8.80371,0.0
2790,49,2.89000114441,0.147777544627,0.0,8.43157,2.29043e-05,8.43155,0.0
3057,54,2.65000110626,0.145527655228,0.0,8.56603,4.2438e-06,8.56603,0.0
3323,59,2.35000102997,0.128329957264,0.0,8.70987,4.6062e-06,8.70986,0.0
3589,64,2.25000106812,0.121838625607,0.0,8.41191,9.05236e-06,8.4119,0.0
3855,69,2.36000144958,0.131166651067,0.0,8.30761,6.53713e-06,8.3076,0.0
4123,74,2.16000087738,0.125635537701,0.0,8.45544,3.2058e-05,8.45541,0.0
4391,79,2.35000110626,0.124275349974,0.0,7.93088,2.282e-05,7.93085,0.0
4658,84,2.03000076294,0.115812727064,0.0,8.3435,7.60248e-06,8.34349,0.0
4926,89,2.23000080109,0.12878744352,0.0,7.90917,1.67369e-06,7.90916,0.0
5192,94,2.00000087738,0.121743812575,0.0,8.28065,9.4175e-07,8.28065,0.0
5460,99,1.95000106812,0.11600911107,0.0,8.10185,6.74723e-07,8.10185,0.0
5728,104,2.23000106812,0.138550990687,0.0,8.02824,2.92774e-06,8.02824,0.0
5996,109,2.2100006485,0.12998039341,0.0,8.31149,3.49034e-06,8.31149,0.0
6264,114,1.90000152588,0.118324725263,0.0,7.96202,9.7513e-07,7.96202,0.0
6532,119,2.0600005722,0.122072976214,0.0,7.60129,8.39229e-07,7.60129,0.0
6800,124,1.9100012207,0.116931046384,0.0,7.5549,2.32455e-06,7.5549,0.0
7054,129,1.87000125885,0.13101799741,0.0,7.8829,8.22542e-07,7.8829,0.0
7296,134,2.05000102997,0.116917086395,0.0,8.04894,3.97911e-06,8.04894,0.0
7538,139,2.15000099182,0.125857460375,0.0,7.75898,1.37566e-06,7.75898,0.0
7779,144,1.85000095367,0.123185521744,0.0,7.479,7.82011e-07,7.479,0.0
8021,149,2.01000087738,0.126525745166,0.0,8.68719,3.62396e-07,8.68719,0.0
8262,154,2.09000083923,0.132516888454,0.0,7.43029,8.27307e-07,7.43029,0.0
8503,159,1.94000068665,0.125808303652,0.0,7.63318,2.07424e-07,7.63318,0.0
8744,164,1.97000080109,0.124537843756,0.0,7.75915,2.27924e-06,7.75914,0.0
8985,169,1.85000114441,0.126303979277,0.0,7.85317,6.58031e-07,7.85317,0.0
9225,174,1.94000133514,0.126878350858,0.0,7.62988,3.33785e-07,7.62988,0.0
9467,179,1.77000106812,0.128811711556,0.0,7.33902,2.26497e-07,7.33902,0.0
9708,184,1.82000110626,0.117561486851,0.0,7.47897,2.4557e-07,7.47897,0.0
9949,189,1.69000095367,0.1130031851,0.0,7.71765,1.71661e-07,7.71765,0.0
10190,194,1.84000133514,0.122779882371,0.0,7.7078,4.12463e-07,7.7078,0.0
10431,199,1.82000102997,0.11953962369,0.0,7.37942,1.30413e-06,7.37941,0.0
10672,204,1.79000110626,0.121107162616,0.0,7.7038,4.31536e-07,7.7038,0.0
10913,209,1.72000099182,0.11205261524,0.0,7.63906,5.38823e-07,7.63906,0.0
11154,214,1.69000099182,0.114181985457,0.0,7.33582,2.05039e-07,7.33582,0.0
11394,219,1.54000080109,0.102077892654,0.0,7.26431,2.55107e-07,7.26431,0.0
11636,224,1.64000106812,0.110036840395,0.0,7.52776,1.81198e-07,7.52776,0.0
11876,229,1.69000080109,0.122138279961,0.0,7.25612,1.1873e-06,7.25612,0.0
12117,234,1.69000068665,0.118685233424,0.0,7.4273,6.19888e-08,7.4273,0.0
12358,239,1.72000080109,0.11650173952,0.0,7.29025,2.14577e-08,7.29025,0.0
12413,240,1.65000095367,0.116924917611,0.0,7.25261,1.12292e-06,7.25261,0.0
12468,241,1.63000110626,0.106896853746,0.0,7.7168,1.74045e-07,7.7168,0.0
12523,242,1.77000083923,0.119247664036,0.0,7.21631,1.14441e-07,7.21631,0.0
12579,243,1.54000061035,0.109409000997,0.0,7.49822,2.99671e-06,7.49822,0.0
12634,244,1.7200012207,0.123870036467,0.0,7.20142,2.02655e-07,7.20142,0.0
12686,245,1.64000080109,0.112192173505,0.0,7.12323,1.23978e-07,7.12323,0.0
12739,246,1.68000087738,0.115390284987,0.0,7.08669,1.3113e-07,7.08669,0.0
12791,247,1.69000118256,0.117366540805,0.0,7.31274,2.86102e-08,7.31274,0.0
12843,248,1.60000099182,0.119755402255,0.0,8.03342,2.04792e-06,8.03342,0.0
12896,249,1.63000095367,0.113855632846,0.0,7.12774,6.67572e-08,7.12774,0.0
