66,4,3.89999954224,0.199163186848,3.0517578125e-06,43.2572,0.0358903,43.2213,0.0
136,9,2.88000076294,0.134487345144,3.81469726562e-06,34.8409,0.0208278,34.8201,0.0
205,14,2.85000091553,0.121664471366,6.103515625e-06,31.7274,0.00501874,31.7224,0.0
273,19,2.52000076294,0.107819776461,3.81469726562e-06,30.803,0.0064841,30.7965,0.0
342,24,2.35000114441,0.108161393343,6.103515625e-06,29.1605,0.00197928,29.1585,0.0
410,29,2.34000091553,0.103703828007,5.34057617187e-06,29.3137,0.0014608,29.3122,0.0
479,34,2.24000045776,0.0996501368191,6.103515625e-06,29.7984,0.000879199,29.7976,0.0
547,39,1.99000114441,0.0954705608077,5.34057617187e-06,28.3802,0.000390103,28.3798,0.0
616,44,2.12000167847,0.0957038087491,3.81469726562e-06,28.0032,0.000396328,28.0028,0.0
684,49,2.23000091553,0.092997667538,4.57763671875e-06,28.2996,0.000525598,28.299,0.0
753,54,2.00000091553,0.0954506615084,2.28881835937e-06,29.187,0.00266849,29.1844,0.0
821,59,1.98000144958,0.0887081758142,6.103515625e-06,27.3761,0.000884791,27.3752,0.0
889,64,2.090001297,0.10028220416,3.0517578125e-06,28.5526,0.000213883,28.5524,0.0
957,69,2.13000106812,0.100657249759,3.81469726562e-06,28.0916,0.000140193,28.0915,0.0
1026,74,2.07000144958,0.100942629864,6.103515625e-06,27.2233,0.000294983,27.223,0.0
1093,79,1.84000137329,0.0807615472947,2.28881835937e-06,26.6203,0.000140979,26.6202,0.0
1161,84,1.99000160217,0.099683000613,4.57763671875e-06,27.4698,0.000197559,27.4696,0.0
1228,89,1.89000137329,0.0884469866077,2.28881835937e-06,27.8946,8.16736e-05,27.8945,0.0
1295,94,1.91000190735,0.0945218788018,3.81469726562e-06,26.6985,6.27708e-05,26.6984,0.0
1362,99,1.93000167847,0.0925866935588,2.28881835937e-06,26.9998,9.17732e-05,26.9997,0.0
1429,104,1.8600012207,0.0894753651938,2.28881835937e-06,27.2575,9.51921e-05,27.2574,0.0
1496,109,1.82000144958,0.0907325522415,6.103515625e-06,27.0875,7.71376e-05,27.0874,0.0
1563,114,1.66000144958,0.087811001318,4.57763671875e-06,25.8024,0.000110763,25.8023,0.0
1630,119,1.71000099182,0.0874390908447,6.103515625e-06,28.2455,0.000109614,28.2454,0.0
1696,124,1.68000183105,0.0878134912136,6.103515625e-06,25.8615,0.000574379,25.861,0.0
1762,129,1.83000137329,0.0921725547104,5.34057617187e-06,26.8404,8.49506e-05,26.8403,0.0
1829,134,1.71000175476,0.086495303195,6.103515625e-06,25.8811,4.89215e-05,25.8811,0.0
1896,139,1.91000114441,0.089715260393,6.103515625e-06,26.6485,4.95587e-05,26.6484,0.0
1963,144,1.84000144958,0.0903310573404,5.34057617187e-06,25.0188,4.85069e-05,25.0188,0.0
2030,149,1.75000167847,0.0878374777874,4.57763671875e-06,26.8758,3.06198e-05,26.8757,0.0
2097,154,1.850001297,0.0866862811381,5.34057617187e-06,25.7265,4.7612e-05,25.7265,0.0
2164,159,1.57000152588,0.0837639965303,3.0517578125e-06,25.412,6.54352e-05,25.412,0.0
2231,164,1.72000175476,0.081849767447,5.34057617187e-06,25.6703,2.92106e-05,25.6703,0.0
2297,169,1.65000076294,0.0850004348252,4.57763671875e-06,26.3589,2.91426e-05,26.3589,0.0
2364,174,1.61000152588,0.0785526266496,2.28881835937e-06,25.4018,2.49751e-05,25.4018,0.0
2430,179,1.74000106812,0.086350337719,6.86645507813e-06,25.9518,0.00279005,25.9491,0.0
2497,184,1.750001297,0.0887164376554,5.34057617187e-06,26.3728,2.59017e-05,26.3728,0.0
2565,189,1.46000190735,0.0809155456402,3.0517578125e-06,25.7832,2.44764e-05,25.7831,0.0
2633,194,1.69000152588,0.0884308782208,4.57763671875e-06,25.0204,0.000102053,25.0203,0.0
2704,199,1.65000144958,0.0874373102142,4.57763671875e-06,25.1103,2.9467e-05,25.1102,0.0
2771,204,1.67000183105,0.0844912652025,3.81469726562e-06,25.257,1.4029e-05,25.257,0.0
2837,209,1.72000160217,0.081136209456,5.34057617187e-06,25.9716,5.10447e-05,25.9715,0.0
2903,214,1.65000183105,0.0886192905146,5.34057617187e-06,24.856,2.21103e-05,24.8559,0.0
2969,219,1.69000213623,0.0842545363604,6.86645507813e-06,25.1994,1.88533e-05,25.1994,0.0
3036,224,1.59000221252,0.0778168388503,6.103515625e-06,26.7677,2.30718e-05,26.7677,0.0
3102,229,1.62000175476,0.0836611597461,3.81469726562e-06,25.3969,4.55239e-05,25.3968,0.0
3168,234,1.69000205994,0.0799269825174,3.0517578125e-06,24.0784,3.15074e-05,24.0783,0.0
3234,239,1.62000175476,0.0835098802095,3.81469726562e-06,25.5075,2.42136e-05,25.5075,0.0
3250,240,1.61000144958,0.0877707232381,2.28881835937e-06,25.2749,2.96415e-05,25.2749,0.0
3265,241,1.59000160217,0.073839522904,4.57763671875e-06,26.1519,3.67991e-05,26.1518,0.0
3281,242,1.61000152588,0.087455249638,3.0517578125e-06,25.2609,1.98152e-05,25.2609,0.0
3296,243,1.62000205994,0.0826894107158,3.0517578125e-06,25.5852,6.65887e-06,25.5852,0.0
3311,244,1.59000160217,0.0803363837826,3.0517578125e-06,24.3561,1.68289e-05,24.3561,0.0
3327,245,1.58000160217,0.0902600634858,3.81469726562e-06,25.0752,9.36366e-06,25.0752,0.0
3342,246,1.49000144958,0.0717477008817,3.81469726562e-06,25.3389,9.9411e-05,25.3388,0.0
3358,247,1.52000167847,0.0777160093276,6.103515625e-06,25.4748,1.80441e-05,25.4748,0.0
3374,248,1.54000205994,0.0875822212023,5.34057617187e-06,26.0612,1.72826e-05,26.0612,0.0
3389,249,1.53000152588,0.0786464244081,1.52587890625e-06,26.3624,1.57182e-05,26.3624,0.0
