294,4,8.08000072479,0.332705648057,0.0,13.733,0.00636464,13.7266,0.0
623,9,4.65000072479,0.186433795653,0.0,10.78,0.00142843,10.7786,0.0
955,14,3.56000076294,0.146922380659,0.0,9.56486,0.000486348,9.56437,0.0
1287,19,2.97000087738,0.126589007097,0.0,9.69359,0.000139102,9.69345,0.0
1595,24,2.59000099182,0.124785593196,0.0,8.9778,7.49481e-05,8.97773,0.0
1897,29,2.56000095367,0.126621918916,0.0,9.11583,5.04852e-05,9.11578,0.0
2197,34,2.25000114441,0.120839266645,0.0,9.23865,5.30077e-05,9.2386,0.0
2497,39,2.14000083923,0.115736275468,0.0,8.3424,1.1196e-05,8.34238,0.0
2834,44,2.18000083923,0.110470670509,0.0,8.38741,7.96065e-06,8.38741,0.0
3242,49,2.27000091553,0.118797771557,0.0,8.34304,6.37046e-06,8.34304,0.0
3650,54,1.98000091553,0.104961788403,0.0,8.24038,7.51917e-06,8.24037,0.0
4057,59,2.02000102997,0.107958229911,0.0,8.80426,2.82068e-05,8.80423,0.0
4464,64,1.89000076294,0.10445135091,0.0,8.1564,6.39665e-06,8.15639,0.0
4870,69,1.96000133514,0.110685114348,0.0,8.07012,1.77207e-05,8.0701,0.0
5275,74,1.81000095367,0.0978307995342,0.0,7.64736,2.50346e-05,7.64733,0.0
5682,79,1.76000080109,0.0995239422078,0.0,7.8121,2.62973e-06,7.81209,0.0
6078,84,1.70000099182,0.100050742091,0.0,7.77968,1.68865e-05,7.77967,0.0
6484,89,1.84000083923,0.101909275348,0.0,7.85849,7.67705e-07,7.85848,0.0
6888,94,1.71000095367,0.103880042456,0.0,7.95713,1.18969e-06,7.95713,0.0
7291,99,1.68000087738,0.0939122855278,0.0,7.76494,7.11596e-06,7.76493,0.0
7693,104,1.65000091553,0.0995584041415,0.0,7.9986,1.25884e-06,7.9986,0.0
8098,109,1.68000102997,0.0938300434087,0.0,7.60691,2.2244e-06,7.60691,0.0
8503,114,1.85000118256,0.113860764292,0.0,7.80806,6.03198e-07,7.80806,0.0
8911,119,1.63000118256,0.105720061465,0.0,7.66554,1.22308e-06,7.66554,0.0
9310,124,1.66000072479,0.106165241583,0.0,8.11822,1.1897e-06,8.11822,0.0
9719,129,1.76000095367,0.106751545162,0.0,8.06502,9.98968e-07,8.06502,0.0
10130,134,1.72000106812,0.106675183384,0.0,7.73123,8.20158e-07,7.73123,0.0
10538,139,1.56000137329,0.087870902022,0.0,7.49808,6.00814e-07,7.49808,0.0
10945,144,1.50000061035,0.0956539659553,0.0,7.52423,6.86643e-07,7.52423,0.0
11354,149,1.52000068665,0.0972430373965,0.0,7.64536,4.98292e-07,7.64536,0.0
11763,154,1.51000083923,0.0977430083865,0.0,7.35572,1.06573e-06,7.35572,0.0
12170,159,1.7200012207,0.106310058894,0.0,7.57894,6.07966e-07,7.57894,0.0
12569,164,1.54000072479,0.0919427940705,0.0,7.12491,7.45172e-06,7.12491,0.0
12977,169,1.55000095367,0.0959488589187,0.0,7.83183,1.81198e-07,7.83183,0.0
13382,174,1.58000068665,0.0932074096536,0.0,7.43916,1.13008e-06,7.43916,0.0
13789,179,1.53000095367,0.0926338102755,0.0,7.49079,3.1948e-07,7.49078,0.0
14197,184,1.51000083923,0.0882562381856,0.0,7.84494,5.91275e-07,7.84494,0.0
14603,189,1.49000061035,0.102958666909,0.0,7.79917,4.05311e-07,7.79917,0.0
15009,194,1.43000087738,0.0914126287617,0.0,7.28104,3.33785e-07,7.28104,0.0
15415,199,1.42000137329,0.0982659217736,0.0,7.57036,9.87032e-07,7.57036,0.0
15812,204,1.38000099182,0.0943996403842,0.0,7.67154,6.91414e-08,7.67154,0.0
16218,209,1.48000095367,0.0944329577068,0.0,7.58171,6.72336e-07,7.58171,0.0
16624,214,1.46000087738,0.101444603279,0.0,7.03875,1.14441e-07,7.03875,0.0
17029,219,1.35000087738,0.0909044836792,0.0,7.29362,2.52723e-07,7.29362,0.0
17436,224,1.39000099182,0.0923495817851,0.0,7.2903,2.57003e-06,7.29029,0.0
17843,229,1.40000095367,0.0902590740773,0.0,7.67949,8.82148e-08,7.67949,0.0
18249,234,1.28000087738,0.102961835362,0.0,7.08545,1.74045e-07,7.08545,0.0
18656,239,1.34000091553,0.0937015981082,0.0,7.37582,8.58307e-08,7.37582,0.0
18747,240,1.39000106812,0.0955935285384,0.0,7.19586,4.8637e-07,7.19586,0.0
18837,241,1.35000099182,0.0910702478852,0.0,7.34023,7.86781e-08,7.34023,0.0
18913,242,1.47000087738,0.0999398768998,0.0,7.36964,2.50339e-07,7.36964,0.0
18981,243,1.41000083923,0.095440214099,0.0,7.22357,1.66893e-08,7.22357,0.0
19049,244,1.34000099182,0.0859777194295,0.0,7.08866,1.57356e-07,7.08866,0.0
19117,245,1.37000102997,0.103828994708,0.0,7.4334,1.74045e-07,7.4334,0.0
19185,246,1.20000072479,0.0791459761945,0.0,7.54055,1.23978e-07,7.54055,0.0
19252,247,1.32000053406,0.0853799522073,0.0,7.30225,5.57896e-07,7.30225,0.0
19320,248,1.34000102997,0.0843996616751,0.0,7.26924,2.4557e-07,7.26924,0.0
19388,249,1.44000087738,0.0942893651477,0.0,7.18269,4.52995e-08,7.18269,0.0
