196,4,4.71999946594,0.212216653824,0.0,6.26702,0.0266988,6.17318,0.0671468
394,9,3.30000099182,0.157923213169,0.0,5.5651,0.0170725,5.43055,0.117483
592,14,3.54000015259,0.159697988033,7.62939453125e-06,5.197,0.0149176,5.05257,0.129512
791,19,2.69000137329,0.130966820382,7.62939453125e-06,5.31474,0.0153342,5.20113,0.0982809
989,24,2.61000167847,0.120263958257,7.62939453125e-06,5.06775,0.0128839,4.98883,0.0660366
1187,29,2.49000221252,0.116565502509,0.0,4.64964,0.0145891,4.58282,0.052231
1385,34,2.37000221252,0.11316653382,7.62939453125e-06,4.75666,0.0142425,4.64466,0.0977548
1583,39,2.20000267029,0.10473472219,7.62939453125e-06,4.92521,0.0129006,4.73751,0.174803
1781,44,2.2300025177,0.110499080494,7.62939453125e-06,4.89615,0.0124363,4.77846,0.105253
1980,49,2.24000236511,0.103203047905,7.62939453125e-06,4.8817,0.0119901,4.7361,0.133612
2177,54,2.12000244141,0.101449818145,0.0,4.9368,0.0134533,4.82652,0.0968183
2371,59,2.10000274658,0.104862839188,7.62939453125e-06,4.54333,0.0129531,4.39734,0.133035
2565,64,2.15000236511,0.103199807517,7.62939453125e-06,4.79382,0.0121681,4.62035,0.161301
2758,69,2.28000297546,0.102480624933,7.62939453125e-06,4.70168,0.0126232,4.5906,0.0984535
2950,74,2.04000282288,0.0968039020523,0.0,4.8561,0.0127493,4.64018,0.203174
3143,79,2.15000228882,0.0995597663894,0.0,4.60083,0.0125403,4.37264,0.215652
3336,84,2.08000244141,0.0957891647518,7.62939453125e-06,4.59012,0.0120151,4.31049,0.267612
3529,89,2.09000259399,0.096516592931,0.0,4.5049,0.0120863,4.3167,0.176113
3722,94,2.12000198364,0.0979205684178,0.0,4.62437,0.0116641,4.34938,0.263326
3915,99,2.12000236511,0.09766843291,0.0,4.67699,0.0111135,4.37652,0.289365
4108,104,2.10000228882,0.0911725627445,0.0,4.86741,0.0116763,4.61863,0.237104
4300,109,2.06000297546,0.0966944439337,0.0,4.73911,0.0114877,4.37495,0.352665
4492,114,2.05000289917,0.0935509380326,0.0,4.82885,0.0107573,4.48637,0.331724
4685,119,2.12000320435,0.0992876217142,0.0,4.83296,0.0120246,4.57463,0.246309
4878,124,2.04000328064,0.0944121506251,0.0,4.87087,0.0112464,4.63877,0.220849
5071,129,2.0600025177,0.0957243323885,7.62939453125e-06,4.68526,0.0118486,4.34962,0.323794
5264,134,2.00000282288,0.0924666521698,7.62939453125e-06,4.33794,0.0110282,4.0257,0.301212
5456,139,1.88000335693,0.0881289937347,0.0,4.50914,0.0118921,4.2856,0.211649
5649,144,1.95000305176,0.0967230305448,0.0,4.277,0.0115115,3.91448,0.351013
5843,149,1.91000305176,0.0949556542281,0.0,5.35431,0.0116175,5.0803,0.262396
6036,154,1.92000289917,0.094737467058,0.0,4.89939,0.0129962,4.57596,0.310433
6229,159,2.02000244141,0.0965004877374,0.0,4.46608,0.011075,4.15999,0.29501
6422,164,1.98000312805,0.0907970304415,7.62939453125e-06,4.31124,0.0110718,4.07215,0.228023
6614,169,1.98000335693,0.0895325862616,7.62939453125e-06,4.7018,0.0110748,4.49246,0.198261
6807,174,1.9300037384,0.0933307224885,0.0,4.19588,0.0113278,4.00028,0.184274
7000,179,1.85000282288,0.0921057975106,7.62939453125e-06,4.91823,0.0113183,4.68067,0.226235
7190,184,1.93000274658,0.0903934850544,0.0,4.46187,0.0107491,4.2332,0.217917
7382,189,1.90000343323,0.0895310176164,7.62939453125e-06,4.57563,0.0105048,4.3254,0.23973
7575,194,2.02000282288,0.093173318496,0.0,4.35493,0.0107525,4.14893,0.195248
7768,199,1.89000221252,0.0915719724819,7.62939453125e-06,4.70297,0.0104852,4.46422,0.228268
7961,204,1.84000259399,0.0900854749419,7.62939453125e-06,4.67979,0.0106538,4.46964,0.199501
8154,209,1.86000259399,0.0907179171965,7.62939453125e-06,4.61684,0.0117432,4.3557,0.249405
8347,214,1.91000282288,0.0887997305766,7.62939453125e-06,4.1855,0.00955844,3.91931,0.256629
8540,219,1.76000320435,0.0846240259241,7.62939453125e-06,4.27178,0.00950848,3.98234,0.279927
8733,224,1.82000244141,0.0856961504556,7.62939453125e-06,4.78678,0.0102242,4.54204,0.234519
8926,229,1.77000320435,0.0850853030663,7.62939453125e-06,4.17411,0.00931015,4.00777,0.157034
9119,234,1.8500025177,0.0863465552591,7.62939453125e-06,4.38921,0.00966678,4.18565,0.193897
9312,239,1.75000274658,0.0864651209582,7.62939453125e-06,4.01575,0.00919966,3.85305,0.153506
9352,240,1.76000320435,0.0825079921633,0.0,4.69279,0.0096243,4.42834,0.254826
9393,241,1.71000328064,0.0874344182294,7.62939453125e-06,4.23896,0.0097807,4.04677,0.182408
9433,242,1.68000282288,0.0873733186815,7.62939453125e-06,4.41326,0.00971349,4.19993,0.203612
9473,243,1.7500037384,0.0807260101568,7.62939453125e-06,4.2232,0.00955162,3.90409,0.309559
9513,244,1.73000320435,0.0805582554638,0.0,4.44068,0.00902476,4.27213,0.159528
9554,245,1.75000312805,0.0826141411252,7.62939453125e-06,4.23388,0.00931839,4.01912,0.20544
9594,246,1.76000267029,0.0817240652069,7.62939453125e-06,4.10018,0.00952703,3.88151,0.209149
9634,247,1.7300025177,0.0847673400305,7.62939453125e-06,5.5448,0.00904802,5.29619,0.239563
9675,248,1.77000305176,0.0813775993604,0.0,4.42887,0.00912175,4.14733,0.272416
9715,249,1.77000312805,0.0814680324588,7.62939453125e-06,4.33502,0.00970249,4.14538,0.179936
