192,4,3.35000137329,0.147953883037,6.103515625e-06,17.8106,0.021495,17.7233,0.0658495
387,9,2.68000213623,0.119905398451,3.0517578125e-06,14.3316,0.0201808,14.2017,0.109659
581,14,2.13000259399,0.10871415671,1.52587890625e-06,13.9433,0.0146455,13.8415,0.0870958
775,19,2.23000198364,0.107523128577,6.103515625e-06,13.9006,0.0127202,13.7968,0.0910724
969,24,2.04000274658,0.0935281728953,2.28881835937e-06,11.9628,0.0129522,11.806,0.143838
1163,29,2.08000305176,0.096781547945,2.28881835937e-06,11.755,0.0120706,11.6791,0.0638523
1357,34,1.84000289917,0.090531716831,2.28881835937e-06,11.9501,0.0111371,11.8643,0.0746255
1552,39,1.79000305176,0.0862544306368,3.81469726562e-06,11.0035,0.0116117,10.9134,0.078502
1746,44,1.86000335693,0.0902763375919,7.62939453125e-06,11.3188,0.0105559,11.1932,0.114983
1941,49,1.83000297546,0.0864598262496,4.57763671875e-06,11.1234,0.00895159,10.9877,0.126822
2135,54,1.74000335693,0.0851280204207,6.103515625e-06,10.3978,0.0118507,10.3073,0.0786214
2330,59,1.80000305176,0.0868604453839,2.28881835937e-06,10.6896,0.0111036,10.5387,0.139791
2525,64,1.77000343323,0.088684943784,6.103515625e-06,11.02,0.00993314,10.8976,0.11247
2716,69,1.71000267029,0.0820920949057,1.52587890625e-06,10.5731,0.009721,10.4314,0.1319
2910,74,1.7100037384,0.0832837594301,5.34057617187e-06,10.9057,0.00996052,10.7959,0.0998397
3104,79,1.76000312805,0.0865983090177,3.0517578125e-06,10.4893,0.0115658,10.3442,0.133571
3296,84,1.80000343323,0.0862287287042,6.103515625e-06,10.8438,0.00961578,10.6542,0.179976
3489,89,1.66000335693,0.0816592427902,6.86645507813e-06,10.457,0.00979381,10.3053,0.141831
3680,94,1.69000358582,0.0787129563093,6.103515625e-06,10.0625,0.0105918,9.88135,0.170603
3872,99,1.68000328064,0.0785140404291,7.62939453125e-06,10.874,0.0106839,10.6093,0.254011
4063,104,1.63000389099,0.0786824495345,3.0517578125e-06,10.9859,0.0107417,10.7575,0.2176
4254,109,1.6600037384,0.0807259389199,3.81469726562e-06,10.5668,0.0105288,10.3192,0.237127
4446,114,1.55000297546,0.0771164351236,3.0517578125e-06,10.7393,0.0114574,10.3503,0.377554
4638,119,1.58000366211,0.0798962445743,7.62939453125e-06,10.6088,0.00945731,10.2326,0.366747
4830,124,1.56000289917,0.0771978768148,7.62939453125e-06,11.284,0.0105571,10.9223,0.351173
5023,129,1.59000389099,0.0759818066843,3.81469726562e-06,10.0201,0.0095843,9.62588,0.384668
5215,134,1.60000320435,0.0741124981362,7.62939453125e-06,10.7603,0.00907379,10.3883,0.362865
5409,139,1.55000358582,0.0788178403489,6.103515625e-06,10.6852,0.00877156,10.0571,0.619271
5604,144,1.62000343323,0.0777519019693,7.62939453125e-07,11.1789,0.00909692,10.7066,0.463218
5797,149,1.61000328064,0.0727900041454,6.103515625e-06,9.93029,0.00797645,9.53332,0.388997
5990,154,1.60000366211,0.077402895242,7.62939453125e-07,10.2616,0.0112733,9.77562,0.474711
6183,159,1.54000350952,0.0727979096211,6.86645507813e-06,10.857,0.00906062,10.4022,0.445729
6379,164,1.54000358582,0.074436820522,3.0517578125e-06,11.2579,0.0105122,10.3887,0.858676
6573,169,1.54000350952,0.0762331316061,7.62939453125e-06,11.7216,0.00861134,10.9798,0.733173
6766,174,1.56000274658,0.0735011059046,3.0517578125e-06,11.466,0.00923145,10.8782,0.578513
6966,179,1.55000343323,0.0722965812031,3.0517578125e-06,10.8413,0.00889773,10.1047,0.727671
7167,184,1.52000404358,0.0728498842381,3.0517578125e-06,10.6344,0.0100745,10.0857,0.53863
7369,189,1.58000328064,0.0758539280482,7.62939453125e-07,10.7021,0.00989384,9.98387,0.708329
7563,194,1.55000305176,0.076255673226,7.62939453125e-07,10.6965,0.00906564,9.83156,0.855906
7756,199,1.52000320435,0.0756460778229,6.86645507813e-06,10.1022,0.00815576,9.36825,0.725756
7950,204,1.62000358582,0.0750982997287,7.62939453125e-06,12.4267,0.0102592,11.5005,0.915974
8144,209,1.43000404358,0.0706882967055,2.28881835937e-06,11.4113,0.0182781,10.4204,0.972622
8337,214,1.4500037384,0.0675227041543,1.52587890625e-06,10.4969,0.0251601,9.68149,0.790281
8531,219,1.58000350952,0.0714779201522,3.0517578125e-06,10.4996,0.00818852,9.51617,0.975244
8725,224,1.43000358582,0.0695838065632,7.62939453125e-07,11.518,0.0111688,10.4117,1.09514
8918,229,1.55000350952,0.0677411596291,7.62939453125e-07,10.8042,0.00970076,9.50294,1.29159
9129,234,1.4700037384,0.068288497813,5.34057617187e-06,10.4452,0.00780114,9.49411,0.943266
9347,239,1.47000411987,0.0703723418619,3.0517578125e-06,10.4651,0.0158735,9.11099,1.33823
9392,240,1.39000389099,0.0681952413917,2.28881835937e-06,11.5385,0.0084793,10.3878,1.14226
9432,241,1.3400037384,0.0704228380043,1.52587890625e-06,10.314,0.00693429,9.47231,0.834799
9473,242,1.38000343323,0.0646649489645,4.57763671875e-06,10.6748,0.00780652,9.39292,1.27404
9514,243,1.36000335693,0.0657198908087,5.34057617187e-06,11.3615,0.0177448,10.1696,1.17423
9554,244,1.40000358582,0.0666610966809,7.62939453125e-06,10.5484,0.00863622,9.52393,1.01582
9594,245,1.44000335693,0.0653697734233,1.52587890625e-06,11.3129,0.00814487,9.9187,1.38606
9640,246,1.47000312805,0.0665325001813,6.86645507813e-06,10.8877,0.00756186,9.76274,1.11743
9687,247,1.38000396729,0.0659008039348,1.52587890625e-06,10.2665,0.00753387,9.17814,1.08078
9730,248,1.40000312805,0.069799086377,3.0517578125e-06,11.1806,0.00811595,9.74353,1.42896
9776,249,1.40000335693,0.069645505026,6.103515625e-06,11.3224,0.0257744,10.0494,1.24717
