151,4,7.30999763489,0.315930546224,7.62939453125e-06,17.5642,0.0206821,17.5436,0.0
310,9,4.56000015259,0.184839908965,7.62939453125e-06,14.6067,0.00425456,14.6024,0.0
466,14,2.8300012207,0.126801481992,0.0,12.6741,0.0024613,12.6717,0.0
622,19,2.78000106812,0.122592001967,0.0,11.6354,0.000765824,11.6346,0.0
777,24,2.27000183105,0.107741874233,0.0,11.5123,0.000365307,11.512,0.0
934,29,2.10000152588,0.0983956139535,7.62939453125e-06,11.2713,0.000188035,11.2711,0.0
1090,34,2.00000198364,0.0976017983397,0.0,11.0556,8.003e-05,11.0555,0.0
1246,39,2.03000152588,0.116524271313,7.62939453125e-06,11.3475,4.2097e-05,11.3474,0.0
1402,44,1.99000175476,0.103998550578,7.62939453125e-06,10.9326,4.06764e-05,10.9325,0.0
1558,49,1.90000213623,0.0946669811482,7.62939453125e-06,10.7881,2.72479e-05,10.788,0.0
1712,54,1.91000183105,0.10658545141,0.0,11.0466,6.34115e-05,11.0465,0.0
1867,59,1.69000236511,0.0948361806083,7.62939453125e-06,10.4798,9.68676e-06,10.4798,0.0
2020,64,1.84000228882,0.0971349517582,0.0,10.4504,1.17287e-05,10.4504,0.0
2174,69,1.79000213623,0.103013631753,0.0,10.6014,1.80169e-05,10.6014,0.0
2326,74,1.96000213623,0.114261588213,7.62939453125e-06,9.94157,1.36605e-05,9.94156,0.0
2479,79,1.60000305176,0.100606708544,7.62939453125e-06,10.351,2.2477e-05,10.351,0.0
2630,84,1.81000228882,0.102778422558,0.0,9.96237,6.3619e-06,9.96237,0.0
2783,89,1.78000190735,0.10590888296,7.62939453125e-06,10.6857,3.40812e-06,10.6857,0.0
2934,94,1.63000236511,0.0923979456408,7.62939453125e-06,10.1538,3.1149e-06,10.1538,0.0
3086,99,1.65000198364,0.095928831005,7.62939453125e-06,10.0264,6.16405e-06,10.0264,0.0
3238,104,1.62000205994,0.101084677234,7.62939453125e-06,9.44244,6.45931e-06,9.44243,0.0
3391,109,1.70000205994,0.107512084866,0.0,10.1523,1.59621e-06,10.1523,0.0
3542,114,1.59000274658,0.101793962369,0.0,9.94752,5.97444e-06,9.94751,0.0
3693,119,1.56000259399,0.0962769693835,7.62939453125e-06,9.63094,3.52733e-06,9.63094,0.0
3846,124,1.51000259399,0.10121466721,0.0,9.97224,1.78813e-06,9.97223,0.0
3998,129,1.57000221252,0.103625731839,7.62939453125e-06,9.56076,3.53092e-06,9.56075,0.0
4150,134,1.73000267029,0.102625532221,0.0,9.86227,2.28998e-06,9.86227,0.0
4302,139,1.43000205994,0.0968151775983,0.0,9.7458,2.60466e-06,9.74579,0.0
4453,144,1.62000205994,0.109337243742,0.0,9.60012,2.64642e-06,9.60012,0.0
4606,149,1.47000274658,0.101077021273,7.62939453125e-06,9.6112,1.3411e-06,9.61119,0.0
4758,154,1.54000274658,0.103598557072,7.62939453125e-06,9.74403,2.45567e-06,9.74403,0.0
4910,159,1.56000221252,0.1001863028,7.62939453125e-06,9.48096,1.87276e-06,9.48096,0.0
5062,164,1.47000274658,0.0932333308063,7.62939453125e-06,9.38664,3.28864e-06,9.38664,0.0
5214,169,1.57000221252,0.102680115665,0.0,8.86807,1.92281e-06,8.86807,0.0
5366,174,1.6000025177,0.11015666003,0.0,9.67013,5.74588e-07,9.67013,0.0
5519,179,1.58000236511,0.104597449079,7.62939453125e-06,9.37992,1.25169e-06,9.37992,0.0
5671,184,1.51000228882,0.0951047341138,0.0,9.09839,1.02162e-06,9.09838,0.0
5822,189,1.42000228882,0.101014403522,7.62939453125e-06,9.03199,1.8012e-06,9.03199,0.0
5974,194,1.48000274658,0.0941922679543,0.0,9.31343,1.00255e-06,9.31343,0.0
6127,199,1.52000198364,0.0975271829264,7.62939453125e-06,9.96281,2.97992e-06,9.9628,0.0
6279,204,1.5500025177,0.0994322083012,7.62939453125e-06,9.2849,8.32075e-07,9.2849,0.0
6431,209,1.45000198364,0.0977963196687,7.62939453125e-06,9.2069,7.4148e-07,9.2069,0.0
6583,214,1.42000221252,0.0922909985457,7.62939453125e-06,8.86672,6.17503e-07,8.86672,0.0
6735,219,1.41000305176,0.0964458203236,0.0,9.21342,9.96585e-07,9.21342,0.0
6887,224,1.28000175476,0.0974167718187,7.62939453125e-06,9.60468,2.01578e-06,9.60468,0.0
7040,229,1.48000335693,0.102067161494,0.0,9.90004,4.80412e-07,9.90004,0.0
7192,234,1.3300025177,0.0938115822297,0.0,8.916,8.15384e-07,8.916,0.0
7342,239,1.46000183105,0.100934925005,7.62939453125e-06,9.31923,3.79085e-07,9.31923,0.0
7378,240,1.31000320435,0.0943262150732,7.62939453125e-06,8.98039,4.20808e-07,8.98039,0.0
7413,241,1.41000221252,0.0991070720204,7.62939453125e-06,9.30074,6.771e-07,9.30074,0.0
7449,242,1.34000152588,0.0909468033168,0.0,8.97016,1.03114e-06,8.97016,0.0
7484,243,1.34000335693,0.0985655701652,7.62939453125e-06,8.90506,8.33263e-07,8.90506,0.0
7520,244,1.39000244141,0.10054344865,0.0,9.40386,1.71658e-06,9.40386,0.0
7555,245,1.33000228882,0.0813566523846,7.62939453125e-06,9.07729,2.81334e-07,9.07729,0.0
7590,246,1.42000267029,0.100613916943,0.0,9.03096,7.52205e-07,9.03096,0.0
7626,247,1.48000244141,0.0954981134176,7.62939453125e-06,9.58826,8.17772e-07,9.58825,0.0
7661,248,1.40000213623,0.104925706467,0.0,8.81638,3.69548e-07,8.81638,0.0
7697,249,1.39000236511,0.0996511709146,7.62939453125e-06,9.09861,7.34325e-07,9.09861,0.0
