20,4,3.44000022888,0.193617357314,5.34057617187e-06,0.251782,0.0332207,0.0,0.218561
42,9,3.55,0.160871812589,3.0517578125e-06,0.198733,0.0122884,0.0,0.186445
65,14,3.30000030518,0.14727540167,5.34057617187e-06,0.146786,0.00981286,0.0,0.136973
87,19,2.82000091553,0.128880618811,5.34057617187e-06,0.100093,0.00271148,0.0,0.0973812
109,24,2.97000061035,0.131580404826,3.81469726562e-06,0.100566,0.00179284,0.0,0.0987728
131,29,2.56000099182,0.116575771309,3.0517578125e-06,0.0548837,0.00237709,0.0,0.0525066
153,34,2.63000068665,0.112800400006,3.81469726562e-06,0.103225,0.00111094,0.0,0.102114
175,39,2.4300012207,0.109074688694,6.86645507813e-06,0.0781758,0.000986144,0.0,0.0771896
197,44,2.60000068665,0.0931858172733,3.0517578125e-06,0.0745629,0.0010882,0.0,0.0734747
219,49,2.32000099182,0.101619789712,2.28881835937e-06,0.0419804,0.000769858,0.0,0.0412105
241,54,2.300001297,0.100443136673,6.103515625e-06,0.0639454,0.00174775,0.0,0.0621976
263,59,2.300001297,0.100256259087,4.57763671875e-06,0.12594,0.00135157,0.0,0.124588
285,64,2.04000205994,0.0943045276124,6.103515625e-06,0.0533001,0.00145042,0.0,0.0518497
307,69,2.22000106812,0.102144430573,1.52587890625e-06,0.0425895,0.000478198,0.0,0.0421113
328,74,2.1200012207,0.0980276877061,0.0,0.0453011,0.000405603,0.0,0.0448955
350,79,2.08000144958,0.0998572495533,1.52587890625e-06,0.0296283,0.000619931,0.0,0.0290084
372,84,2.0600012207,0.0930629295437,4.57763671875e-06,0.0708357,0.000637173,0.0,0.0701985
394,89,2.10000137329,0.0949751033797,2.28881835937e-06,0.0315979,0.000174823,0.0,0.0314231
416,94,2.01000167847,0.0966058611393,7.62939453125e-07,0.0540929,0.000524803,0.0,0.0535681
438,99,2.08000076294,0.0922007117746,3.0517578125e-06,0.0676749,0.000997118,0.0,0.0666777
460,104,2.18000068665,0.0938996726368,4.57763671875e-06,0.0385713,0.000284018,0.0,0.0382873
481,109,1.83000160217,0.0900582111045,2.28881835937e-06,0.0309228,0.000547326,0.0,0.0303755
503,114,1.98000137329,0.0914450249402,5.34057617187e-06,0.0747792,0.00022891,0.0,0.0745503
525,119,2.08000152588,0.0929728886019,2.28881835937e-06,0.0334797,0.000321467,0.0,0.0331583
547,124,1.96000183105,0.0876673677308,3.0517578125e-06,0.0397076,9.07936e-05,0.0,0.0396168
569,129,2.22000114441,0.100890176734,7.62939453125e-07,0.0353088,0.000106296,0.0,0.0352025
591,134,2.00000152588,0.0875988948578,3.81469726562e-06,0.0680397,0.000136561,0.0,0.0679032
612,139,2.130001297,0.0970001504989,1.52587890625e-06,0.031158,6.45442e-05,0.0,0.0310935
634,144,2.20000167847,0.092745650846,4.57763671875e-06,0.0524623,0.000162666,0.0,0.0522996
656,149,2.18000114441,0.0971636466403,3.81469726562e-06,0.0187603,0.000106254,0.0,0.018654
678,154,2.01000144958,0.0880250974838,5.34057617187e-06,0.0217644,9.61279e-05,0.0,0.0216683
700,159,2.11000152588,0.0920226337644,3.81469726562e-06,0.0620958,0.000225443,0.0,0.0618703
722,164,2.05000175476,0.0939729415695,4.57763671875e-06,0.0290547,0.000237148,0.0,0.0288176
743,169,2.10000160217,0.0949468539935,6.103515625e-06,0.0577915,9.2053e-05,0.0,0.0576994
765,174,2.04000160217,0.0860373227275,3.0517578125e-06,0.0464568,0.000111187,0.0,0.0463456
787,179,2.06000137329,0.0887444619718,3.0517578125e-06,0.046076,3.8058e-05,0.0,0.046038
809,184,2.08000144958,0.0941943746735,2.28881835937e-06,0.0109635,4.25863e-05,0.0,0.0109209
830,189,2.140001297,0.0889230909455,4.57763671875e-06,0.0138659,0.000183196,0.0,0.0136827
852,194,2.16000152588,0.0996043016436,7.62939453125e-07,0.0265194,0.000406375,0.0,0.0261131
874,199,2.18000106812,0.0953829936264,7.62939453125e-07,0.0550329,0.000400445,0.0,0.0546325
896,204,2.010001297,0.0791534443782,7.62939453125e-07,0.0348655,0.00012489,0.0,0.0347406
918,209,2.14000167847,0.0939463607897,5.34057617187e-06,0.0213752,3.04452e-05,0.0,0.0213448
940,214,2.1600012207,0.0967565971846,2.28881835937e-06,0.021355,7.03801e-05,0.0,0.0212847
962,219,2.18000144958,0.0954944776162,5.34057617187e-06,0.0356416,6.78061e-05,0.0,0.0355738
984,224,2.28000137329,0.0938135542721,4.57763671875e-06,0.0312812,5.41204e-05,0.0,0.0312271
1005,229,2.28000152588,0.0997001782968,5.34057617187e-06,0.0210807,7.24205e-05,0.0,0.0210083
1027,234,2.18000083923,0.102738012567,3.81469726562e-06,0.022429,4.62557e-05,0.0,0.0223828
1049,239,2.15000152588,0.106214742052,5.34057617187e-06,0.00803607,1.94868e-05,0.0,0.00801658
1054,240,2.25000114441,0.104056399763,3.81469726562e-06,0.0111589,1.67541e-05,0.0,0.0111421
1059,241,2.12000137329,0.105278739225,3.81469726562e-06,0.0235042,2.31552e-05,0.0,0.023481
1064,242,2.09000083923,0.103039639288,2.28881835937e-06,0.0249034,2.24594e-05,0.0,0.024881
1069,243,2.10000213623,0.102093011587,5.34057617187e-06,0.0151416,1.51106e-05,0.0,0.0151265
1074,244,2.2000012207,0.107375464165,2.28881835937e-06,0.00408413,2.06223e-05,0.0,0.0040635
1079,245,2.17000167847,0.107912016006,2.28881835937e-06,0.00440904,1.03543e-05,0.0,0.00439869
1083,246,2.25000076294,0.113518232024,3.81469726562e-06,0.0124735,2.83117e-05,0.0,0.0124452
1088,247,2.29000061035,0.112889915777,5.34057617187e-06,0.0144204,1.93995e-05,0.0,0.014401
1093,248,2.2700012207,0.104430966817,3.81469726562e-06,0.00513716,2.51157e-05,0.0,0.00511205
1098,249,2.20000083923,0.102461843352,5.34057617187e-06,0.0223713,2.21717e-05,0.0,0.0223491
