314,4,4.16000106812,0.212095825486,0.0,9.7194,0.0651905,9.23701,0.417197
635,9,2.86000087738,0.134054731932,0.0,7.93755,0.0281677,7.36546,0.543917
953,14,2.44000099182,0.112246092381,0.0,7.44557,0.0210655,7.07477,0.349738
1272,19,2.40000095367,0.108533251593,0.0,7.21327,0.0141886,6.81643,0.382655
1589,24,2.05000106812,0.0965417315392,0.0,6.81558,0.013565,6.49459,0.307421
310,4,1.97000110626,0.0917170889582,0.0,6.94852,0.0106388,6.51384,0.424038
635,9,1.93000114441,0.0882736161258,0.0,6.79865,0.00947287,6.24022,0.54895
958,14,1.84000106812,0.0870045655174,0.0,6.76015,0.00889182,6.41555,0.335708
1280,19,1.85000099182,0.0880499194749,0.0,6.62409,0.00718845,6.2692,0.347701
1600,24,1.70000110626,0.0831896278495,0.0,6.43184,0.00740391,6.09786,0.326573
1917,29,1.6700006485,0.075255710301,0.0,6.72055,0.00751019,6.23645,0.476594
2232,34,1.8200012207,0.0802259859676,0.0,6.43996,0.00723782,5.93981,0.492919
2547,39,1.76000110626,0.0820980541338,0.0,6.31465,0.00685225,5.95445,0.353348
2862,44,1.65000102997,0.076736101734,0.0,6.67637,0.00650194,6.20385,0.466019
3178,49,1.8300012207,0.0852192365285,0.0,6.11538,0.0075128,5.72458,0.383289
3495,54,1.67000087738,0.0727176824515,0.0,6.70421,0.00565413,6.14826,0.550296
3810,59,1.65000087738,0.0786590951332,0.0,6.43699,0.00581796,6.06921,0.361961
4129,64,1.56000072479,0.076923504055,0.0,6.89585,0.00569439,6.33249,0.557667
4445,69,1.60000087738,0.0742619638704,0.0,6.18267,0.00577739,5.69975,0.477143
4760,74,1.66000087738,0.0766938431258,0.0,6.34054,0.0052591,5.98215,0.353138
5076,79,1.55000125885,0.0729680083832,0.0,6.05974,0.00522503,5.6254,0.429114
5392,84,1.65000110626,0.0733653397928,0.0,6.23097,0.00492448,5.81528,0.410774
5708,89,1.57000110626,0.07319506197,0.0,5.85231,0.00460766,5.54175,0.305959
6023,94,1.62000106812,0.0728473660885,0.0,6.00521,0.00463755,5.63389,0.366681
6338,99,1.57000125885,0.0756149592041,0.0,6.23748,0.00464246,5.62873,0.604104
6653,104,1.46000102997,0.0701936401054,0.0,6.03848,0.00430339,5.48243,0.551742
6970,109,1.54000083923,0.0750076563261,0.0,6.19547,0.00494453,5.72843,0.462098
7286,114,1.54000110626,0.0709424281097,0.0,6.0935,0.00430422,5.56269,0.526505
7602,119,1.49000068665,0.073387892046,0.0,5.93824,0.00426625,5.53495,0.399032
7917,124,1.53000099182,0.0750275436067,0.0,6.20755,0.00409828,5.68583,0.517618
8233,129,1.57000118256,0.0767526117293,0.0,6.15101,0.00429611,5.62516,0.521554
8539,134,1.62000091553,0.0725078120176,0.0,6.08489,0.00440478,5.45607,0.624417
8826,139,1.62000091553,0.0758092512446,0.0,6.34228,0.00438588,5.82202,0.515869
9113,144,1.56000083923,0.0706532785227,0.0,5.88638,0.0042727,5.54669,0.335415
9400,149,1.53000087738,0.0716227345495,0.0,5.911,0.00390341,5.39228,0.514812
9688,154,1.58000053406,0.0782643355627,0.0,5.67246,0.00381953,5.24953,0.419105
9976,159,1.580001297,0.0725630707038,0.0,6.05629,0.00382648,5.55854,0.493923
10264,164,1.54000114441,0.0721093568881,0.0,5.78213,0.00400416,5.34793,0.430198
10552,169,1.46000072479,0.0727578207874,0.0,6.21741,0.00378243,5.61917,0.594461
10841,174,1.52000114441,0.0707607445982,0.0,5.97963,0.00394777,5.60475,0.370935
11128,179,1.54000106812,0.0721479731589,0.0,5.74802,0.00381035,5.29212,0.45208
11416,184,1.50000091553,0.073468452075,0.0,6.01726,0.00368638,5.5966,0.416968
11724,189,1.50000049591,0.0731203966215,0.0,5.65045,0.00390496,5.2524,0.394145
12069,194,1.47000080109,0.072488786797,0.0,5.80176,0.0038365,5.43456,0.363361
12416,199,1.56000091553,0.0701902361447,0.0,5.92546,0.00381894,5.37571,0.54594
12762,204,1.5300005722,0.0659815381374,0.0,5.72183,0.00371172,5.3942,0.323918
13101,209,1.59000087738,0.0758066374715,0.0,5.70025,0.00362254,5.1903,0.506326
13441,214,1.50000106812,0.0697738707543,0.0,6.02151,0.00380496,5.4838,0.533898
13781,219,1.53000114441,0.0757543265144,0.0,5.80405,0.00351447,5.40347,0.397065
14097,224,1.45000102997,0.0705803961004,0.0,5.94819,0.00352955,5.62941,0.315254
14437,229,1.48000171661,0.0740458639886,0.0,5.836,0.0034384,5.53466,0.297895
14756,234,1.51000106812,0.0699317369529,0.0,5.7452,0.0035679,5.17253,0.569098
15041,239,1.50000091553,0.0731931869255,0.0,5.76633,0.00340496,5.38601,0.376921
15101,240,1.43000083923,0.0701003441808,0.0,5.79852,0.00343299,5.34604,0.449045
15162,241,1.48000076294,0.0675212276203,0.0,6.07641,0.00347574,5.49804,0.5749
15223,242,1.39000099182,0.0658140954014,0.0,6.0047,0.00352299,5.47277,0.52841
15284,243,1.45000114441,0.0697286633158,0.0,5.91545,0.00338502,5.49098,0.421085
15344,244,1.50000102997,0.0731143493624,0.0,5.6867,0.0033067,5.0688,0.61459
15405,245,1.56000110626,0.0723704983573,0.0,6.12257,0.00338483,5.55174,0.567443
15466,246,1.43000095367,0.071530318032,0.0,5.63018,0.00367944,5.10621,0.520294
15527,247,1.41000087738,0.0713158274186,0.0,5.72399,0.00344948,5.33107,0.389465
15587,248,1.40000095367,0.0692398692481,0.0,5.57227,0.00355081,5.06617,0.502546
15648,249,1.41000118256,0.0706356051657,0.0,5.88636,0.00369394,5.19264,0.690029
