63,4,7.69999961853,0.359592714906,0.0,13.5356,0.00837497,13.5272,0.0
127,9,5.00000076294,0.214988431521,0.0,11.3201,0.00237142,11.3178,0.0
191,14,3.50000038147,0.197052324144,0.0,10.4614,0.000798948,10.4606,0.0
204,15,3.90000114441,0.157376385306,0.0,9.99541,0.000382891,9.99503,0.0
218,16,3.30000152588,0.164410153124,0.0,10.0994,0.000327232,10.099,0.0
232,17,4.00000076294,0.173003533622,0.0,9.77907,0.000217233,9.77885,0.0
245,18,3.90000152588,0.1845990289,0.0,9.49548,0.000450854,9.49503,0.0
259,19,3.80000076294,0.177453407767,0.0,9.76899,0.000172143,9.76881,0.0
272,20,3.70000038147,0.195748050418,0.0,9.53569,0.000117961,9.53557,0.0
286,21,3.7,0.183642945217,0.0,9.91832,9.53003e-05,9.91823,0.0
299,22,3.80000152588,0.180440969998,0.0,9.32387,0.000254152,9.32362,0.0
313,23,3.50000038147,0.168907886976,0.0,9.54284,5.58403e-05,9.54279,0.0
327,24,3.59999961853,0.190155876894,0.0,9.42827,6.23656e-05,9.4282,0.0
