109,4,7.40000045776,0.289675231762,0.0,16.6749,0.00612476,16.6687,0.0
225,9,4.75000068665,0.191226722589,0.0,14.0999,0.00133864,14.0985,0.0
339,14,3.97000099182,0.160993807949,0.0,12.3591,0.000399231,12.3587,0.0
453,19,3.680001297,0.169476658723,0.0,12.8137,0.000193904,12.8135,0.0
566,24,3.53000087738,0.161697745674,0.0,11.571,6.5241e-05,11.5709,0.0
680,29,3.26000095367,0.161543884613,0.0,11.1171,2.54814e-05,11.1171,0.0
794,34,2.95000106812,0.140575555113,0.0,11.5242,9.66115e-05,11.5241,0.0
907,39,2.6700012207,0.14383208927,0.0,11.832,1.40915e-05,11.832,0.0
1021,44,2.48000087738,0.139176420752,0.0,10.9839,1.13481e-05,10.9839,0.0
1133,49,2.68000087738,0.151214388507,0.0,10.9855,6.74213e-06,10.9855,0.0
1245,54,2.72000118256,0.159070677628,0.0,10.8373,6.78505e-06,10.8373,0.0
1357,59,2.25000102997,0.122961273816,0.0,10.6769,3.08273e-06,10.6769,0.0
1468,64,2.25000114441,0.134619332395,0.0,10.3259,5.31174e-06,10.3259,0.0
1579,69,2.33000118256,0.14520092672,0.0,10.9071,5.52677e-05,10.9071,0.0
1689,74,2.56000068665,0.138678355279,0.0,11.2377,4.52747e-06,11.2377,0.0
1800,79,2.65000072479,0.133100647264,0.0,10.7626,1.19206e-05,10.7626,0.0
1912,84,2.43000091553,0.143127939279,0.0,10.1681,2.46762e-06,10.1681,0.0
2023,89,2.57000061035,0.138908060545,0.0,10.364,1.54018e-06,10.364,0.0
2134,94,2.56000068665,0.131162441453,0.0,9.96784,1.64268e-06,9.96783,0.0
2246,99,2.34000080109,0.127491162722,0.0,9.89129,8.82147e-07,9.89129,0.0
2356,104,2.39000080109,0.14132688392,0.0,9.94833,4.03622e-06,9.94832,0.0
2468,109,2.49000076294,0.137286225951,0.0,9.90435,2.23872e-06,9.90434,0.0
2578,114,2.55000099182,0.141279995084,0.0,10.3698,1.62838e-06,10.3698,0.0
2689,119,2.2300012207,0.132306145655,0.0,10.2179,7.00948e-07,10.2179,0.0
2802,124,2.63000106812,0.143856388388,0.0,9.80795,1.76428e-06,9.80795,0.0
2913,129,2.28000106812,0.126880258021,0.0,9.93361,4.67299e-07,9.93361,0.0
3023,134,2.41000061035,0.14240194466,0.0,10.5622,5.50745e-07,10.5622,0.0
3135,139,1.92000118256,0.132533434862,0.0,9.73322,4.98293e-07,9.73322,0.0
3245,144,2.18000114441,0.131693345184,0.0,9.9178,9.39365e-07,9.91779,0.0
3358,149,2.16000068665,0.118866435778,0.0,9.80222,4.24384e-07,9.80222,0.0
3468,154,2.63000049591,0.151018963205,0.0,9.56558,3.29017e-07,9.56558,0.0
3580,159,2.25000091553,0.132838385018,0.0,10.5046,2.69413e-07,10.5046,0.0
3692,164,1.90000133514,0.125447064481,0.0,9.58446,4.79218e-07,9.58446,0.0
3803,169,2.28000083923,0.138057031833,0.0,9.8705,8.10623e-08,9.8705,0.0
3915,174,2.22000080109,0.144505917838,0.0,9.80728,1.40903e-06,9.80728,0.0
4025,179,1.97000072479,0.122401423077,0.0,9.70253,4.47477e-05,9.70249,0.0
4136,184,2.40000110626,0.155642688794,0.0,9.90278,7.00948e-07,9.90278,0.0
4248,189,2.24000080109,0.134229914409,0.0,9.87645,2.42461e-06,9.87644,0.0
4359,194,2.49000095367,0.148380822798,0.0,9.8729,3.8147e-08,9.8729,0.0
4470,199,2.40000091553,0.157562379923,0.0,10.1893,1.13961e-06,10.1893,0.0
4582,204,2.43000099182,0.146914196422,0.0,9.57303,2.93254e-07,9.57303,0.0
4694,209,1.81000099182,0.126286654376,0.0,9.80243,6.19888e-08,9.80243,0.0
4807,214,2.43000091553,0.157851044638,0.0,9.45288,1.0252e-07,9.45288,0.0
4918,219,2.17000095367,0.140996731325,0.0,9.41447,5.10212e-07,9.41447,0.0
5030,224,2.35000080109,0.140018595263,0.0,9.82662,3.33786e-08,9.82662,0.0
5150,229,2.15000091553,0.13613220777,0.0,9.65464,6.4373e-08,9.65464,0.0
5262,234,2.4800012207,0.141696235094,0.0,9.47762,6.19888e-08,9.47762,0.0
5374,239,2.54000087738,0.162928947869,0.0,9.67231,1.04904e-07,9.67231,0.0
5399,240,2.41000125885,0.155609433167,0.0,9.52378,2.57492e-07,9.52378,0.0
5426,241,2.58000080109,0.165124913068,0.0,10.8538,8.94052e-07,10.8538,0.0
5452,242,2.30000087738,0.144095769467,0.0,9.21346,7.86781e-08,9.21346,0.0
5478,243,2.48000072479,0.155528787882,0.0,9.92169,9.72738e-07,9.92169,0.0
5504,244,2.61000099182,0.15901008722,0.0,9.8728,3.33786e-08,9.8728,0.0
5529,245,2.00000141144,0.132383712788,0.0,9.73986,1.40667e-07,9.73986,0.0
5554,246,2.35000125885,0.137456885346,0.0,9.46209,6.10347e-07,9.46209,0.0
5580,247,2.27000099182,0.137453722676,0.0,9.29273,7.39097e-08,9.29273,0.0
5605,248,2.43000091553,0.14450456353,0.0,9.88248,7.05714e-07,9.88248,0.0
5631,249,2.39000087738,0.145983453253,0.0,9.36513,2.83717e-07,9.36513,0.0
