474,4,3.01000137329,0.359214763045,1.52587890625e-06,28.8119,0.300137,27.7998,0.712025
953,9,2.33000259399,0.248482874334,7.62939453125e-07,26.5597,0.16448,25.6091,0.786131
1432,14,2.22000297546,0.216662814915,3.0517578125e-06,24.505,0.143108,23.5032,0.858708
1919,19,2.04000358582,0.196855368465,3.81469726562e-06,23.1303,0.121643,22.1757,0.833003
2404,24,1.94000282288,0.176663917229,2.28881835937e-06,23.6172,0.104843,22.622,0.890401
2891,29,1.75000389099,0.170066838861,2.28881835937e-06,22.8256,0.099482,21.8602,0.865899
3380,34,1.78000335693,0.159796323702,3.0517578125e-06,23.0332,0.0919846,21.9529,0.988339
3865,39,1.7900025177,0.150025711134,6.103515625e-06,22.2773,0.0846247,21.2873,0.905365
4351,44,1.68000328064,0.132756105736,5.34057617187e-06,22.2491,0.0725436,21.0697,1.1069
4829,49,1.60000312805,0.119192234129,4.57763671875e-06,22.2763,0.0551757,21.3523,0.868796
5304,54,1.51000312805,0.105731888451,4.57763671875e-06,23.2099,0.045601,21.8979,1.26634
5775,59,1.49000350952,0.102323951162,1.52587890625e-06,21.2211,0.0674483,20.0145,1.13916
6248,64,1.53000335693,0.0988702559471,6.86645507813e-06,22.0914,0.0371003,20.9546,1.09971
6721,69,1.4700037384,0.0957581092417,7.62939453125e-06,20.9579,0.0425766,19.9245,0.990871
7193,74,1.45000389099,0.0934013867006,6.103515625e-06,21.386,0.0380432,20.2285,1.11952
7666,79,1.51000328064,0.0923912735283,5.34057617187e-06,21.2667,0.0403719,20.2431,0.983169
8139,84,1.4100037384,0.0870374391973,4.57763671875e-06,21.1202,0.0323693,20.1229,0.964952
8612,89,1.49000389099,0.0899206477404,3.0517578125e-06,21.1744,0.0338674,19.8969,1.24364
9086,94,1.5100038147,0.0877040195465,2.28881835937e-06,21.3298,0.0401926,20.1811,1.10855
9559,99,1.41000274658,0.0895310717449,6.103515625e-06,21.1393,0.0344643,20.0544,1.0505
10032,104,1.45000312805,0.0889457322657,3.0517578125e-06,20.704,0.0356414,19.5618,1.10656
10505,109,1.39000312805,0.0865065347403,5.34057617187e-06,20.976,0.0326008,19.8744,1.06899
10979,114,1.41000427246,0.0877229900286,2.28881835937e-06,21.7688,0.0328643,20.4919,1.24406
11453,119,1.38000366211,0.0848615451902,3.81469726562e-06,20.722,0.0323135,19.768,0.921686
11925,124,1.40000312805,0.0858371713012,5.34057617187e-06,20.4924,0.0326098,19.3235,1.13632
12398,129,1.36000350952,0.0835910155997,4.57763671875e-06,20.532,0.0334095,19.5635,0.935158
12872,134,1.41000335693,0.0870251796767,5.34057617187e-06,20.0089,0.0333308,19.0035,0.97212
13342,139,1.44000396729,0.0847236298397,2.28881835937e-06,20.2426,0.0326406,19.1926,1.01737
13827,144,1.32000404358,0.0835140829533,3.81469726562e-06,21.013,0.0342936,19.874,1.10471
14313,149,1.33000350952,0.0829414100572,1.52587890625e-06,20.0192,0.0314477,18.6633,1.3244
14790,154,1.40000343323,0.0853044749796,6.103515625e-06,19.0199,0.0319801,17.87,1.11789
15266,159,1.32000358582,0.0822520406172,3.0517578125e-06,20.2453,0.0331321,18.9856,1.2265
15742,164,1.39000366211,0.086515169628,1.52587890625e-06,22.2,0.0316831,20.9223,1.24603
16217,169,1.32000282288,0.0834408355132,3.81469726562e-06,20.7094,0.028338,19.6268,1.05422
16691,174,1.34000335693,0.081693549417,4.57763671875e-06,21.1729,0.030264,20.0291,1.11353
17167,179,1.32000274658,0.0832648457214,4.57763671875e-06,20.1484,0.0474174,18.8946,1.20641
17643,184,1.31000328064,0.0837987702712,3.81469726562e-06,20.322,0.0334937,19.2106,1.07789
18117,189,1.28000358582,0.0800064490363,4.57763671875e-06,19.7777,0.0313258,18.7115,1.03482
18593,194,1.26000411987,0.0832061706111,2.28881835937e-06,20.6192,0.0312699,19.4063,1.18168
19068,199,1.39000343323,0.0809502571821,2.28881835937e-06,19.0705,0.0310282,17.9201,1.11934
19543,204,1.33000320435,0.0808919994161,5.34057617187e-06,20.7839,0.0319557,19.7799,0.972001
20018,209,1.2500037384,0.082420674935,3.81469726562e-06,21.6619,0.0297634,20.4,1.23208
20494,214,1.30000312805,0.0802965988778,2.28881835937e-06,21.4501,0.0293541,20.1686,1.25205
20977,219,1.35000358582,0.0776120305434,7.62939453125e-06,20.9417,0.0261064,19.5691,1.34647
21469,224,1.28000343323,0.0751921153441,4.57763671875e-06,19.5333,0.0295218,18.2161,1.28768
21947,229,1.20000350952,0.0779319477826,2.28881835937e-06,20.5954,0.0312317,19.1961,1.3681
22425,234,1.22000328064,0.0779746321589,7.62939453125e-07,19.5685,0.0284359,18.4289,1.11124
22901,239,1.25000335693,0.0767706535757,3.0517578125e-06,19.2672,0.0272485,18.2856,0.954324
23001,240,1.27000350952,0.075686218068,3.0517578125e-06,18.9933,0.0255821,17.8732,1.09444
23100,241,1.28000358582,0.076483796034,4.57763671875e-06,19.8218,0.0260716,18.9155,0.880273
23199,242,1.27000343323,0.0763928489946,3.81469726562e-06,18.7213,0.0277219,17.4714,1.22216
23298,243,1.25000366211,0.0761381860822,3.0517578125e-06,22.448,0.0256293,21.3302,1.09212
23400,244,1.23000366211,0.0764904399216,1.52587890625e-06,19.1385,0.0259718,17.7422,1.37033
23500,245,1.30000305176,0.074116053842,2.28881835937e-06,20.9258,0.026822,19.7791,1.11984
23596,246,1.27000305176,0.0763583757915,3.81469726562e-06,18.8095,0.0267996,17.7902,0.992496
23695,247,1.25000389099,0.0782848007977,1.52587890625e-06,20.3708,0.0275392,19.1371,1.20619
23794,248,1.2700038147,0.0750460744835,5.34057617187e-06,19.4727,0.0262535,18.1415,1.30491
23890,249,1.25000335693,0.0771362902038,5.34057617187e-06,18.9924,0.0287262,17.6547,1.3089
