180,4,9.50000087738,0.353329696655,0.0,13.2595,0.0293309,13.14,0.0901395
362,9,6.23000061035,0.252530089952,0.0,11.1195,0.0228352,11.0345,0.062167
544,14,4.160001297,0.163351354972,0.0,10.2923,0.0187273,10.1869,0.0867579
724,19,3.64000087738,0.146307195183,0.0,9.38721,0.0176714,9.33469,0.0348451
902,24,3.25000095367,0.138782661408,0.0,9.08902,0.0180856,8.99707,0.0738626
1081,29,3.49000083923,0.143353438713,0.0,9.3842,0.0171775,9.27909,0.0879267
1258,34,3.49000068665,0.150784147978,0.0,9.15399,0.0146886,9.03956,0.0997348
1431,39,3.36000114441,0.143950181333,0.0,9.12533,0.0158802,9.04602,0.0634275
1598,44,3.83000091553,0.162041442655,0.0,8.81427,0.014428,8.7107,0.0891441
1777,49,3.43000099182,0.15334818894,0.0,8.65329,0.0145746,8.52843,0.110288
1954,54,3.2400005722,0.143549310183,0.0,8.84065,0.014822,8.72772,0.09811
2134,59,3.18000102997,0.135307114236,0.0,8.20857,0.0117463,8.13429,0.0625273
2312,64,3.63000110626,0.161730820509,0.0,7.77398,0.0124907,7.66612,0.0953659
2492,69,2.94000106812,0.134170472492,0.0,8.29171,0.011861,8.20641,0.0734388
2671,74,3.16000068665,0.141354116825,0.0,7.99202,0.0123293,7.88142,0.0982675
2852,79,3.28000106812,0.141961783534,0.0,7.90804,0.0126299,7.80233,0.0930777
3031,84,3.16000110626,0.144008110845,0.0,7.59143,0.0130244,7.5097,0.0687119
3211,89,3.21000083923,0.145764472121,0.0,7.58338,0.0120969,7.48415,0.0871306
3387,94,3.25000083923,0.139098843466,0.0,7.91939,0.0107313,7.78084,0.127816
3564,99,3.15000106812,0.14416159953,0.0,7.423,0.0122204,7.30245,0.108334
3740,104,3.18000083923,0.140883016139,0.0,8.11311,0.0107313,7.97162,0.130757
3918,109,3.08000095367,0.14285086548,0.0,7.32259,0.0122983,7.22533,0.0849603
4094,114,2.97000068665,0.13555330175,0.0,7.92196,0.0119336,7.82369,0.0863333
4272,119,3.25000083923,0.148616011515,0.0,7.84139,0.0109106,7.72068,0.1098
4448,124,3.00000072479,0.133280527629,0.0,7.34572,0.0100291,7.26233,0.0733648
4626,129,2.97000125885,0.138904555459,0.0,7.76007,0.0121191,7.65375,0.0941967
4802,134,2.98000072479,0.136437639417,0.0,7.85032,0.0109554,7.72625,0.113108
4980,139,3.05000061035,0.139762610001,0.0,7.43872,0.0108549,7.36374,0.0641283
5156,144,3.05000076294,0.132657961464,0.0,7.55794,0.0113795,7.45903,0.0875233
5334,149,3.13000083923,0.14708519564,0.0,7.7478,0.0104996,7.65821,0.0790923
5510,154,3.02000125885,0.131402742127,0.0,7.58582,0.0108502,7.46907,0.105903
5687,159,3.0200012207,0.132163435305,0.0,7.44014,0.0104354,7.33355,0.0961531
5863,164,3.15000102997,0.140084317261,0.0,7.49101,0.0101947,7.3164,0.164409
6041,169,3.10000080109,0.139100409523,0.0,7.7808,0.0110201,7.6541,0.115686
6217,174,3.23000095367,0.144445144068,0.0,7.27899,0.0104269,7.14911,0.119448
6395,179,3.17000102997,0.144408511044,0.0,7.26738,0.0104423,7.17052,0.0864134
6571,184,2.96000118256,0.133131488571,0.0,8.00262,0.0101539,7.8856,0.106863
6748,189,3.0600005722,0.138497631559,0.0,7.53109,0.011222,7.40792,0.111944
6924,194,2.96000099182,0.133453098228,0.0,7.76928,0.0101935,7.65889,0.100205
7102,199,3.07000106812,0.140317267915,0.0,7.71996,0.0107447,7.60219,0.107031
7278,204,3.23000080109,0.146193612218,0.0,7.7627,0.010813,7.6794,0.0724889
7456,209,3.07000083923,0.132860967377,0.0,7.05603,0.00976465,6.92554,0.120724
7632,214,2.9500006485,0.142786284843,0.0,7.40643,0.0104465,7.31239,0.0835926
7809,219,3.21000076294,0.14004804587,0.0,7.25518,0.0101936,7.11105,0.133944
7986,224,3.09000095367,0.135203135172,0.0,7.43012,0.010776,7.33454,0.0848091
8162,229,2.99000095367,0.14213889691,0.0,7.57148,0.0105511,7.40718,0.153751
8341,234,2.95000053406,0.132986841351,0.0,7.05908,0.0100459,6.95217,0.0968617
8517,239,3.12000072479,0.137419620454,0.0,7.14764,0.0102058,7.05337,0.0840673
8555,240,3.12000022888,0.141312275408,0.0,7.24528,0.0108232,7.14983,0.0846347
8593,241,3.1700006485,0.141550062113,0.0,7.64404,0.0105384,7.53157,0.101925
8631,242,3.07000041962,0.138773140619,0.0,7.43167,0.0103173,7.31823,0.103119
8668,243,3.14000080109,0.147579898564,0.0,7.13531,0.0104012,7.02242,0.102494
8706,244,3.07000102997,0.138064613426,0.0,7.66087,0.0107429,7.53418,0.115944
8744,245,3.06000068665,0.137969472753,0.0,7.19403,0.0104987,7.06852,0.115013
8782,246,3.03000091553,0.137971768845,0.0,7.31676,0.00944598,7.17735,0.129966
8820,247,2.95000061035,0.138005835051,0.0,7.62027,0.0096528,7.51363,0.0969915
8856,248,3.00000068665,0.132542971941,0.0,8.19437,0.00988992,8.0673,0.117188
8894,249,3.04000080109,0.142159670116,0.0,7.60919,0.00977916,7.47056,0.128847
