21,4,22.9300014877,0.888818317652,0.0,0.27772,0.0154397,0.0,0.26228
44,9,15.9100014877,0.683206236064,0.0,0.215994,0.00517118,0.0,0.210823
67,14,16.100001564,0.605989955664,0.0,0.276945,0.00310699,0.0,0.273838
90,19,12.060001297,0.554005917907,0.0,0.202669,0.00238617,0.0,0.200283
112,24,10.1300010681,0.410104178488,0.0,0.213202,0.00124387,0.0,0.211958
135,29,10.0400006866,0.397195600346,0.0,0.182128,0.000890184,0.0,0.181238
158,34,8.7600006485,0.393400927559,0.0,0.165276,0.000834611,0.0,0.164441
180,39,7.61000110626,0.402317446619,0.0,0.196755,0.00085002,0.0,0.195905
203,44,6.45000061035,0.321807128638,0.0,0.179927,0.000718508,0.0,0.179209
226,49,4.5400005722,0.299507317394,0.0,0.119089,0.000479347,0.0,0.11861
248,54,3.90000076294,0.299270412922,0.0,0.154533,0.000444723,0.0,0.154088
271,59,3.18000080109,0.284034249485,0.0,0.161619,0.000474307,0.0,0.161144
293,64,3.69000099182,0.237818241715,0.0,0.190875,0.000339315,0.0,0.190535
316,69,4.16000045776,0.202055809684,0.0,0.12704,0.000292244,0.0,0.126748
339,74,2.98000095367,0.226174645163,0.0,0.11648,0.000264959,0.0,0.116215
361,79,2.93000095367,0.228971114233,0.0,0.155958,0.000275043,0.0,0.155683
384,84,4.16000087738,0.226352758482,0.0,0.127371,0.000265865,0.0,0.127105
407,89,3.87000076294,0.213914279379,0.0,0.118757,0.000212137,0.0,0.118545
429,94,2.85000114441,0.238849666007,0.0,0.13712,0.000200632,0.0,0.136919
452,99,3.29000080109,0.198627327085,0.0,0.114357,0.000173164,0.0,0.114184
475,104,3.71000087738,0.222734990567,0.0,0.131915,0.000213332,0.0,0.131702
497,109,4.06000080109,0.213872224391,0.0,0.111482,0.000215096,0.0,0.111267
520,114,3.9500005722,0.228088328615,0.0,0.111707,0.000172777,0.0,0.111534
543,119,3.53000061035,0.222877823226,0.0,0.0973668,0.000196914,0.0,0.0971699
565,124,2.85000102997,0.197795551978,0.0,0.093443,0.000159343,0.0,0.0932837
588,129,3.47000041962,0.203673940636,0.0,0.0860853,0.000145315,0.0,0.08594
611,134,2.44000091553,0.174659226295,0.0,0.105458,0.000126851,0.0,0.105331
633,139,2.38000095367,0.192847145684,0.0,0.106131,0.000144743,0.0,0.105986
656,144,2.81000091553,0.186262829602,0.0,0.079063,0.000140345,0.0,0.0789227
679,149,2.50000083923,0.175349262282,0.0,0.0684069,9.77439e-05,0.0,0.0683091
701,154,1.92000099182,0.153600300066,0.0,0.113737,0.000120228,0.0,0.113616
724,159,2.11000045776,0.164394839779,0.0,0.0649602,0.000106883,0.0,0.0648533
747,164,1.72000095367,0.159285555147,0.0,0.100818,0.000115506,0.0,0.100703
769,169,3.31000110626,0.180344249196,0.0,0.0781115,9.46808e-05,0.0,0.0780168
792,174,1.99000144958,0.161487325802,0.0,0.0946298,8.58087e-05,0.0,0.094544
814,179,2.3600005722,0.148295251057,0.0,0.127765,9.0922e-05,0.0,0.127674
837,184,1.7900012207,0.153169644587,0.0,0.0812087,5.96922e-05,0.0,0.081149
860,189,1.77000102997,0.152320088595,0.0,0.0922258,8.36184e-05,0.0,0.0921422
882,194,2.61000091553,0.132023528088,0.0,0.0800534,7.9712e-05,0.0,0.0799737
905,199,1.72000110626,0.144848970138,0.0,0.066932,5.88628e-05,0.0,0.0668731
927,204,1.74000095367,0.153061074726,0.0,0.113417,8.38135e-05,0.0,0.113333
950,209,2.50000061035,0.143943955507,0.0,0.0681382,7.48516e-05,0.0,0.0680633
973,214,1.69000076294,0.137843552679,0.0,0.0737567,6.16723e-05,0.0,0.073695
995,219,1.55000076294,0.115957300756,0.0,0.0664493,6.46086e-05,0.0,0.0663847
1018,224,1.55000068665,0.106536196126,0.0,0.0599462,4.5605e-05,0.0,0.0599006
1040,229,1.46000118256,0.112372081932,0.0,0.0565987,5.8536e-05,0.0,0.0565402
1062,234,1.92000095367,0.115442354158,0.0,0.0440468,5.20194e-05,0.0,0.0439948
1085,239,1.47000061035,0.10644376073,0.0,0.0708754,3.91518e-05,0.0,0.0708362
1090,240,1.42000072479,0.104442793624,0.0,0.0419389,4.49399e-05,0.0,0.0418939
1095,241,1.42000099182,0.0997616147716,0.0,0.0621322,3.97098e-05,0.0,0.0620925
1101,242,1.35000106812,0.0984319341742,0.0,0.0495355,3.76044e-05,0.0,0.0494979
1106,243,1.37000095367,0.0956606969796,0.0,0.067965,4.33807e-05,0.0,0.0679216
1111,244,1.40000114441,0.0958778010122,0.0,0.0594432,3.99074e-05,0.0,0.0594033
1116,245,1.33000087738,0.0909697385132,0.0,0.0521519,3.91875e-05,0.0,0.0521127
1121,246,1.39000087738,0.104479012704,0.0,0.0893772,3.51871e-05,0.0,0.089342
1127,247,1.39000080109,0.0997100987472,0.0,0.0639094,3.73279e-05,0.0,0.0638721
1132,248,1.38000099182,0.102170229647,0.0,0.0747075,3.62218e-05,0.0,0.0746713
1137,249,1.30000114441,0.0939137369208,0.0,0.0582358,3.95142e-05,0.0,0.0581963
