370,4,2.700001297,0.131217485107,1.52587890625e-06,32.6484,0.00258855,32.6458,0.0
747,9,2.24000190735,0.114507160061,4.57763671875e-06,27.3251,0.000951279,27.3241,0.0
1121,14,2.06000213623,0.11764498652,6.86645507813e-06,25.2802,0.000123512,25.2801,0.0
1496,19,1.87000244141,0.114362670173,7.62939453125e-07,24.4891,5.92913e-05,24.4891,0.0
1871,24,1.87000312805,0.108160522364,6.103515625e-06,25.1306,6.94144e-05,25.1305,0.0
2247,29,1.80000221252,0.105266414692,0.0,24.7313,4.4703e-05,24.7312,0.0
2617,34,1.75000289917,0.1022015524,4.57763671875e-06,23.861,0.000370953,23.8607,0.0
2983,39,1.77000289917,0.0995313463925,5.34057617187e-06,23.1891,1.72595e-05,23.1891,0.0
3342,44,1.82000274658,0.0973908468336,3.0517578125e-06,25.2254,2.5286e-05,25.2254,0.0
3699,49,1.65000282288,0.0938714485965,2.28881835937e-06,23.4738,5.48923e-05,23.4737,0.0
4057,54,1.56000328064,0.0962660051337,2.28881835937e-06,23.7042,1.04637e-05,23.7042,0.0
4415,59,1.51000350952,0.087471524353,4.57763671875e-06,22.8542,1.03978e-05,22.8542,0.0
4773,64,1.55000274658,0.100151579546,6.86645507813e-06,23.3135,6.50514e-06,23.3135,0.0
5132,69,1.49000267029,0.085944963122,5.34057617187e-06,22.2575,1.58486e-05,22.2574,0.0
5491,74,1.51000259399,0.0887871602035,1.52587890625e-06,22.8486,1.3928e-05,22.8486,0.0
5849,79,1.38000343323,0.0882478217118,6.86645507813e-06,21.6146,4.43567e-06,21.6146,0.0
6207,84,1.61000274658,0.0974377034607,6.86645507813e-06,21.5703,1.23655e-05,21.5703,0.0
6566,89,1.44000259399,0.0838116592373,3.0517578125e-06,23.4999,6.59438e-06,23.4999,0.0
6924,94,1.52000297546,0.0929072845723,6.86645507813e-06,21.0826,4.78608e-06,21.0826,0.0
7283,99,1.45000282288,0.0843085628114,6.86645507813e-06,21.9191,4.82164e-06,21.9191,0.0
7641,104,1.46000267029,0.0964921986066,2.28881835937e-06,20.9838,1.17182e-06,20.9838,0.0
8000,109,1.43000289917,0.0924539905487,3.0517578125e-06,21.6608,3.98371e-06,21.6608,0.0
8358,114,1.40000236511,0.0859479284934,1.52587890625e-06,20.7968,5.64675e-06,20.7968,0.0
8716,119,1.32000328064,0.0867462971151,5.34057617187e-06,21.4631,3.57734e-06,21.4631,0.0
9074,124,1.38000343323,0.087054071517,4.57763671875e-06,22.1444,2.93843e-06,22.1444,0.0
9432,129,1.32000312805,0.0855599375276,7.62939453125e-06,21.5382,7.11403e-06,21.5382,0.0
9790,134,1.33000312805,0.0821549212188,3.81469726562e-06,22.793,7.45995e-06,22.793,0.0
10149,139,1.35000328064,0.0913719254767,6.86645507813e-06,20.6302,2.56056e-06,20.6302,0.0
10507,144,1.35000297546,0.0910464620771,6.103515625e-06,20.2478,2.84545e-06,20.2478,0.0
10865,149,1.41000267029,0.0926238539617,7.62939453125e-06,21.5756,8.29693e-07,21.5756,0.0
11223,154,1.24000335693,0.0806031374251,3.81469726562e-06,20.7139,1.82627e-06,20.7139,0.0
11581,159,1.38000350952,0.0853058561604,6.103515625e-06,21.8098,5.31036e-06,21.8098,0.0
11940,164,1.20000328064,0.0845420998031,1.52587890625e-06,21.3903,1.62122e-06,21.3903,0.0
12299,169,1.31000335693,0.0827359741805,4.57763671875e-06,21.497,1.73448e-06,21.497,0.0
12663,174,1.37000259399,0.0942875424837,6.103515625e-06,23.0261,1.18493e-06,23.0261,0.0
13025,179,1.30000350952,0.0803184921558,3.81469726562e-06,20.849,2.58799e-06,20.849,0.0
13385,184,1.28000282288,0.0818639741016,2.28881835937e-06,21.5764,2.59509e-06,21.5764,0.0
13744,189,1.18000335693,0.0841786386463,3.0517578125e-06,21.6511,5.06639e-07,21.6511,0.0
14103,194,1.24000335693,0.0865042679844,3.0517578125e-06,22.298,1.7905e-06,22.298,0.0
14462,199,1.23000343323,0.0826167140842,5.34057617187e-06,19.8664,1.83817e-06,19.8664,0.0
14822,204,1.26000358582,0.0826934612682,6.103515625e-06,20.7066,1.59022e-06,20.7065,0.0
15181,209,1.2600025177,0.0819036142179,3.81469726562e-06,21.7828,9.52478e-07,21.7828,0.0
15540,214,1.28000289917,0.0836156520231,4.57763671875e-06,19.6828,1.51752e-06,19.6828,0.0
15899,219,1.08000389099,0.0806145628935,3.0517578125e-06,22.0586,7.16446e-07,22.0586,0.0
16258,224,1.22000320435,0.0800151873136,3.81469726562e-06,23.2201,4.35113e-07,23.2201,0.0
16617,229,1.23000343323,0.0846860984699,6.103515625e-06,19.9652,3.41975e-06,19.9652,0.0
16977,234,1.12000289917,0.0758150580274,3.0517578125e-06,20.4808,6.99757e-07,20.4808,0.0
17337,239,1.22000335693,0.0783706603426,4.57763671875e-06,21.1971,1.93113e-06,21.1971,0.0
17413,240,1.18000289917,0.0761835342969,6.103515625e-06,20.2568,1.45231e-05,20.2568,0.0
17490,241,1.20000320435,0.0706036650971,4.57763671875e-06,19.8654,1.90729e-06,19.8654,0.0
17568,242,1.14000312805,0.0765561256349,5.34057617187e-06,20.3989,7.85581e-07,20.3989,0.0
17644,243,1.14000396729,0.0723405339146,6.103515625e-06,20.1581,8.49959e-07,20.1581,0.0
17721,244,1.15000282288,0.0666256966642,6.103515625e-06,19.2792,2.11582e-06,19.2792,0.0
17798,245,1.14000335693,0.0739551853395,1.52587890625e-06,20.8401,2.92062e-07,20.8401,0.0
17874,246,1.1600037384,0.0770189467286,6.103515625e-06,19.5813,5.07831e-07,19.5813,0.0
17951,247,1.15000358582,0.0771466457639,4.57763671875e-06,20.8597,2.75373e-07,20.8597,0.0
18028,248,1.18000312805,0.0790784718031,1.52587890625e-06,21.2299,8.74985e-07,21.2299,0.0
18105,249,1.14000320435,0.0772568562319,4.57763671875e-06,20.7049,6.9737e-07,20.7049,0.0
