205,4,5.67999816895,0.264865073711,0.0,18.3359,0.0203199,18.3156,0.0
434,9,3.70999900818,0.153619041815,0.0,14.0415,0.00465846,14.0368,0.0
643,14,2.82000061035,0.13654450506,7.62939453125e-06,13.0132,0.00189989,13.0113,0.0
836,19,2.51000015259,0.10868698827,7.62939453125e-06,12.1686,0.000545596,12.1681,0.0
1031,24,2.3300012207,0.108357542707,7.62939453125e-06,11.6698,0.000352361,11.6694,0.0
1225,29,2.01000083923,0.0982765584067,0.0,11.2157,0.000220461,11.2155,0.0
1423,34,2.07000167847,0.100728884256,0.0,11.2484,0.000105376,11.2483,0.0
1640,39,1.77000106812,0.0924368540337,0.0,11.3325,4.59736e-05,11.3325,0.0
1860,44,2.030001297,0.0963567182422,0.0,10.4168,3.29139e-05,10.4168,0.0
2074,49,1.85000114441,0.100979466395,7.62939453125e-06,10.8807,2.36542e-05,10.8807,0.0
2281,54,1.93000076294,0.099703532499,0.0,10.7671,1.31401e-05,10.767,0.0
2470,59,1.82000152588,0.0981492017815,7.62939453125e-06,10.5869,1.34642e-05,10.5869,0.0
2660,64,1.78000083923,0.094143881083,7.62939453125e-06,10.6397,9.66102e-06,10.6397,0.0
2880,69,1.68000175476,0.0888898619084,7.62939453125e-06,10.1255,1.45036e-05,10.1255,0.0
3111,74,1.6900012207,0.0935054230457,7.62939453125e-06,10.4112,4.06858e-06,10.4112,0.0
3329,79,1.65000183105,0.0945408007444,7.62939453125e-06,10.0985,1.00799e-05,10.0985,0.0
3546,84,1.78000183105,0.104326313921,0.0,9.85599,4.98043e-06,9.85598,0.0
3754,89,1.56000152588,0.092311462974,7.62939453125e-06,9.6553,4.26167e-06,9.65529,0.0
3974,94,1.63000183105,0.0943411403336,7.62939453125e-06,10.0269,3.1161e-06,10.0269,0.0
4178,99,1.62000144958,0.093025301927,7.62939453125e-06,9.82848,2.24111e-06,9.82847,0.0
4386,104,1.50000190735,0.0937421047728,7.62939453125e-06,9.95396,3.60704e-06,9.95396,0.0
4591,109,1.60000160217,0.0990691957192,0.0,10.0701,4.88868e-06,10.0701,0.0
4809,114,1.56000167847,0.0923169944828,7.62939453125e-06,9.9213,1.17063e-06,9.9213,0.0
5023,119,1.61000198364,0.0915661420295,7.62939453125e-06,9.88058,1.99435e-06,9.88058,0.0
5224,124,1.58000137329,0.0967289145893,7.62939453125e-06,9.71331,2.92179e-06,9.71331,0.0
5418,129,1.48000144958,0.0905796087728,0.0,9.47475,3.78835e-06,9.47475,0.0
5627,134,1.42000160217,0.0954945672164,7.62939453125e-06,9.75504,1.02997e-06,9.75503,0.0
5839,139,1.58000183105,0.0933404403925,7.62939453125e-06,9.64922,2.01816e-06,9.64921,0.0
6027,144,1.56000137329,0.100718581699,0.0,9.3158,3.56427e-06,9.3158,0.0
6216,149,1.4400025177,0.0936032708891,0.0,9.91315,2.89913e-06,9.91315,0.0
6420,154,1.490001297,0.102291160591,7.62939453125e-06,9.7633,1.93833e-06,9.7633,0.0
6636,159,1.510001297,0.0932848652877,7.62939453125e-06,9.34739,1.21116e-06,9.34739,0.0
6795,164,1.52000228882,0.0919837732593,0.0,9.70613,1.84891e-06,9.70612,0.0
6945,169,1.47000190735,0.095474304071,0.0,9.2007,1.03116e-06,9.20069,0.0
7093,174,1.43000190735,0.0837251115014,0.0,9.0233,1.68322e-06,9.0233,0.0
7234,179,1.53000160217,0.0996160645176,0.0,9.22152,1.24811e-06,9.22152,0.0
7377,184,1.40000228882,0.0969420433814,0.0,9.49051,3.25887e-06,9.49051,0.0
7527,189,1.36000198364,0.0864469466562,7.62939453125e-06,9.16589,5.32864e-07,9.16589,0.0
7677,194,1.47000167847,0.0916054715389,0.0,9.14169,1.98238e-06,9.14169,0.0
7827,199,1.46000175476,0.0947676171598,7.62939453125e-06,9.53903,5.21375e-06,9.53903,0.0
7977,204,1.49000175476,0.0929575990795,0.0,8.92059,4.98692e-06,8.92058,0.0
8127,209,1.50000183105,0.0926478803161,7.62939453125e-06,8.95961,1.23855e-06,8.95961,0.0
8277,214,1.38000144958,0.0870297507796,0.0,9.17931,7.87968e-07,9.17931,0.0
8427,219,1.31000175476,0.08376287258,7.62939453125e-06,8.77841,4.69115e-06,8.7784,0.0
8577,224,1.46000236511,0.0921302024605,0.0,9.66241,6.98563e-07,9.66241,0.0
8727,229,1.38000205994,0.0929870704025,0.0,9.26122,4.11271e-07,9.26122,0.0
8877,234,1.31000236511,0.088324192884,7.62939453125e-06,9.27603,6.63993e-07,9.27603,0.0
9020,239,1.36000190735,0.0939334204658,7.62939453125e-06,8.85021,6.16309e-07,8.85021,0.0
9055,240,1.34000183105,0.0890845142936,7.62939453125e-06,9.36081,7.16443e-07,9.36081,0.0
9089,241,1.44000167847,0.0958392523131,0.0,9.54727,3.3736e-07,9.54727,0.0
9123,242,1.36000144958,0.0948900632039,0.0,9.23084,2.56294e-06,9.23084,0.0
9158,243,1.32000205994,0.0863073424772,0.0,9.31844,5.06638e-07,9.31844,0.0
9192,244,1.33000160217,0.0906521002966,7.62939453125e-06,9.14293,3.31401e-07,9.14293,0.0
9227,245,1.35000289917,0.0969020471898,7.62939453125e-06,9.18548,4.23192e-07,9.18548,0.0
9262,246,1.31000198364,0.0941296785783,7.62939453125e-06,9.23569,5.99621e-07,9.23569,0.0
9296,247,1.32000183105,0.0865442846605,7.62939453125e-06,9.1428,1.60573e-06,9.14279,0.0
9330,248,1.37000205994,0.0919646191569,0.0,9.27512,5.84123e-07,9.27512,0.0
9364,249,1.45000099182,0.0821338782925,7.62939453125e-06,9.28677,6.29423e-07,9.28677,0.0
