170,4,3.08000030518,0.151265170984,5.34057617187e-06,12.257,0.00274353,12.2543,0.0
344,9,2.53000144958,0.130142393829,7.62939453125e-07,10.4661,0.000361511,10.4657,0.0
516,14,2.15000144958,0.123156318374,7.62939453125e-07,10.2258,0.000163078,10.2257,0.0
688,19,2.13000083923,0.120627310385,1.52587890625e-06,10.6467,0.000196906,10.6465,0.0
859,24,2.02000175476,0.106900899827,4.57763671875e-06,9.29165,6.31032e-05,9.29158,0.0
1030,29,1.75000144958,0.107408374723,6.86645507813e-06,9.40413,1.90121e-05,9.40411,0.0
1201,34,1.84000175476,0.105928052947,4.57763671875e-06,9.58329,1.07024e-05,9.58328,0.0
1371,39,1.70000160217,0.101839954628,1.52587890625e-06,8.77816,1.71696e-05,8.77815,0.0
1541,44,1.65000190735,0.102224326281,3.81469726562e-06,9.05463,1.5652e-05,9.05461,0.0
1712,49,1.65000137329,0.0977409147707,1.52587890625e-06,9.11152,6.50751e-06,9.11151,0.0
1883,54,1.69000167847,0.105888841203,7.62939453125e-07,8.41865,7.90804e-06,8.41865,0.0
2053,59,1.62000114441,0.105113311316,6.103515625e-06,8.61167,1.01856e-05,8.61166,0.0
2224,64,1.6800012207,0.103444234572,7.62939453125e-06,8.8648,5.11756e-06,8.86479,0.0
2394,69,1.63000175476,0.108316016964,5.34057617187e-06,8.68117,2.98021e-06,8.68117,0.0
2564,74,1.530001297,0.105006886607,3.81469726562e-06,8.96795,7.59055e-06,8.96794,0.0
2735,79,1.50000152588,0.100481190296,6.86645507813e-06,8.52716,1.10419e-05,8.52715,0.0
2906,84,1.62000114441,0.102107988605,4.57763671875e-06,8.88561,2.05397e-06,8.88561,0.0
3077,89,1.48000114441,0.102120311146,3.0517578125e-06,8.50597,4.47976e-06,8.50596,0.0
3247,94,1.51000144958,0.102852868302,6.103515625e-06,8.15938,3.77886e-06,8.15938,0.0
3418,99,1.52000137329,0.0925703531971,0.0,8.77554,3.9314e-06,8.77553,0.0
3589,104,1.56000190735,0.0981555337438,4.57763671875e-06,9.06317,4.17224e-06,9.06317,0.0
3760,109,1.45000167847,0.0930233287251,7.62939453125e-07,8.61391,1.66176e-06,8.61391,0.0
3935,114,1.42000152588,0.0980200006993,6.86645507813e-06,8.68803,3.43909e-06,8.68802,0.0
4106,119,1.31000137329,0.0922731151373,5.34057617187e-06,8.51839,4.27816e-06,8.51839,0.0
4278,124,1.44000190735,0.0981776156285,6.103515625e-06,8.83385,8.55442e-06,8.83384,0.0
4450,129,1.43000213623,0.0915296577411,0.0,8.07978,2.8073e-06,8.07978,0.0
4621,134,1.44000190735,0.0918866244331,5.34057617187e-06,8.69565,1.9276e-06,8.69564,0.0
4795,139,1.47000152588,0.0959358959526,7.62939453125e-07,8.25216,1.94662e-06,8.25216,0.0
4968,144,1.43000213623,0.0955672387431,0.0,8.77003,1.78454e-06,8.77003,0.0
5139,149,1.39000144958,0.0898643394548,5.34057617187e-06,7.88185,3.9575e-06,7.88185,0.0
5313,154,1.47000175476,0.0972936584835,1.52587890625e-06,8.17264,3.88967e-06,8.17263,0.0
5486,159,1.38000198364,0.0926093684453,0.0,8.65864,1.67368e-06,8.65864,0.0
5672,164,1.47000152588,0.0940604074423,0.0,8.59121,2.28521e-06,8.59121,0.0
5845,169,1.510001297,0.0991246779847,2.28881835937e-06,8.8322,1.31604e-06,8.8322,0.0
6016,174,1.45000183105,0.0820635256779,6.86645507813e-06,9.1637,1.45672e-06,9.16369,0.0
6187,179,1.32000175476,0.0858106236074,4.57763671875e-06,8.34645,9.44135e-07,8.34645,0.0
6359,184,1.50000198364,0.08791983225,7.62939453125e-06,8.22175,1.59143e-06,8.22174,0.0
6532,189,1.39000167847,0.0900532404716,6.86645507813e-06,8.32382,6.32808e-06,8.32381,0.0
6704,194,1.40000152588,0.0931587272327,0.0,8.21522,1.63554e-06,8.21522,0.0
6876,199,1.49000167847,0.0903980403574,3.81469726562e-06,7.81317,3.23281e-06,7.81316,0.0
7049,204,1.32000183105,0.0872428242936,6.86645507813e-06,9.47464,1.75474e-06,9.47464,0.0
7220,209,1.28000190735,0.0901031757634,3.81469726562e-06,8.77129,0.00326349,8.76803,0.0
7392,214,1.38000183105,0.0950848150515,6.86645507813e-06,7.93954,1.90134e-06,7.93954,0.0
7561,219,1.43000221252,0.0884873912247,1.52587890625e-06,7.78265,2.70605e-07,7.78265,0.0
7729,224,1.31000160217,0.0840644872865,0.0,8.15821,1.15036e-06,8.15821,0.0
7897,229,1.39000183105,0.0853456780971,6.103515625e-06,7.94497,1.26838e-06,7.94497,0.0
8066,234,1.29000160217,0.0872637772497,1.52587890625e-06,7.85375,2.6154e-06,7.85374,0.0
8235,239,1.33000183105,0.0900121803999,6.86645507813e-06,7.46791,5.65051e-07,7.46791,0.0
8272,240,1.27000213623,0.0817222431216,4.57763671875e-06,8.49685,8.35653e-07,8.49685,0.0
8308,241,1.2600012207,0.094017439357,6.86645507813e-06,7.78991,5.87701e-07,7.78991,0.0
8345,242,1.30000160217,0.0748408189818,5.34057617187e-06,7.78112,4.22e-07,7.78112,0.0
8381,243,1.26000137329,0.090439009253,6.103515625e-06,8.47759,3.57627e-07,8.47759,0.0
8418,244,1.32000183105,0.0903842683782,4.57763671875e-06,7.79192,1.65816e-06,7.79192,0.0
8454,245,1.31000198364,0.0857701694394,3.81469726562e-06,8.31885,6.92604e-07,8.31885,0.0
8491,246,1.32000175476,0.0855713603407,7.62939453125e-07,8.0162,1.00969e-06,8.0162,0.0
8528,247,1.32000198364,0.0896226164038,5.34057617187e-06,7.59807,4.23192e-07,7.59806,0.0
8564,248,1.29000167847,0.0924631127655,7.62939453125e-07,7.99704,3.14712e-07,7.99704,0.0
8601,249,1.31000183105,0.0865023853078,6.103515625e-06,8.27621,5.51938e-07,8.27621,0.0
