79,4,3.26000068665,0.161485468745,3.81469726562e-06,32.2115,0.0275855,32.1839,0.0
160,9,2.46000221252,0.114563831203,2.28881835937e-06,25.6357,0.00596964,25.6297,0.0
243,14,2.38000205994,0.105045497324,5.34057617187e-06,23.0101,0.00139067,23.0087,0.0
325,19,2.09000236511,0.0909679037193,2.28881835937e-06,21.6065,0.00104495,21.6055,0.0
406,24,1.9900025177,0.0964309733547,1.52587890625e-06,20.7457,0.000836971,20.7449,0.0
488,29,1.83000244141,0.0904494849453,1.52587890625e-06,20.9754,0.000338477,20.975,0.0
570,34,1.95000244141,0.0957222334994,3.0517578125e-06,20.4317,0.00028814,20.4314,0.0
651,39,1.7800025177,0.0841806097352,2.28881835937e-06,19.7814,0.000135596,19.7812,0.0
732,44,1.63000343323,0.0854619375465,3.0517578125e-06,19.7873,0.000180245,19.7871,0.0
815,49,1.48000320435,0.0749216198915,3.0517578125e-06,19.2479,7.50928e-05,19.2478,0.0
896,54,1.49000282288,0.0819759859762,2.28881835937e-06,19.7742,7.3455e-05,19.7741,0.0
978,59,1.50000289917,0.0793611986475,1.52587890625e-06,18.9701,5.19877e-05,18.97,0.0
1060,64,1.46000328064,0.0741181090614,1.52587890625e-06,19.5062,3.632e-05,19.5062,0.0
1142,69,1.56000328064,0.0930473417047,4.57763671875e-06,19.2275,6.28777e-05,19.2275,0.0
1222,74,1.43000297546,0.0751501217188,5.34057617187e-06,18.6186,3.76851e-05,18.6186,0.0
1304,79,1.45000236511,0.0716853413417,1.52587890625e-06,18.0162,1.72153e-05,18.0162,0.0
1385,84,1.55000259399,0.0856750579493,3.81469726562e-06,18.6259,2.82672e-05,18.6258,0.0
1467,89,1.52000244141,0.0834255265398,3.0517578125e-06,18.73,2.23838e-05,18.73,0.0
1547,94,1.51000213623,0.0744369364809,6.103515625e-06,18.7771,2.77963e-05,18.7771,0.0
1629,99,1.40000267029,0.0771348153142,3.0517578125e-06,18.1773,2.45201e-05,18.1773,0.0
1710,104,1.39000389099,0.0709607998957,2.28881835937e-06,18.2405,2.14079e-05,18.2405,0.0
1792,109,1.50000282288,0.090937744109,3.81469726562e-06,18.8485,2.85367e-05,18.8485,0.0
1874,114,1.48000274658,0.0828520761651,3.81469726562e-06,17.9648,5.04229e-05,17.9647,0.0
1956,119,1.36000205994,0.0784342311538,2.28881835937e-06,19.1373,3.05453e-05,19.1373,0.0
2039,124,1.42000259399,0.0796353197587,3.81469726562e-06,17.7389,1.43214e-05,17.7389,0.0
2121,129,1.34000289917,0.0770758789836,2.28881835937e-06,18.1816,1.1485e-05,18.1816,0.0
2201,134,1.32000366211,0.0812064350373,1.52587890625e-06,17.4044,5.43224e-06,17.4044,0.0
2283,139,1.31000328064,0.0747305113758,5.34057617187e-06,18.391,5.81246e-06,18.3909,0.0
2366,144,1.43000289917,0.0751100289487,2.28881835937e-06,16.8317,6.63503e-06,16.8317,0.0
2448,149,1.28000366211,0.0705494828626,3.81469726562e-06,17.7943,5.38693e-06,17.7943,0.0
2531,154,1.35000267029,0.0696095948765,4.57763671875e-06,17.1732,9.82875e-06,17.1732,0.0
2613,159,1.31000328064,0.074901391959,4.57763671875e-06,17.7685,9.25949e-06,17.7685,0.0
2694,164,1.25000274658,0.0659503801953,3.0517578125e-06,17.4054,3.52972e-06,17.4054,0.0
2777,169,1.29000267029,0.0767901079962,5.34057617187e-06,17.8599,1.60507e-05,17.8599,0.0
2858,174,1.27000335693,0.0662407304865,2.28881835937e-06,17.5322,9.59718e-06,17.5322,0.0
2940,179,1.26000259399,0.072690389324,3.81469726562e-06,17.6189,8.8925e-06,17.6189,0.0
3022,184,1.36000282288,0.071528530501,7.62939453125e-07,17.7081,2.33171e-06,17.7081,0.0
3104,189,1.20000320435,0.0748523147168,6.103515625e-06,17.4641,2.10699e-05,17.4641,0.0
3186,194,1.13000320435,0.062406164322,2.28881835937e-06,16.8246,3.47367e-06,16.8246,0.0
3267,199,1.21000343323,0.07079670368,2.28881835937e-06,16.4209,6.49993e-06,16.4209,0.0
3346,204,1.19000305176,0.0711299380168,4.57763671875e-06,17.5031,3.09583e-06,17.5031,0.0
3425,209,1.25000335693,0.0694170236232,5.34057617187e-06,16.9041,1.24351e-05,16.904,0.0
3502,214,1.31000366211,0.0689379616827,6.103515625e-06,17.0579,3.86287e-05,17.0579,0.0
3579,219,1.32000366211,0.0728160668761,4.57763671875e-06,16.9672,1.8811e-06,16.9672,0.0
3656,224,1.17000274658,0.0712726184502,3.0517578125e-06,17.9625,2.40443e-06,17.9625,0.0
3733,229,1.18000289917,0.071334683098,4.57763671875e-06,17.0514,3.48563e-06,17.0514,0.0
3810,234,1.29000297546,0.0730635347037,3.0517578125e-06,16.4021,4.27831e-06,16.4021,0.0
3888,239,1.38000335693,0.0795202598968,3.81469726562e-06,17.2422,3.08387e-06,17.2422,0.0
3905,240,1.24000343323,0.0651886821276,1.52587890625e-06,17.117,3.55119e-06,17.117,0.0
3922,241,1.30000343323,0.0705556820668,3.0517578125e-06,17.8815,5.49303e-06,17.8815,0.0
3940,242,1.3400038147,0.0732511484512,3.81469726562e-06,17.2275,1.76666e-06,17.2275,0.0
3957,243,1.27000328064,0.0682346937555,2.28881835937e-06,17.2881,1.9359e-06,17.288,0.0
3974,244,1.20000297546,0.0664368419144,4.57763671875e-06,16.8052,2.93728e-06,16.8052,0.0
3992,245,1.28000297546,0.068945662923,4.57763671875e-06,16.776,2.91939e-06,16.776,0.0
4009,246,1.27000350952,0.0669284394296,3.81469726562e-06,16.6923,0.000135175,16.6922,0.0
4026,247,1.25000289917,0.0641285353959,2.28881835937e-06,16.9466,2.94202e-06,16.9466,0.0
4043,248,1.28000312805,0.0720782254823,4.57763671875e-06,17.7876,2.30395e-05,17.7876,0.0
4060,249,1.30000267029,0.0713821581821,5.34057617187e-06,17.5986,2.67979e-06,17.5986,0.0
