184,4,5.53000087738,0.234334382974,0.0,13.7337,0.0348454,13.5893,0.109629
371,9,3.64000106812,0.168272218201,0.0,10.4258,0.0184384,10.3456,0.0617635
555,14,3.4600012207,0.145904726665,0.0,9.81266,0.0170618,9.72824,0.0673563
740,19,3.09000087738,0.132953038877,0.0,9.59028,0.0170141,9.4617,0.111571
926,24,2.98000087738,0.129287024755,0.0,9.57565,0.0152313,9.46949,0.0909273
1111,29,2.74000087738,0.124404592859,0.0,9.04568,0.0149615,8.94326,0.0874661
1296,34,2.52000087738,0.118619606663,0.0,8.718,0.0139198,8.63787,0.0662123
1483,39,2.4800006485,0.111247615376,0.0,9.14456,0.0134443,9.01041,0.120705
1680,44,2.37000091553,0.113718478,0.0,8.28459,0.0118997,8.19509,0.0776023
1877,49,2.39000083923,0.10796899355,0.0,8.28679,0.0112827,8.22529,0.0502203
2065,54,2.53000091553,0.115043626539,0.0,8.57271,0.0115947,8.46641,0.0946999
2279,59,2.3800005722,0.107518869452,0.0,7.87013,0.0113998,7.786,0.072736
2494,64,2.36000144958,0.108199086585,0.0,7.975,0.0113369,7.85846,0.105208
2711,69,2.34000133514,0.106526524303,0.0,8.10213,0.0118846,8.02202,0.0682319
2953,74,2.30000125885,0.109166664779,0.0,8.2109,0.0108151,8.11709,0.0829935
3195,79,2.27000091553,0.105448787622,0.0,8.01811,0.0100559,7.93658,0.0714736
3437,84,2.23000099182,0.101593107125,0.0,7.81427,0.0103385,7.70808,0.095853
3677,89,2.31000095367,0.103325218121,0.0,7.93188,0.0111427,7.8188,0.101933
3921,94,2.1300012207,0.0985988511983,0.0,7.7589,0.0107505,7.66402,0.0841306
4176,99,2.20000114441,0.101038255589,0.0,7.72194,0.0104348,7.6228,0.0887033
4417,104,2.12000068665,0.103101340886,0.0,8.13174,0.0102896,8.01054,0.110909
4660,109,2.22000106812,0.104945251616,0.0,7.78323,0.009881,7.64702,0.126329
4900,114,2.17000083923,0.0993136708252,0.0,7.78888,0.010776,7.64468,0.133423
5144,119,2.13000102997,0.096960762823,0.0,7.71896,0.0107329,7.62594,0.0822773
5388,124,2.19000110626,0.0957605415862,0.0,7.69948,0.0108768,7.59233,0.0962709
5633,129,2.21000083923,0.0987000547443,0.0,7.54274,0.0102279,7.44464,0.0878712
5875,134,2.35000083923,0.102452995954,0.0,8.06565,0.0101202,7.9246,0.130923
6118,139,2.18000110626,0.101691231169,0.0,7.8217,0.0104255,7.69645,0.114826
6360,144,2.26000114441,0.104511934677,0.0,7.51334,0.0105509,7.36975,0.133039
6603,149,2.11000095367,0.0999676664826,0.0,7.47578,0.0113505,7.35843,0.105998
6847,154,2.12000110626,0.0966035185382,0.0,7.1417,0.0100816,7.0488,0.0828128
7093,159,2.25000118256,0.101124838293,0.0,8.77884,0.00940909,8.69368,0.0757425
7337,164,2.06000095367,0.0956657157186,0.0,7.79042,0.0103742,7.65901,0.121042
7584,169,2.09000118256,0.097758414587,0.0,7.37898,0.00949945,7.28126,0.0882195
7828,174,2.05000118256,0.0990196551103,0.0,7.48044,0.0104259,7.36579,0.104224
8072,179,2.06000091553,0.0971592896851,0.0,7.58719,0.0103703,7.50098,0.0758395
8315,184,2.03000087738,0.0947358620632,0.0,7.32481,0.0101067,7.2006,0.114101
8558,189,2.1200005722,0.0955201208685,0.0,8.26879,0.00945746,8.15782,0.101518
8802,194,2.16000083923,0.0961254143436,0.0,7.20579,0.00919885,7.10104,0.0955531
9045,199,2.14000099182,0.0968941713125,0.0,7.56796,0.0100038,7.44957,0.108387
9290,204,2.03000102997,0.0948675417621,0.0,7.71897,0.0101215,7.56137,0.147479
9534,209,1.95000076294,0.0892833700543,0.0,8.11549,0.00923861,8.05081,0.0554429
9778,214,2.11000072479,0.0935745077673,0.0,7.92026,0.00990515,7.82327,0.0870828
10039,219,2.18000118256,0.101452521607,0.0,7.78827,0.00937912,7.64416,0.134736
10282,224,2.06000106812,0.0953411253076,0.0,7.24917,0.00902931,7.15647,0.0836698
10526,229,2.080001297,0.0971159205213,0.0,7.56936,0.0101884,7.4357,0.123475
10771,234,2.02000114441,0.0930119387526,0.0,7.31363,0.00900419,7.23657,0.0680555
11017,239,2.00000083923,0.0948422582541,0.0,7.27055,0.0097829,7.15042,0.110349
11073,240,1.98000141144,0.0915936429892,0.0,7.7841,0.0092883,7.66037,0.11445
11125,241,2.08000102997,0.096526099639,0.0,7.16866,0.00942741,7.0614,0.0978295
11179,242,2.05000083923,0.0945560634229,0.0,7.5889,0.00955156,7.48683,0.0925146
11231,243,2.08000095367,0.0926624845434,0.0,7.68764,0.00915827,7.5682,0.110281
11283,244,2.10000080109,0.0962594193593,0.0,7.75248,0.00935945,7.66179,0.0813291
11335,245,2.17000110626,0.0960363259912,0.0,7.33349,0.00985038,7.22479,0.0988573
11388,246,2.06000087738,0.0930395539012,0.0,7.64295,0.00859575,7.48577,0.148581
11439,247,2.1300012207,0.0939226800203,0.0,7.52229,0.00888857,7.38049,0.132914
11492,248,2.08000087738,0.0936170375161,0.0,7.40245,0.00960207,7.25657,0.136281
11544,249,2.07000087738,0.0942845933698,0.0,7.62186,0.00935998,7.50322,0.109276
