221,4,6.79000072479,0.275095701888,0.0,16.5966,0.00695922,16.5896,0.0
441,9,3.69000080109,0.163051138271,0.0,13.5439,0.001494,13.5424,0.0
658,14,3.26000087738,0.142010403364,0.0,12.1925,0.000519689,12.192,0.0
884,19,2.45000083923,0.115530598791,0.0,12.2972,0.00017844,12.297,0.0
1102,24,2.24000125885,0.112579768692,0.0,11.5648,8.51538e-05,11.5647,0.0
1364,29,2.23000095367,0.112955836499,0.0,12.3887,3.14065e-05,12.3887,0.0
1584,34,2.21000114441,0.107234350045,0.0,11.7446,2.57257e-05,11.7446,0.0
1809,39,1.98000080109,0.107114859158,0.0,11.7937,1.36845e-05,11.7937,0.0
2031,44,1.94000083923,0.0993159665509,0.0,11.1614,1.11458e-05,11.1614,0.0
2251,49,1.83000099182,0.113313036129,0.0,10.7499,8.40158e-06,10.7498,0.0
2475,54,1.860001297,0.110346705704,0.0,10.7413,6.83531e-06,10.7413,0.0
2695,59,1.78000099182,0.0986942502686,0.0,10.7051,5.70527e-06,10.7051,0.0
2916,64,1.67000114441,0.0872990896884,0.0,10.6079,4.44647e-06,10.6079,0.0
3156,69,1.80000091553,0.0965059141098,0.0,10.3661,2.43185e-06,10.3661,0.0
3412,74,1.7400012207,0.107637181559,0.0,10.5145,1.98125e-06,10.5145,0.0
3666,79,1.72000080109,0.107277616641,0.0,10.348,3.92433e-06,10.348,0.0
3970,84,1.66000091553,0.0972028432678,0.0,10.1397,3.80509e-06,10.1397,0.0
4293,89,1.62000091553,0.10204235404,0.0,10.2179,2.43185e-06,10.2179,0.0
4616,94,1.6200006485,0.105200713795,0.0,10.667,1.8978e-06,10.667,0.0
4939,99,1.50000125885,0.0962580316109,0.0,10.1879,5.97225e-06,10.1878,0.0
5260,104,1.64000076294,0.107862207064,0.0,9.83126,2.91822e-06,9.83126,0.0
5572,109,1.61000106812,0.109162185852,0.0,9.66505,3.75855e-05,9.66502,0.0
5897,114,1.5200005722,0.105031977924,0.0,10.0996,1.2183e-06,10.0996,0.0
6219,119,1.56000068665,0.0975369326675,0.0,10.2814,7.45953e-06,10.2814,0.0
6536,124,1.41000076294,0.0920144605564,0.0,9.86243,6.55622e-06,9.86242,0.0
6858,129,1.510001297,0.0990402698873,0.0,9.89621,2.17196e-06,9.89621,0.0
7182,134,1.42000102997,0.0962121938098,0.0,9.8391,2.04561e-06,9.8391,0.0
7500,139,1.52000083923,0.0969074394763,0.0,10.2504,3.95774e-07,10.2504,0.0
7813,144,1.39000095367,0.100004061289,0.0,10.3048,6.05581e-07,10.3048,0.0
8127,149,1.44000049591,0.108010467222,0.0,10.398,6.19887e-07,10.398,0.0
8441,154,1.33000080109,0.0966114594818,0.0,10.405,1.61125e-05,10.4049,0.0
8756,159,1.50000091553,0.0976010246423,0.0,9.975,6.47223e-06,9.97499,0.0
9072,164,1.39000080109,0.0870314375323,0.0,9.98673,9.27053e-06,9.98672,0.0
9395,169,1.46000083923,0.0938895843684,0.0,9.6525,1.67606e-06,9.65249,0.0
9714,174,1.46000068665,0.0994399647961,0.0,9.6453,3.96715e-06,9.64529,0.0
10033,179,1.45000080109,0.0964892699934,0.0,10.1034,4.76835e-07,10.1034,0.0
10355,184,1.40000102997,0.0901772616131,0.0,9.65203,8.33597e-06,9.65202,0.0
10684,189,1.47000080109,0.104934999689,0.0,9.81723,4.24384e-07,9.81723,0.0
11013,194,1.39000141144,0.0987474856117,0.0,9.70446,2.36261e-06,9.70446,0.0
11338,199,1.50000095367,0.110410434575,0.0,9.88961,1.2207e-06,9.88961,0.0
11648,204,1.31000091553,0.0884299909663,0.0,9.86895,8.3684e-07,9.86895,0.0
11971,209,1.38000087738,0.102406526593,0.0,9.51388,5.14983e-07,9.51388,0.0
12311,214,1.41000080109,0.102186479582,0.0,10.3357,8.46383e-07,10.3357,0.0
12650,219,1.40000061035,0.104492023254,0.0,9.39781,1.44241e-06,9.39781,0.0
12986,224,1.37000041962,0.106008765743,0.0,9.60513,1.32797e-06,9.60513,0.0
13304,229,1.41000106812,0.0944445621108,0.0,9.63943,1.0252e-07,9.63943,0.0
13645,234,1.37000080109,0.105112776533,0.0,10.1409,4.62531e-07,10.1409,0.0
13995,239,1.54000106812,0.107299245,0.0,9.66275,7.20017e-07,9.66274,0.0
14076,240,1.43000072479,0.112877891135,0.0,9.54587,2.65117e-06,9.54587,0.0
14153,241,1.41000118256,0.0982493556303,0.0,9.98571,1.01566e-06,9.98571,0.0
14228,242,1.3400006485,0.098467087068,0.0,10.0717,2.26497e-07,10.0717,0.0
14312,243,1.44000102997,0.107719990178,0.0,9.55905,1.71179e-06,9.55905,0.0
14389,244,1.41000087738,0.101918388565,0.0,9.44516,2.71307e-06,9.44516,0.0
14466,245,1.42000091553,0.107812936009,0.0,10.0384,9.04464e-06,10.0384,0.0
14541,246,1.42000095367,0.103441577767,0.0,9.35975,1.93119e-07,9.35975,0.0
14621,247,1.45000114441,0.109950765667,0.0,9.50478,2.37454e-06,9.50478,0.0
14697,248,1.38000076294,0.101742112169,0.0,9.94965,1.95503e-07,9.94965,0.0
14776,249,1.450001297,0.102984305234,0.0,9.87112,1.43051e-07,9.87112,0.0
