37,4,3.32000061035,0.160387299657,5.34057617187e-06,32.6386,0.0221786,32.6165,0.0
75,9,2.32000213623,0.107918159701,6.86645507813e-06,26.0054,0.00562344,25.9998,0.0
113,14,2.20000221252,0.105342387417,2.28881835937e-06,23.5061,0.00180269,23.5043,0.0
151,19,2.02000282288,0.0921226297831,2.28881835937e-06,22.3175,0.00100399,22.3165,0.0
189,24,1.88000305176,0.100207577678,6.103515625e-06,21.2447,0.000332871,21.2444,0.0
228,29,1.67000320435,0.0796920922556,5.34057617187e-06,20.1297,0.000292633,20.1294,0.0
266,34,1.73000305176,0.0837241669907,1.52587890625e-06,19.9311,0.000129828,19.931,0.0
305,39,1.50000259399,0.082036989663,3.0517578125e-06,20.0534,0.000108676,20.0533,0.0
343,44,1.55000312805,0.0835829188151,5.34057617187e-06,20.401,6.77785e-05,20.401,0.0
381,49,1.61000328064,0.0816932455311,3.0517578125e-06,18.979,3.74305e-05,18.979,0.0
420,54,1.67000305176,0.0783371014567,3.81469726562e-06,18.6465,3.73028e-05,18.6464,0.0
459,59,1.48000396729,0.0795078375179,6.86645507813e-06,18.7326,4.62836e-05,18.7326,0.0
497,64,1.4100037384,0.0760938977182,5.34057617187e-06,19.6566,3.37152e-05,19.6565,0.0
536,69,1.48000358582,0.0738957608881,2.28881835937e-06,19.1785,2.42283e-05,19.1785,0.0
574,74,1.49000312805,0.0789985272914,6.103515625e-06,19.2877,1.53489e-05,19.2877,0.0
612,79,1.38000350952,0.069617090094,5.34057617187e-06,19.5391,1.79427e-05,19.5391,0.0
651,84,1.39000312805,0.0688924443013,5.34057617187e-06,19.1857,1.60949e-05,19.1857,0.0
689,89,1.42000350952,0.0721783689877,1.52587890625e-06,18.6495,1.27283e-05,18.6494,0.0
727,94,1.4200037384,0.0685399143258,6.103515625e-06,18.4512,1.11229e-05,18.4512,0.0
766,99,1.47000411987,0.0753628575562,2.28881835937e-06,18.8785,8.56861e-06,18.8785,0.0
804,104,1.40000274658,0.0768840308915,3.0517578125e-06,17.6875,8.15821e-06,17.6875,0.0
842,109,1.39000305176,0.0721914111442,4.57763671875e-06,17.8798,7.09039e-06,17.8798,0.0
881,114,1.48000267029,0.0807247542706,3.0517578125e-06,18.0098,6.38951e-06,18.0098,0.0
919,119,1.26000358582,0.0770234109904,2.28881835937e-06,18.2826,1.46318e-05,18.2826,0.0
958,124,1.34000350952,0.072901260838,7.62939453125e-07,18.5122,5.9865e-06,18.5122,0.0
996,129,1.25000358582,0.069819027234,5.34057617187e-06,18.6193,3.59889e-06,18.6193,0.0
1034,134,1.32000289917,0.0701587790626,2.28881835937e-06,18.9725,0.000132066,18.9724,0.0
1073,139,1.32000350952,0.0719051149919,3.0517578125e-06,17.6697,4.44262e-06,17.6697,0.0
1111,144,1.29000343323,0.0685461765538,4.57763671875e-06,17.4463,3.18402e-06,17.4463,0.0
1149,149,1.32000289917,0.0762336294877,6.86645507813e-06,18.1228,3.56308e-06,18.1228,0.0
1187,154,1.29000328064,0.0652446481673,2.28881835937e-06,17.6758,2.43661e-06,17.6758,0.0
1226,159,1.17000396729,0.0696182998503,4.57763671875e-06,17.3692,3.74192e-06,17.3692,0.0
1264,164,1.2800038147,0.0659419541646,4.57763671875e-06,17.6297,1.04504e-05,17.6297,0.0
1302,169,1.28000389099,0.0723784431382,6.86645507813e-06,17.5063,4.46904e-06,17.5063,0.0
1340,174,1.2500037384,0.0690437078834,7.62939453125e-07,18.0047,2.23754e-06,18.0047,0.0
1379,179,1.33000320435,0.0749648232257,5.34057617187e-06,18.1159,5.75278e-06,18.1159,0.0
1417,184,1.30000305176,0.070928238181,5.34057617187e-06,17.4512,2.49145e-06,17.4512,0.0
1455,189,1.24000350952,0.06870761887,3.81469726562e-06,16.8906,2.10403e-06,16.8906,0.0
1493,194,1.1800038147,0.0765956372925,2.28881835937e-06,17.3098,1.28626e-06,17.3098,0.0
1531,199,1.30000358582,0.0712617022044,2.28881835937e-06,18.3208,1.44401e-05,18.3208,0.0
1569,204,1.30000366211,0.0704708534389,5.34057617187e-06,17.6911,1.7774e-06,17.6911,0.0
1607,209,1.23000335693,0.0668003211549,6.103515625e-06,17.6425,2.09564e-06,17.6425,0.0
1644,214,1.18000297546,0.0629809286131,2.28881835937e-06,17.3261,4.24729e-06,17.3261,0.0
1682,219,1.22000305176,0.0696479140752,2.28881835937e-06,17.3974,1.81912e-06,17.3974,0.0
1720,224,1.13000312805,0.0683659413675,3.0517578125e-06,17.4217,1.65578e-06,17.4217,0.0
1758,229,1.14000350952,0.0654214254654,6.86645507813e-06,17.5585,1.40905e-06,17.5585,0.0
1795,234,1.24000259399,0.0667377397377,6.103515625e-06,16.8119,4.69299e-06,16.8119,0.0
1833,239,1.25000411987,0.0698741425409,1.52587890625e-06,17.3068,1.6415e-06,17.3068,0.0
1841,240,1.29000366211,0.0779634792752,3.81469726562e-06,16.689,1.05023e-06,16.689,0.0
1850,241,1.26000305176,0.0699787746093,6.103515625e-06,17.2754,1.56521e-06,17.2754,0.0
1858,242,1.31000328064,0.0707177429342,3.81469726562e-06,17.9135,4.26121e-06,17.9135,0.0
1866,243,1.3200038147,0.0752976438293,3.0517578125e-06,17.1061,1.1909e-06,17.1061,0.0
1875,244,1.26000320435,0.0699791787189,3.81469726562e-06,17.3089,3.43061e-06,17.3089,0.0
1883,245,1.15000358582,0.0664749353556,3.81469726562e-06,17.3803,1.36613e-06,17.3803,0.0
1892,246,1.29000312805,0.0738586739016,0.0,17.2563,2.1719e-06,17.2563,0.0
1900,247,1.20000312805,0.0616314972563,4.57763671875e-06,17.4216,2.66427e-06,17.4216,0.0
1909,248,1.16000289917,0.0666650388595,5.34057617187e-06,16.6496,3.26251e-06,16.6496,0.0
1917,249,1.25000343323,0.0722694982381,2.28881835937e-06,17.4023,1.08242e-06,17.4023,0.0
