165,4,8.66000087738,0.356542103998,0.0,13.8426,0.00829215,13.8343,0.0
346,9,6.0800006485,0.243037213013,0.0,10.8252,0.00209225,10.8231,0.0
535,14,4.20000034332,0.171218357515,0.0,9.64184,0.000634303,9.64121,0.0
725,19,3.59000087738,0.160546289466,0.0,9.96201,0.000174372,9.96183,0.0
916,24,2.96000076294,0.142549484612,0.0,9.08163,0.000115352,9.08151,0.0
1108,29,2.73000099182,0.122678548128,0.0,9.21745,4.56633e-05,9.2174,0.0
1300,34,2.79000091553,0.133392705701,0.0,9.21553,0.000106589,9.21543,0.0
1488,39,2.49000102997,0.135896524506,0.0,8.40758,7.20508e-05,8.4075,0.0
1673,44,2.36000080109,0.125247929857,0.0,8.36402,1.4791e-05,8.36401,0.0
1858,49,2.12000083923,0.108090623702,0.0,8.33892,5.80064e-06,8.33891,0.0
2044,54,2.3100006485,0.124588983594,0.0,8.32786,6.07948e-06,8.32786,0.0
2228,59,2.30000114441,0.127950329391,0.0,8.92385,1.28032e-05,8.92384,0.0
2413,64,2.30000102997,0.1361841161,0.0,8.13517,3.33067e-06,8.13517,0.0
2598,69,2.03000118256,0.136403935324,0.0,7.88212,4.00055e-06,7.88212,0.0
2784,74,2.00000091553,0.114281422696,0.0,7.78571,3.39025e-06,7.7857,0.0
2976,79,2.05000087738,0.116433768225,0.0,7.85146,5.86848e-05,7.8514,0.0
3169,84,1.81000118256,0.106065661704,0.0,7.86767,9.59082e-06,7.86766,0.0
3362,89,1.68000099182,0.112876219301,0.0,7.98235,1.24692e-06,7.98235,0.0
3554,94,1.66000083923,0.106357776671,0.0,8.05584,7.79626e-07,8.05584,0.0
3746,99,1.85000095367,0.127645968913,0.0,7.7687,2.9015e-06,7.7687,0.0
3938,104,1.80000091553,0.123912146353,0.0,7.94672,2.64402e-06,7.94671,0.0
4130,109,1.79000099182,0.103395918544,0.0,7.63052,1.31845e-06,7.63052,0.0
4323,114,1.73000087738,0.112700510675,0.0,7.81436,1.09433e-06,7.81436,0.0
4515,119,1.80000141144,0.119832634442,0.0,7.70568,1.49011e-06,7.70568,0.0
4708,124,1.58000061035,0.103491942599,0.0,8.17196,8.39232e-07,8.17196,0.0
4897,129,1.49000076294,0.097490302156,0.0,8.01869,1.8644e-06,8.01868,0.0
5084,134,1.85000076294,0.127047920174,0.0,7.72541,2.14813e-06,7.72541,0.0
5273,139,1.63000087738,0.104174914921,0.0,7.56964,6.58034e-07,7.56964,0.0
5464,144,1.58000072479,0.104874088674,0.0,7.62025,8.20152e-07,7.62025,0.0
5651,149,1.74000061035,0.108183258028,0.0,7.697,2.14567e-06,7.697,0.0
5840,154,1.57000095367,0.108084190712,0.0,7.37006,5.00678e-07,7.37006,0.0
6030,159,1.51000068665,0.102335111726,0.0,7.5514,5.24518e-07,7.5514,0.0
6218,164,1.67000091553,0.121759252892,0.0,7.14558,3.02791e-07,7.14558,0.0
6407,169,1.59000095367,0.102197611868,0.0,7.74791,3.17096e-07,7.74791,0.0
6596,174,1.62000083923,0.117077627333,0.0,7.48374,2.26498e-07,7.48374,0.0
6784,179,1.70000125885,0.122911820741,0.0,7.72671,1.57356e-07,7.72671,0.0
6974,184,1.55000083923,0.107217094477,0.0,7.91613,5.65049e-07,7.91613,0.0
7164,189,1.48000091553,0.10571764664,0.0,7.79085,1.16108e-06,7.79085,0.0
7353,194,1.60000083923,0.107103994111,0.0,7.41635,1.64509e-07,7.41635,0.0
7541,199,1.57000087738,0.10254973472,0.0,7.57447,4.05311e-07,7.57447,0.0
7730,204,1.55000072479,0.123482839657,0.0,7.55904,1.83582e-07,7.55904,0.0
7920,209,1.53000114441,0.111418007741,0.0,7.53165,6.43722e-07,7.53165,0.0
8111,214,1.63000095367,0.123567645231,0.0,7.1408,1.38283e-07,7.1408,0.0
8301,219,1.49000118256,0.110401773763,0.0,7.39717,2.50339e-07,7.39717,0.0
8491,224,1.60000072479,0.10353274721,0.0,7.23068,1.19209e-07,7.23068,0.0
8682,229,1.47000106812,0.103510558716,0.0,7.65406,2.55108e-07,7.65406,0.0
8872,234,1.56000106812,0.107363887787,0.0,7.16534,2.21729e-07,7.16534,0.0
9063,239,1.6000012207,0.103540528062,0.0,7.36821,2.81333e-07,7.36821,0.0
9107,240,1.48000095367,0.102369343485,0.0,7.15512,1.47819e-07,7.15512,0.0
9151,241,1.40000102997,0.106654431801,0.0,7.39148,4.36305e-07,7.39148,0.0
9196,242,1.49000076294,0.106899037204,0.0,7.29876,2.3365e-07,7.29876,0.0
9239,243,1.48000099182,0.105976679396,0.0,7.28625,2.09808e-07,7.28625,0.0
9283,244,1.38000125885,0.100135487953,0.0,7.12095,5.48363e-08,7.12095,0.0
9327,245,1.44000110626,0.111498488838,0.0,7.53921,1.23978e-07,7.53921,0.0
9371,246,1.38000095367,0.0965987394697,0.0,7.68295,1.12057e-07,7.68295,0.0
9414,247,1.43000087738,0.100302676361,0.0,7.47497,6.67572e-08,7.47497,0.0
9459,248,1.52000068665,0.112721678968,0.0,7.26847,2.55107e-07,7.26847,0.0
9503,249,1.36000091553,0.0951975582809,0.0,7.25417,7.17634e-07,7.25417,0.0
