252,4,5.20999855042,0.218437951803,0.0,6.58293,0.00214436,6.58078,0.0
504,9,3.31000038147,0.156586806532,7.62939453125e-06,5.50643,0.000229809,5.5062,0.0
754,14,5.34999809265,0.371205993444,0.0,5.3772,0.000889394,5.37631,0.0
1004,19,3.01000068665,0.167649492212,7.62939453125e-06,5.27804,1.6088e-05,5.27803,0.0
1251,24,2.77000038147,0.158763336963,7.62939453125e-06,5.10342,2.52841e-06,5.10341,0.0
1498,29,2.76000053406,0.17098425975,0.0,4.74012,5.31625e-06,4.74011,0.0
1745,34,2.45000083923,0.150277328554,7.62939453125e-06,4.64681,1.64425e-05,4.64679,0.0
1993,39,2.86000099182,0.184210250834,7.62939453125e-06,4.79623,4.68492e-07,4.79623,0.0
2240,44,2.38000106812,0.152952807183,7.62939453125e-06,4.69178,1.06096e-06,4.69178,0.0
2489,49,2.58000091553,0.160770962451,0.0,4.73623,9.84661e-07,4.73623,0.0
2738,54,2.230001297,0.138342327423,0.0,4.81673,9.46518e-07,4.81673,0.0
2987,59,2.42000114441,0.155810790545,7.62939453125e-06,4.47335,1.11235e-05,4.47334,0.0
3235,64,2.11000205994,0.160266633313,7.62939453125e-06,4.7518,4.68491e-07,4.7518,0.0
3483,69,2.36000106812,0.167204840655,7.62939453125e-06,4.62551,1.13249e-07,4.62551,0.0
3733,74,2.33000076294,0.165644012848,7.62939453125e-06,4.72078,3.05175e-07,4.72077,0.0
3982,79,2.37000038147,0.160399257803,0.0,4.41263,2.08616e-07,4.41263,0.0
4230,84,2.3900012207,0.165229532039,0.0,4.38312,1.77621e-07,4.38312,0.0
4478,89,2.39000061035,0.174587242969,7.62939453125e-06,4.33754,1.93119e-07,4.33754,0.0
4726,94,2.20000144958,0.167249262779,0.0,4.40871,6.19888e-08,4.40871,0.0
4974,99,2.25000190735,0.164477942281,0.0,4.31499,1.39475e-07,4.31499,0.0
5219,104,2.37000106812,0.164162493776,0.0,4.56594,2.49147e-07,4.56593,0.0
5467,109,2.16000114441,0.159716920894,0.0,4.33524,3.21865e-08,4.33524,0.0
5715,114,2.07000068665,0.153082257322,0.0,4.49971,9.41752e-08,4.49971,0.0
5961,119,2.15000099182,0.156879220304,0.0,4.52002,1.80706e-06,4.52002,0.0
6209,124,2.06000137329,0.158111934317,0.0,4.56962,1.0848e-07,4.56962,0.0
6457,129,2.04000175476,0.15946159658,7.62939453125e-06,4.38619,2.6226e-08,4.38619,0.0
6704,134,2.24000114441,0.170921175932,0.0,3.92704,5.2452e-08,3.92704,0.0
6957,139,1.98000144958,0.148268741859,7.62939453125e-06,4.70401,1.0252e-07,4.70401,0.0
7206,144,2.15000137329,0.169622089497,7.62939453125e-06,3.94318,2.50339e-08,3.94318,0.0
7453,149,2.14000152588,0.168064105511,0.0,4.61485,3.8147e-08,4.61485,0.0
7702,154,2.20000083923,0.169466430644,7.62939453125e-06,4.49964,1.5378e-07,4.49964,0.0
7948,159,2.30000068665,0.176508572681,7.62939453125e-06,4.11103,2.86102e-08,4.11103,0.0
8194,164,2.08000083923,0.157080105166,7.62939453125e-06,4.40986,3.33786e-08,4.40986,0.0
8440,169,2.23000083923,0.168170999933,7.62939453125e-06,4.44551,2.14575e-07,4.44551,0.0
8690,174,2.30000099182,0.179989112144,7.62939453125e-06,4.04276,1.90735e-08,4.04276,0.0
8939,179,2.1800012207,0.176046907309,7.62939453125e-06,4.61395,7.51017e-08,4.61395,0.0
9186,184,2.05000167847,0.160279038711,0.0,4.26149,5.96046e-09,4.26149,0.0
9432,189,2.18000137329,0.159595554746,0.0,4.22947,8.34465e-09,4.22947,0.0
9670,194,2.05000160217,0.167951931198,7.62939453125e-06,4.13288,5.96046e-09,4.13288,0.0
9906,199,2.13000083923,0.164074702704,0.0,4.30115,2.38419e-09,4.30115,0.0
10140,204,1.9900012207,0.15717989837,7.62939453125e-06,4.44373,2.26498e-08,4.44373,0.0
10375,209,2.09000076294,0.170494675009,7.62939453125e-06,4.69433,1.54604e-06,4.69433,0.0
10607,214,2.03000076294,0.162485618352,7.62939453125e-06,3.94524,5.96046e-09,3.94524,0.0
10842,219,2.09000106812,0.161947017529,7.62939453125e-06,4.10196,4.76837e-09,4.10196,0.0
11073,224,1.97000114441,0.170378563771,0.0,4.46285,2.26498e-08,4.46285,0.0
11305,229,2.04000076294,0.172476789715,7.62939453125e-06,3.94825,0.0,3.94825,0.0
11538,234,1.99000190735,0.15610651685,0.0,4.18675,7.15255e-09,4.18675,0.0
11769,239,1.8900012207,0.164712124989,0.0,3.78347,5.72204e-08,3.78347,0.0
11817,240,1.91000160217,0.150349578406,0.0,4.26701,0.0,4.26701,0.0
11866,241,1.93000175476,0.158407470215,0.0,4.00373,3.21865e-08,4.00373,0.0
11914,242,1.99000167847,0.16369854153,7.62939453125e-06,4.05796,1.19209e-08,4.05796,0.0
11963,243,1.920001297,0.15578001158,7.62939453125e-06,3.96708,1.19209e-09,3.96708,0.0
12011,244,1.8700012207,0.150980957353,7.62939453125e-06,4.23606,2.38419e-09,4.23606,0.0
12061,245,1.93000205994,0.155252632907,7.62939453125e-06,4.04011,8.34465e-09,4.04011,0.0
12109,246,1.92000114441,0.155398201173,7.62939453125e-06,3.77725,3.57628e-09,3.77725,0.0
12158,247,1.91000183105,0.161336419685,7.62939453125e-06,4.77804,7.15255e-09,4.77804,0.0
12207,248,1.91000114441,0.158133397244,7.62939453125e-06,4.14063,2.38419e-09,4.14063,0.0
12255,249,1.99000190735,0.155066905544,0.0,4.62086,1.07288e-08,4.62086,0.0
