65,4,4.17999862671,0.19945463784,1.52587890625e-06,43.2192,0.0490747,43.1701,0.0
135,9,2.97999992371,0.135561363436,3.81469726562e-06,35.2353,0.0138121,35.2215,0.0
203,14,2.96000007629,0.123492570166,3.81469726562e-06,32.7394,0.00540396,32.734,0.0
271,19,2.58000091553,0.116958165206,7.62939453125e-07,32.0086,0.00489045,32.0037,0.0
339,24,2.36000030518,0.102610616833,7.62939453125e-06,29.6632,0.00223537,29.661,0.0
407,29,1.90000083923,0.0852000685525,6.103515625e-06,28.7336,0.00150022,28.7321,0.0
475,34,2.13000061035,0.0971998281823,1.52587890625e-06,30.2675,0.000822292,30.2667,0.0
544,39,2.01000068665,0.0886342996848,0.0,29.6599,0.000658575,29.6593,0.0
611,44,2.13000091553,0.0956001687376,4.57763671875e-06,30.3911,0.000556699,30.3906,0.0
679,49,2.30000061035,0.105250759737,6.103515625e-06,28.2097,0.00136832,28.2083,0.0
748,54,2.15000106812,0.0865989165683,7.62939453125e-07,28.2304,0.000215661,28.2302,0.0
816,59,1.91000106812,0.0903627549182,3.81469726562e-06,28.5026,0.000273798,28.5023,0.0
884,64,1.84000106812,0.084798578209,3.81469726562e-06,28.5849,0.000183211,28.5847,0.0
952,69,1.98000061035,0.0834429668076,1.52587890625e-06,27.8616,0.00024111,27.8614,0.0
1020,74,1.94000106812,0.0912155430112,7.62939453125e-07,28.0329,0.000163206,28.0327,0.0
1088,79,1.95000137329,0.0851894479385,7.62939453125e-07,27.4714,0.000239181,27.4712,0.0
1155,84,1.8300012207,0.0839387375023,1.52587890625e-06,28.0576,0.000126028,28.0575,0.0
1223,89,1.8600012207,0.0806653720886,3.81469726562e-06,27.17,0.000139518,27.1699,0.0
1290,94,1.87000099182,0.0972347007354,4.57763671875e-06,27.4179,8.63671e-05,27.4178,0.0
1358,99,1.86000144958,0.0920849013038,3.81469726562e-06,27.098,5.66966e-05,27.098,0.0
1425,104,1.7000012207,0.0782147137681,6.103515625e-06,27.2164,7.63405e-05,27.2163,0.0
1491,109,2.01000068665,0.0931459037273,7.62939453125e-07,26.0958,0.000213179,26.0956,0.0
1558,114,1.70000144958,0.0840620300418,1.52587890625e-06,25.888,3.97862e-05,25.888,0.0
1625,119,1.84000144958,0.0932166830794,3.81469726562e-06,26.7031,8.02887e-05,26.703,0.0
1692,124,1.65000160217,0.0898769371444,0.0,26.7905,0.000133357,26.7904,0.0
1758,129,1.770001297,0.0903575306432,3.0517578125e-06,26.6391,8.23671e-05,26.639,0.0
1825,134,1.620001297,0.0778565151501,7.62939453125e-07,26.8464,5.72547e-05,26.8463,0.0
1892,139,1.7900012207,0.0928352797392,3.81469726562e-06,26.3958,3.818e-05,26.3957,0.0
1959,144,1.73000175476,0.0832495164016,7.62939453125e-07,26.7203,9.55321e-05,26.7202,0.0
2026,149,1.670001297,0.0837103960378,1.52587890625e-06,28.5196,5.54369e-05,28.5195,0.0
2092,154,1.85000106812,0.0887716918113,5.34057617187e-06,26.1624,8.28303e-05,26.1624,0.0
2159,159,1.71000137329,0.0873513249523,0.0,26.7459,3.1919e-05,26.7458,0.0
2226,164,1.60000114441,0.0828369173361,1.52587890625e-06,26.079,4.49338e-05,26.079,0.0
2293,169,1.62000114441,0.0841014180158,5.34057617187e-06,25.5833,2.4108e-05,25.5833,0.0
2361,174,1.730001297,0.0811131162639,4.57763671875e-06,25.743,0.000154925,25.7428,0.0
2427,179,1.6600012207,0.0834547712348,7.62939453125e-07,25.9029,2.63809e-05,25.9028,0.0
2494,184,1.67000175476,0.0846596697229,4.57763671875e-06,26.5065,1.16071e-05,26.5065,0.0
2562,189,1.540001297,0.0869162589055,7.62939453125e-07,25.6466,3.34536e-05,25.6466,0.0
2629,194,1.75000137329,0.0819443607714,5.34057617187e-06,24.8841,5.88328e-05,24.884,0.0
2695,199,1.59000144958,0.076184668534,2.28881835937e-06,25.5624,2.0587e-05,25.5623,0.0
2762,204,1.470001297,0.0783114977391,2.28881835937e-06,25.3584,2.35015e-05,25.3584,0.0
2830,209,1.48000144958,0.0822958733607,7.62939453125e-06,26.9575,6.04132e-05,26.9575,0.0
2897,214,1.56000137329,0.0772041820853,6.86645507813e-06,25.8346,2.8395e-05,25.8346,0.0
2964,219,1.6900012207,0.0854995124979,5.34057617187e-06,26.0555,2.91824e-05,26.0555,0.0
3030,224,1.58000099182,0.0845641563056,3.81469726562e-06,25.3327,2.04799e-05,25.3327,0.0
3097,229,1.63000137329,0.0861998143165,3.0517578125e-06,25.2644,5.21986e-05,25.2643,0.0
3164,234,1.64000175476,0.0772982296522,6.103515625e-06,25.8767,3.84724e-05,25.8767,0.0
3232,239,1.6500012207,0.084098725029,7.62939453125e-07,26.242,1.37538e-05,26.242,0.0
3247,240,1.65000068665,0.0843462660525,3.0517578125e-06,25.2168,5.10001e-05,25.2168,0.0
3263,241,1.78000114441,0.0853721199371,1.52587890625e-06,25.5089,1.38917e-05,25.5089,0.0
3285,242,1.65000137329,0.0859880450787,3.0517578125e-06,24.8861,2.48242e-05,24.8861,0.0
3307,243,1.52000175476,0.0790276998677,7.62939453125e-07,26.3673,1.31004e-05,26.3673,0.0
3330,244,1.57000091553,0.0833672850786,1.52587890625e-06,26.7291,1.18788e-05,26.7291,0.0
3353,245,1.650001297,0.0856285817182,0.0,25.9942,1.22954e-05,25.9942,0.0
3376,246,1.5800012207,0.0770372401271,3.0517578125e-06,26.6278,1.44939e-05,26.6278,0.0
3399,247,1.63000083923,0.0909150842141,5.34057617187e-06,25.6645,1.90032e-05,25.6645,0.0
3422,248,1.55000114441,0.081272331588,2.28881835937e-06,25.6915,4.75902e-05,25.6915,0.0
3444,249,1.65000183105,0.0863383612677,4.57763671875e-06,24.6576,2.20638e-05,24.6576,0.0
