292,4,8.75000095367,0.363876988217,0.0,9.07202,0.0631362,8.74951,0.259368
603,9,9.58000133514,0.422727524033,0.0,7.85763,0.0291565,7.30388,0.524592
966,14,10.03000103,0.444427734688,0.0,7.28112,0.0209472,6.84582,0.414354
1327,19,10.4900004959,0.495556551311,0.0,7.18105,0.0159975,6.75134,0.413719
1686,24,10.4300008774,0.476909764782,0.0,6.9806,0.0146833,6.49545,0.47046
2047,29,10.440001297,0.51602601774,0.0,6.69006,0.0139253,6.35332,0.322805
2409,34,10.2800006485,0.507365095275,0.0,6.98603,0.0177389,6.56985,0.398443
2767,39,10.2400006104,0.550573930843,0.0,6.6189,0.0101527,6.09506,0.513686
3127,44,10.2000004196,0.522246283442,0.0,6.58125,0.00956883,6.15471,0.416968
3486,49,10.3900008774,0.550167786144,0.0,6.44353,0.00980772,6.05296,0.38076
3847,54,10.2800009155,0.536245570835,0.0,6.776,0.00869476,6.18008,0.587221
4206,59,10.1900017166,0.53595078541,0.0,6.31085,0.00847044,5.96581,0.336568
4564,64,10.2800009155,0.556625421252,0.0,6.20448,0.00861202,5.77171,0.424166
4923,69,10.5100011826,0.562857948169,0.0,6.32099,0.00830194,5.85824,0.454455
5282,74,10.3900011063,0.551860598028,0.0,6.48324,0.0076749,6.05292,0.422653
5637,79,10.3600009155,0.562754375301,0.0,6.46437,0.0073212,5.97116,0.485882
5992,84,10.2100008011,0.557797133806,0.0,6.22191,0.00757365,5.70389,0.510451
6346,89,10.2700014877,0.570824713381,0.0,6.11535,0.00703888,5.75237,0.35594
6702,94,10.3300011826,0.562932485491,0.0,6.35219,0.00783143,5.88902,0.455339
7059,99,10.2700009155,0.574075798877,0.0,6.22029,0.00668329,5.69697,0.516638
7417,104,10.1800012589,0.573648142815,0.0,6.30319,0.00627682,5.85579,0.441124
7773,109,10.2700008774,0.569311302006,0.0,6.06247,0.00633329,5.51287,0.543273
8131,114,10.3000005341,0.573089728868,0.0,6.00612,0.00661581,5.45866,0.540852
8485,119,10.1600011444,0.563015463962,0.0,5.68426,0.00688287,5.42486,0.252524
8840,124,10.3800006104,0.604244322889,0.0,5.98204,0.00665636,5.62239,0.352995
9196,129,10.0200008011,0.564633738906,0.0,5.92254,0.00574592,5.57811,0.338681
9551,134,10.3400008774,0.580420920253,0.0,6.15136,0.00612022,5.54375,0.601495
9906,139,10.0600009537,0.577009699782,0.0,6.44436,0.0057837,6.06463,0.373941
10260,144,10.3000009537,0.589726824667,0.0,5.77948,0.00584834,5.30731,0.466321
10615,149,10.0400008774,0.568292168705,0.0,5.79069,0.00590107,5.35262,0.432165
10965,154,10.1000008011,0.572415546663,0.0,5.80734,0.00569742,5.42589,0.375756
11317,159,10.2200008392,0.596300512743,0.0,6.00862,0.00539517,5.51818,0.485054
11667,164,10.0900004959,0.569782831669,0.0,6.07041,0.00539621,5.59379,0.471218
12015,169,10.1700007629,0.563265034053,0.0,5.66229,0.00560666,5.3112,0.34549
12366,174,10.21000103,0.582004608959,0.0,5.92437,0.00547603,5.61744,0.301446
12718,179,10.1700008774,0.596335450225,0.0,6.184,0.00522121,5.63077,0.548004
13068,184,10.0900011444,0.59260110449,0.0,6.04938,0.00521121,5.43975,0.604413
13416,189,10.1800012589,0.591788800359,0.0,5.83142,0.00514439,5.2463,0.579974
13766,194,10.2100008392,0.588646786022,0.0,6.34256,0.00521879,5.69229,0.645057
14111,199,10.1300011826,0.578066845722,0.0,6.00851,0.0052351,5.58082,0.42246
14458,204,10.2400006485,0.592919238326,0.0,6.17918,0.0056731,5.5353,0.638204
14812,209,10.2500011826,0.599843706638,0.0,5.78111,0.00510564,5.4006,0.375404
15159,214,10.1900009537,0.600438764878,0.0,5.8171,0.0047958,5.24255,0.569763
15506,219,10.0900009537,0.575648636324,0.0,6.18791,0.00489176,5.79798,0.385038
15852,224,10.2900006485,0.600230635181,0.0,6.11495,0.00512647,5.53761,0.572206
16200,229,10.2700011826,0.617567834407,0.0,5.56313,0.00490122,5.11748,0.440747
16545,234,10.2300008392,0.606507503167,0.0,5.81562,0.00494507,5.28731,0.523359
16894,239,10.1300008011,0.588132341166,0.0,5.28852,0.00479632,4.98606,0.297654
16967,240,10.2200008392,0.589055622383,0.0,5.97639,0.00449624,5.56094,0.410953
17038,241,10.1100012207,0.579317480735,0.0,5.62656,0.00514161,5.24818,0.373238
17102,242,10.2200013733,0.604479688406,0.0,5.80087,0.0046996,5.21708,0.579089
17167,243,10.2500008011,0.609649474435,0.0,5.80361,0.0049536,5.12319,0.675468
17233,244,10.17000103,0.585476936139,0.0,5.75063,0.00463101,5.33547,0.410526
17298,245,10.1200008392,0.581335250656,0.0,6.29373,0.00498111,5.81388,0.474864
17364,246,10.1900008392,0.598627233598,0.0,5.93099,0.0050469,5.30558,0.620366
17429,247,10.0500008392,0.575461294092,0.0,5.70557,0.0048877,5.23568,0.465007
17495,248,9.99000114441,0.582646194408,0.0,5.81987,0.00461934,5.29274,0.522509
17561,249,10.1400008392,0.592025566348,0.0,6.15193,0.0047758,5.47919,0.667965
