113.26009964942932,9,89.81,0.49479337886,100.0,6.79484,0.0019316,6.79291,0.0
217.84292793273926,19,91.29,0.441344458461,100.0,6.15398,0.00050994,6.15347,0.0
322.4778251647949,29,91.94,0.437730263621,100.0,6.11165,6.15716e-05,6.11159,0.0
427.79645466804504,39,93.3,0.373552608639,100.0,5.7761,5.91489e-05,5.77604,0.0
532.3362219333649,49,93.31,0.389472423643,100.0,5.41869,5.99558e-05,5.41863,0.0
637.3800439834595,59,93.45,0.383297338113,100.0,5.76274,8.91628e-06,5.76273,0.0
742.506484746933,69,93.25,0.395147256777,100.0,5.42147,1.30863e-05,5.42146,0.0
849.5006618499756,79,93.25,0.432148744389,100.0,5.51561,3.9517e-06,5.51561,0.0
964.4681522846222,89,92.93,0.462395617217,100.0,5.33139,1.24186e-05,5.33138,0.0
1079.383930683136,99,93.0,0.454751400836,100.0,5.9187,2.3272e-05,5.91867,0.0
1194.2245829105377,109,92.99,0.50950899519,100.0,5.23661,1.71779e-06,5.23661,0.0
1309.2889120578766,119,93.46,0.414212517142,100.0,4.98315,1.29103e-06,4.98314,0.0
1423.853185415268,129,93.07,0.438673030958,100.0,5.52281,1.02995e-06,5.52281,0.0
1537.2350959777832,139,93.21,0.454944899529,100.0,5.25742,4.43635e-06,5.25741,0.0
1650.2230687141418,149,93.11,0.466116248891,100.0,4.8108,1.09552e-06,4.8108,0.0
1763.2837805747986,159,92.85,0.522395290621,100.0,4.81794,4.73259e-07,4.81794,0.0
1875.5790143013,169,93.21,0.452437949497,100.0,5.12529,2.26497e-07,5.12529,0.0
1988.0428247451782,179,92.91,0.497824454606,100.0,4.81411,2.94445e-07,4.81411,0.0
2101.05282998085,189,92.93,0.497659411132,100.0,5.08357,1.04664e-06,5.08357,0.0
2213.387393951416,199,93.01,0.47215913482,100.0,4.99056,8.20147e-07,4.99056,0.0
