234,4,8.12000083923,0.349645017758,0.0,13.3289,0.00698322,13.3219,0.0
485,9,4.96000076294,0.196940430105,0.0,11.1284,0.00140447,11.127,0.0
723,14,3.84000125885,0.156460902756,0.0,9.73432,0.000413794,9.73391,0.0
958,19,3.36000102997,0.14864250595,0.0,10.0448,0.000123147,10.0447,0.0
1194,24,2.73000091553,0.12175783598,0.0,9.18813,7.94355e-05,9.18805,0.0
1429,29,2.55000083923,0.116205261626,0.0,8.76208,2.10296e-05,8.76205,0.0
1663,34,2.60000099182,0.119923939753,0.0,8.82866,2.53796e-05,8.82864,0.0
1896,39,2.55000106812,0.138000060777,0.0,9.14623,1.286e-05,9.14622,0.0
2129,44,2.1700005722,0.111038219784,0.0,8.34998,4.25869e-05,8.34994,0.0
2362,49,2.25000110626,0.127616880044,0.0,8.3623,1.07262e-05,8.36229,0.0
2596,54,2.18000099182,0.123378324296,0.0,8.31209,3.63109e-06,8.31208,0.0
2829,59,2.11000114441,0.109040793091,0.0,8.22589,3.19002e-06,8.22589,0.0
3062,64,2.05000099182,0.114250253676,0.0,7.9048,2.54153e-06,7.9048,0.0
3295,69,1.89000091553,0.112967670682,0.0,8.37579,2.98733e-06,8.37579,0.0
3528,74,2.19000106812,0.118764008953,0.0,8.64943,2.74179e-06,8.64943,0.0
3761,79,1.82000072479,0.109840780093,0.0,8.18688,2.31263e-06,8.18688,0.0
3995,84,1.82000102997,0.104269641693,0.0,7.85588,3.85515e-06,7.85587,0.0
4229,89,1.87000091553,0.111556496176,0.0,8.02073,1.49249e-06,8.02073,0.0
4462,94,1.8100006485,0.117140264593,0.0,7.4992,1.10864e-06,7.4992,0.0
4696,99,1.75000099182,0.113717270525,0.0,7.58734,1.57355e-06,7.58734,0.0
4929,104,1.69000099182,0.102631152856,0.0,7.53153,1.57832e-06,7.53152,0.0
5163,109,1.75000083923,0.110474634679,0.0,7.50604,1.50679e-06,7.50604,0.0
5397,114,1.73000080109,0.112655370042,0.0,7.91528,3.98159e-07,7.91528,0.0
5630,119,1.760001297,0.111051452527,0.0,7.77066,2.3365e-07,7.77066,0.0
5863,124,1.78000072479,0.10697724958,0.0,7.54054,5.96044e-07,7.54054,0.0
6096,129,1.72000110626,0.106335370696,0.0,7.63709,2.9087e-07,7.63709,0.0
6329,134,1.70000091553,0.100096682234,0.0,8.05691,2.77508e-06,8.0569,0.0
6562,139,1.79000080109,0.116758127484,0.0,7.42227,1.70941e-06,7.42226,0.0
6796,144,1.61000083923,0.110421112926,0.0,7.64289,8.63071e-07,7.64289,0.0
7029,149,1.65000102997,0.106039750762,0.0,7.42622,6.98564e-07,7.42621,0.0
7261,154,1.72000041962,0.111296906204,0.0,7.29856,4.83988e-07,7.29856,0.0
7495,159,1.64000125885,0.107865677022,0.0,7.97179,3.0756e-07,7.97179,0.0
7728,164,1.55000080109,0.103138875668,0.0,7.31802,2.9087e-07,7.31802,0.0
7962,169,1.72000095367,0.112468553301,0.0,7.45118,1.74045e-07,7.45118,0.0
8195,174,1.69000072479,0.103906385701,0.0,7.45225,3.40938e-07,7.45225,0.0
8435,179,1.66000072479,0.108071572846,0.0,7.31304,4.62531e-07,7.31304,0.0
8694,184,1.51000091553,0.112522084373,0.0,7.52022,2.86102e-07,7.52022,0.0
8975,189,1.64000061035,0.106048883675,0.0,7.60542,0.000120067,7.6053,0.0
9316,194,1.56000072479,0.094119072974,0.0,7.42961,3.26633e-07,7.42961,0.0
9642,199,1.61000106812,0.12171558943,0.0,7.78817,3.93389e-07,7.78817,0.0
9968,204,1.5600006485,0.109780669019,0.0,7.21335,5.48363e-08,7.21335,0.0
10295,209,1.65000114441,0.108420665818,0.0,7.53263,2.12192e-07,7.53263,0.0
10621,214,1.75000083923,0.121970620859,0.0,7.26239,5.03059e-07,7.26239,0.0
10948,219,1.540001297,0.0984469769956,0.0,7.15892,1.45435e-07,7.15892,0.0
11275,224,1.51000087738,0.102899120202,0.0,7.4022,3.57628e-08,7.4022,0.0
11601,229,1.67000083923,0.117580801584,0.0,7.23303,7.15255e-08,7.23303,0.0
11927,234,1.52000102997,0.116032547945,0.0,7.29086,2.50338e-07,7.29086,0.0
12255,239,1.65000061035,0.107486123549,0.0,7.42232,1.14441e-07,7.42232,0.0
12328,240,1.72000114441,0.116284286438,0.0,7.24117,1.54972e-07,7.24117,0.0
12403,241,1.59000095367,0.104281505354,0.0,8.12432,3.64778e-07,8.12432,0.0
12476,242,1.57000095367,0.104233915187,0.0,7.16493,8.58306e-08,7.16493,0.0
12550,243,1.58000102997,0.113291578368,0.0,7.49322,1.40667e-07,7.49322,0.0
12623,244,1.50000087738,0.117209208217,0.0,7.49705,9.53673e-08,7.49705,0.0
12698,245,1.550001297,0.117743295807,0.0,7.46248,3.09944e-08,7.46248,0.0
12772,246,1.53000095367,0.107576741027,0.0,7.07702,1.90735e-08,7.07702,0.0
12845,247,1.58000080109,0.105595028282,0.0,7.1126,2.14577e-08,7.1126,0.0
12920,248,1.61000095367,0.118147544084,0.0,7.41555,2.52723e-07,7.41555,0.0
12994,249,1.55000099182,0.109418630645,0.0,7.1357,4.05311e-08,7.1357,0.0
