365,4,5.45000095367,0.258376742937,0.0,9.60737,0.0634829,9.25229,0.291599
732,9,3.38000076294,0.156436220873,0.0,7.70122,0.0281961,7.32243,0.350595
1096,14,2.76000076294,0.120152859157,0.0,7.66366,0.0179706,7.17034,0.475349
1459,19,2.47000106812,0.111985130096,0.0,7.55574,0.0143872,7.10429,0.43706
1817,24,2.4000006485,0.111416061595,0.0,7.55148,0.0122139,7.15855,0.38072
2165,29,2.37000099182,0.104588173041,0.0,7.13989,0.0103207,6.63759,0.491982
2513,34,2.19000083923,0.0969948558509,0.0,6.60717,0.00940671,6.22503,0.372733
2859,39,2.23000110626,0.100204160907,0.0,6.71349,0.00854676,6.29498,0.409964
3207,44,2.11000125885,0.0912304362375,0.0,6.70713,0.00760857,6.27457,0.424945
3555,49,2.2300012207,0.0982108565234,0.0,6.55017,0.00804379,6.01944,0.522683
3903,54,2.06000133514,0.0988136378722,0.0,6.72962,0.00747387,6.19695,0.525199
4250,59,2.12000133514,0.0933587600407,0.0,6.80823,0.00685573,6.30981,0.491562
4598,64,2.08000137329,0.0856206750195,0.0,6.48865,0.00626576,6.14006,0.342329
4945,69,2.01000102997,0.0868960507796,0.0,6.58577,0.00634793,5.96804,0.611386
5292,74,1.93000110626,0.085780356701,0.0,6.5381,0.00606206,6.21151,0.320523
5639,79,2.02000087738,0.0877636798541,0.0,6.14374,0.00595368,5.81056,0.327225
5987,84,1.99000095367,0.0969683650555,0.0,6.25355,0.00555274,5.9442,0.303797
6334,89,1.89000091553,0.0907730537793,0.0,6.3021,0.00557193,5.86995,0.426572
6681,94,2.03000110626,0.0935874346411,0.0,6.37698,0.0052246,6.02773,0.344027
7029,99,1.88000091553,0.0833434593282,0.0,6.19317,0.0052783,5.82461,0.363284
7374,104,1.94000083923,0.08239839677,0.0,6.24595,0.00489898,5.8761,0.364954
7674,109,1.8800005722,0.083219676849,0.0,6.35644,0.00511004,5.9985,0.352834
7962,114,1.84000110626,0.0900161219924,0.0,6.36339,0.00457366,5.79397,0.564853
8253,119,1.82000091553,0.08417156148,0.0,6.06382,0.00530455,5.68429,0.374233
8544,124,1.73000125885,0.0821996740415,0.0,5.94783,0.00456389,5.57248,0.370789
8834,129,1.84000114441,0.0913547950541,0.0,6.08764,0.00480455,5.6664,0.416426
9126,134,1.850001297,0.0848712921864,0.0,6.18141,0.00458574,5.79423,0.382594
9416,139,1.8100005722,0.0890415681177,0.0,6.19717,0.00466255,5.68448,0.508024
9707,144,1.80000106812,0.080591750266,0.0,5.84457,0.00411614,5.43866,0.401788
9999,149,1.85000083923,0.0831565094064,0.0,6.49212,0.00461303,6.21445,0.273062
10289,154,1.71000095367,0.0801494643255,0.0,5.79925,0.00506675,5.32758,0.466601
10580,159,1.75000091553,0.0868695398024,0.0,6.00054,0.0042735,5.58017,0.416091
10870,164,1.85000087738,0.0860940092476,0.0,6.11619,0.00448618,5.70625,0.405449
11161,169,1.85000114441,0.0826851803949,0.0,6.01317,0.00416414,5.71115,0.297851
11452,174,1.71000095367,0.083533361305,0.0,5.9022,0.00390892,5.51057,0.387718
11742,179,1.75000087738,0.0852300068736,0.0,5.77713,0.00394458,5.33962,0.433563
12034,184,1.75000049591,0.0832301598112,0.0,5.86091,0.00391801,5.49152,0.365469
12325,189,1.78000118256,0.0856033397932,0.0,6.02328,0.00396382,5.60644,0.412869
12616,194,1.81000106812,0.0842361369287,0.0,6.14057,0.0041045,5.59184,0.54462
12906,199,1.69000091553,0.0773363326001,0.0,5.75882,0.0047076,5.34342,0.410688
13197,204,1.87000118256,0.084314132249,0.0,6.18783,0.00402411,5.69059,0.493207
13488,209,1.80000106812,0.0863530402887,0.0,6.09864,0.00432421,5.53967,0.554645
13779,214,1.84000099182,0.082030467554,0.0,5.7385,0.0036234,5.36217,0.372702
14089,219,1.71000110626,0.0814887707587,0.0,5.70673,0.00366717,5.23078,0.472274
14406,224,1.74000133514,0.0784132121608,0.0,5.84768,0.00363632,5.42576,0.418287
14724,229,1.80000091553,0.0869714332139,0.0,5.70495,0.00353039,5.34349,0.357929
15041,234,1.81000102997,0.0832187306718,0.0,5.93576,0.00433321,5.39425,0.537176
15357,239,1.69000087738,0.0838308729487,0.0,5.69086,0.00361072,5.35629,0.330964
15424,240,1.72000083923,0.084051859777,0.0,5.67636,0.00356511,5.29746,0.37534
15492,241,1.77000095367,0.0842563409149,0.0,6.03247,0.00334034,5.58269,0.446442
15559,242,1.70000072479,0.0842158055713,0.0,5.5844,0.0034718,5.2411,0.339828
15626,243,1.68000099182,0.0841044120875,0.0,5.77106,0.00360676,5.4381,0.329347
15693,244,1.75000110626,0.0907494003465,0.0,5.73452,0.00382206,5.27751,0.453189
15760,245,1.77000072479,0.0863408560154,0.0,5.63333,0.00347843,5.16392,0.465929
15827,246,1.71000076294,0.082752229328,0.0,5.40806,0.00345523,5.14217,0.262433
15893,247,1.75000137329,0.0816618029331,0.0,5.67857,0.00355685,5.29171,0.383301
15960,248,1.82000095367,0.0852393500903,0.0,6.2078,0.003584,5.77921,0.425009
16027,249,1.71000091553,0.081040202321,0.0,5.71032,0.00342853,5.26892,0.437963
