170,4,3.26000045776,0.154187694751,3.0517578125e-06,12.8022,0.00282721,12.7993,0.0
344,9,2.6900012207,0.136846411815,7.62939453125e-07,10.6253,0.000894137,10.6244,0.0
518,14,2.44000152588,0.131759449183,5.34057617187e-06,10.1191,0.000173776,10.119,0.0
692,19,2.31000091553,0.126357458105,4.57763671875e-06,9.67435,5.00156e-05,9.6743,0.0
868,24,2.06000152588,0.118605260975,3.81469726562e-06,9.75885,0.000105591,9.75875,0.0
1042,29,2.020001297,0.121426905463,3.0517578125e-06,9.74787,2.31557e-05,9.74785,0.0
1217,34,1.81000137329,0.108144736261,1.52587890625e-06,9.21607,5.52837e-05,9.21601,0.0
1391,39,1.8700012207,0.1171927916,5.34057617187e-06,8.9147,6.94862e-06,8.91469,0.0
1562,44,1.71000213623,0.102796484871,4.57763671875e-06,9.63612,1.16293e-05,9.63611,0.0
1737,49,1.71000175476,0.109423213925,2.28881835937e-06,9.19562,1.08289e-05,9.19561,0.0
1912,54,1.66000213623,0.11000536567,4.57763671875e-06,9.37108,2.81809e-06,9.37108,0.0
2085,59,1.66000114441,0.109512978407,3.0517578125e-06,8.80388,8.88647e-06,8.80387,0.0
2262,64,1.62000183105,0.105139699555,2.28881835937e-06,9.05699,7.03337e-05,9.05692,0.0
2436,69,1.64000160217,0.108701327781,3.0517578125e-06,8.58741,4.98045e-06,8.58741,0.0
2609,74,1.63000244141,0.0937563973309,5.34057617187e-06,8.98384,0.00010821,8.98373,0.0
2783,79,1.63000190735,0.111941626624,4.57763671875e-06,8.37281,1.99629e-05,8.37279,0.0
2956,84,1.56000152588,0.106999413914,3.0517578125e-06,8.37805,6.79214e-06,8.37804,0.0
3131,89,1.4800025177,0.0946576561279,1.52587890625e-06,9.10619,7.31194e-06,9.10618,0.0
3306,94,1.43000221252,0.101658971436,3.81469726562e-06,8.21122,3.12085e-06,8.21122,0.0
3480,99,1.53000228882,0.0992266492306,1.52587890625e-06,8.48349,2.49025e-06,8.48348,0.0
3654,104,1.61000236511,0.103671456519,4.57763671875e-06,8.30334,3.10177e-06,8.30334,0.0
3832,109,1.44000114441,0.105173784421,7.62939453125e-06,8.53439,6.16044e-06,8.53438,0.0
4007,114,1.52000221252,0.0984455804534,3.0517578125e-06,8.00625,2.52364e-06,8.00624,0.0
4181,119,1.52000213623,0.0906820618841,3.81469726562e-06,8.20312,1.70349e-06,8.20312,0.0
4357,124,1.46000160217,0.0936822102195,6.103515625e-06,8.58564,2.44732e-06,8.58564,0.0
4532,129,1.35000221252,0.102380297829,3.0517578125e-06,8.27034,4.12204e-06,8.27034,0.0
4718,134,1.50000167847,0.105313415348,5.34057617187e-06,8.71488,1.27315e-06,8.71488,0.0
4902,139,1.45000152588,0.110250928583,2.28881835937e-06,7.90831,9.2506e-07,7.9083,0.0
5079,144,1.40000282288,0.103895614901,3.0517578125e-06,7.80013,2.2554e-06,7.80013,0.0
5255,149,1.37000213623,0.0934948002016,6.86645507813e-06,8.47984,8.84527e-07,8.47984,0.0
5429,154,1.41000228882,0.100925313546,5.34057617187e-06,8.0498,9.59693e-06,8.04979,0.0
5604,159,1.35000144958,0.100023718121,5.34057617187e-06,8.34378,2.29952e-06,8.34378,0.0
5778,164,1.46000160217,0.102727612416,5.34057617187e-06,8.42047,1.03592e-06,8.42047,0.0
5955,169,1.37000205994,0.102383062847,6.86645507813e-06,8.47416,3.30545e-06,8.47416,0.0
6131,174,1.60000167847,0.116360772481,3.0517578125e-06,8.94174,2.32217e-06,8.94174,0.0
6305,179,1.54000175476,0.111978122037,3.0517578125e-06,8.13519,1.34108e-06,8.13519,0.0
6479,184,1.45000183105,0.100180585994,3.0517578125e-06,8.52742,7.89163e-07,8.52741,0.0
6657,189,1.34000205994,0.091947693785,5.34057617187e-06,8.37554,8.83333e-07,8.37554,0.0
6831,194,1.41000236511,0.103370543179,4.57763671875e-06,8.7423,1.75712e-06,8.7423,0.0
7011,199,1.46000236511,0.0960330378382,7.62939453125e-06,7.742,9.87048e-07,7.742,0.0
7199,204,1.46000213623,0.0996925794725,4.57763671875e-06,8.01561,1.73686e-06,8.0156,0.0
7385,209,1.40000175476,0.0938514727291,6.103515625e-06,8.36749,9.33406e-07,8.36748,0.0
7559,214,1.4200012207,0.10198888044,3.81469726562e-06,7.75457,8.17773e-07,7.75457,0.0
7735,219,1.38000213623,0.0918929449952,5.34057617187e-06,8.66871,3.86211e-06,8.66871,0.0
7909,224,1.30000259399,0.0925966749509,3.0517578125e-06,9.16257,8.85721e-07,9.16257,0.0
8089,229,1.30000183105,0.0978790904558,2.28881835937e-06,7.62271,1.26361e-06,7.62271,0.0
8277,234,1.2700025177,0.087661825607,4.57763671875e-06,7.94302,9.8943e-07,7.94302,0.0
8460,239,1.26000236511,0.0905007996532,2.28881835937e-06,8.04559,5.92469e-07,8.04559,0.0
8502,240,1.30000236511,0.086414330598,3.0517578125e-06,7.93759,1.95737e-06,7.93759,0.0
8541,241,1.26000190735,0.0864883198814,1.52587890625e-06,7.77269,1.21709e-06,7.77269,0.0
8585,242,1.24000228882,0.0838592541614,4.57763671875e-06,7.82213,4.41074e-07,7.82213,0.0
8624,243,1.27000205994,0.0855233193047,3.81469726562e-06,7.61519,7.80819e-07,7.61519,0.0
8663,244,1.28000228882,0.086088217037,4.57763671875e-06,7.40464,4.35113e-07,7.40464,0.0
8710,245,1.25000205994,0.093121079344,6.103515625e-06,8.03271,7.37903e-07,8.03271,0.0
8748,246,1.27000205994,0.0874248480971,7.62939453125e-07,7.60173,4.91141e-07,7.60173,0.0
8792,247,1.24000213623,0.0966486965455,6.86645507813e-06,7.92291,4.32729e-07,7.92291,0.0
8830,248,1.27000320435,0.0913624680172,5.34057617187e-06,8.50361,4.19616e-07,8.50361,0.0
8872,249,1.25000228882,0.090648319543,4.57763671875e-06,8.02942,7.40287e-07,8.02941,0.0
